subject,condition,named,afc,whichItem,trial
1,3,0,1,170,1
1,2,0,1,100,2
1,4,0,1,157,3
1,1,0,1,125,4
1,4,0,0,133,5
1,3,0,1,177,6
1,2,0,1,30,7
1,1,0,1,188,8
1,1,1,1,186,9
1,2,1,1,124,10
1,3,0,0,172,11
1,2,1,0,69,12
1,4,1,0,33,13
1,3,0,0,179,14
1,4,1,1,192,15
1,1,0,0,111,16
1,3,1,0,23,17
1,2,1,1,97,18
1,2,1,0,32,19
1,1,1,0,176,20
1,4,0,1,161,21
1,3,0,0,119,22
1,1,0,1,174,23
1,4,1,1,15,24
1,1,0,0,154,25
1,3,0,1,53,26
1,3,1,0,7,27
1,2,0,0,151,28
1,2,1,0,122,29
1,4,0,1,145,30
1,1,0,1,131,31
1,4,0,1,163,32
1,3,0,0,72,33
1,3,1,0,123,34
1,2,1,1,44,35
1,4,1,1,74,36
1,1,0,1,86,37
1,4,0,0,107,38
1,1,1,0,99,39
1,2,0,1,147,40
1,2,0,1,43,41
1,4,1,0,58,42
1,2,0,1,146,43
1,3,1,1,89,44
1,1,0,0,56,45
1,3,0,1,62,46
1,1,0,0,29,47
1,4,1,1,64,48
1,2,0,0,85,49
1,1,0,0,137,50
1,4,0,0,103,51
1,1,0,0,16,52
1,4,1,1,126,53
1,3,0,1,187,54
1,3,0,1,60,55
1,2,1,1,79,56
1,4,1,0,11,57
1,2,1,1,25,58
1,1,0,0,28,59
1,4,1,1,167,60
1,3,1,1,191,61
1,2,1,1,59,62
1,1,0,0,13,63
1,3,0,0,2,64
1,2,0,1,141,65
1,3,1,0,153,66
1,1,0,1,129,67
1,1,0,0,139,68
1,4,1,1,104,69
1,3,1,1,102,70
1,2,1,1,189,71
1,4,0,1,6,72
1,2,0,1,155,73
1,2,1,0,19,74
1,4,0,0,3,75
1,1,0,1,166,76
1,3,0,0,110,77
1,4,0,1,1,78
1,3,1,1,8,79
1,1,0,0,14,80
1,4,1,1,37,81
1,2,0,1,181,82
1,4,1,1,81,83
1,1,0,1,80,84
1,3,0,0,128,85
1,2,0,0,68,86
1,1,0,1,162,87
1,3,0,1,88,88
1,1,0,0,50,89
1,1,0,0,159,90
1,3,0,0,143,91
1,3,0,1,40,92
1,4,1,1,112,93
1,2,0,0,73,94
1,4,1,1,96,95
1,2,0,1,184,96
2,2,0,1,179,1
2,1,0,1,124,2
2,4,1,1,186,3
2,3,1,1,192,4
2,1,0,0,69,5
2,2,0,0,172,6
2,3,0,1,33,7
2,4,0,1,111,8
2,2,1,0,177,9
2,3,1,1,157,10
2,1,0,1,100,11
2,1,0,0,30,12
2,4,0,1,125,13
2,2,0,1,170,14
2,3,0,1,133,15
2,4,0,1,188,16
2,2,1,1,7,17
2,1,1,0,151,18
2,3,1,0,145,19
2,2,0,0,53,20
2,4,1,1,131,21
2,1,1,1,122,22
2,3,0,1,163,23
2,4,0,1,154,24
2,1,1,1,97,25
2,4,1,1,176,26
2,2,0,1,23,27
2,3,0,0,15,28
2,3,0,1,161,29
2,4,0,1,174,30
2,2,0,1,119,31
2,1,1,1,32,32
2,1,0,0,146,33
2,1,1,1,43,34
2,3,0,0,58,35
2,4,0,1,56,36
2,2,1,1,89,37
2,3,0,1,64,38
2,4,0,1,29,39
2,2,1,1,62,40
2,2,0,1,123,41
2,1,0,0,147,42
2,3,1,1,74,43
2,4,0,1,86,44
2,4,0,0,99,45
2,2,0,1,72,46
2,1,0,1,44,47
2,3,0,1,107,48
2,4,1,0,13,49
2,4,0,0,28,50
2,3,0,0,167,51
2,3,1,1,11,52
2,1,0,1,25,53
2,2,0,1,191,54
2,1,0,1,59,55
2,2,0,1,2,56
2,4,1,1,16,57
2,3,0,1,103,58
2,3,0,1,126,59
2,1,0,0,85,60
2,2,0,0,187,61
2,1,0,0,79,62
2,2,0,0,60,63
2,4,1,0,137,64
2,3,0,0,3,65
2,3,0,1,1,66
2,2,0,0,110,67
2,4,1,1,166,68
2,1,0,0,155,69
2,1,0,0,19,70
2,2,0,1,8,71
2,4,1,1,14,72
2,3,0,1,104,73
2,4,0,1,129,74
2,1,0,1,141,75
2,2,0,0,153,76
2,4,1,1,139,77
2,2,0,1,102,78
2,1,0,0,189,79
2,3,1,1,6,80
2,3,1,1,96,81
2,1,0,0,73,82
2,4,0,1,159,83
2,3,1,1,112,84
2,2,0,0,40,85
2,4,1,1,50,86
2,1,0,0,184,87
2,2,1,1,143,88
2,2,0,0,128,89
2,4,0,0,80,90
2,2,0,1,88,91
2,3,0,1,81,92
2,1,0,0,68,93
2,1,0,0,181,94
2,4,0,0,162,95
2,3,1,1,37,96
3,4,0,1,179,1
3,2,1,1,186,2
3,2,0,1,111,3
3,1,0,0,33,4
3,4,0,1,172,5
3,3,0,1,124,6
3,3,0,1,69,7
3,1,1,1,192,8
3,1,0,0,133,9
3,3,0,1,100,10
3,4,0,0,170,11
3,2,0,1,125,12
3,1,0,0,157,13
3,2,0,1,188,14
3,3,0,0,30,15
3,4,0,1,177,16
3,4,1,1,7,17
3,3,1,1,122,18
3,2,0,1,131,19
3,1,0,0,145,20
3,1,0,1,163,21
3,4,0,0,53,22
3,2,0,0,154,23
3,3,1,1,151,24
3,4,0,0,119,25
3,1,0,0,161,26
3,4,1,1,23,27
3,2,1,1,176,28
3,2,0,1,174,29
3,1,0,0,15,30
3,3,1,0,32,31
3,3,1,1,97,32
3,4,1,1,89,33
3,2,1,1,29,34
3,1,0,0,58,35
3,3,1,1,43,36
3,3,0,1,146,37
3,1,0,1,64,38
3,4,0,1,62,39
3,2,0,1,56,40
3,3,0,1,147,41
3,1,0,0,107,42
3,3,0,1,44,43
3,4,1,1,72,44
3,2,0,1,99,45
3,1,0,0,74,46
3,4,0,1,123,47
3,2,0,1,86,48
3,3,0,0,59,49
3,3,1,0,25,50
3,2,1,1,28,51
3,1,0,0,167,52
3,1,0,1,11,53
3,4,1,1,2,54
3,2,1,1,13,55
3,4,0,1,191,56
3,1,1,0,103,57
3,1,0,1,126,58
3,4,0,1,187,59
3,4,0,1,60,60
3,3,0,1,85,61
3,3,1,1,79,62
3,2,1,1,16,63
3,2,0,1,137,64
3,1,0,1,3,65
3,1,0,0,1,66
3,4,1,1,8,67
3,3,0,0,155,68
3,2,0,1,14,69
3,3,0,1,19,70
3,2,0,0,166,71
3,4,0,0,110,72
3,2,0,1,139,73
3,3,0,0,141,74
3,3,1,1,189,75
3,4,1,1,153,76
3,1,0,1,6,77
3,1,0,1,104,78
3,4,0,0,102,79
3,2,0,1,129,80
3,4,1,1,143,81
3,4,0,0,40,82
3,3,0,1,184,83
3,1,0,1,112,84
3,2,1,1,50,85
3,2,0,1,159,86
3,3,0,1,73,87
3,1,0,0,96,88
3,2,0,1,162,89
3,3,0,1,181,90
3,4,0,0,128,91
3,1,0,1,37,92
3,2,0,1,80,93
3,3,1,1,68,94
3,4,1,1,88,95
3,1,0,0,81,96
4,4,1,1,186,1
4,4,0,1,111,2
4,1,1,1,124,3
4,1,1,1,69,4
4,2,0,1,172,5
4,2,1,1,179,6
4,3,1,1,33,7
4,3,1,1,192,8
4,1,1,1,30,9
4,2,0,1,177,10
4,3,1,1,157,11
4,1,1,0,100,12
4,4,0,1,188,13
4,3,1,1,133,14
4,4,1,1,125,15
4,2,1,1,170,16
4,3,0,0,163,17
4,2,0,1,53,18
4,1,1,0,122,19
4,1,1,0,151,20
4,4,1,1,154,21
4,2,1,1,7,22
4,3,0,0,145,23
4,4,1,1,131,24
4,3,1,1,15,25
4,1,1,1,97,26
4,4,0,1,174,27
4,2,0,1,119,28
4,1,1,1,32,29
4,3,0,1,161,30
4,2,1,1,23,31
4,4,1,1,176,32
4,2,1,1,89,33
4,2,1,1,62,34
4,4,1,1,29,35
4,4,1,1,56,36
4,3,0,0,58,37
4,1,0,1,146,38
4,1,0,1,43,39
4,3,0,1,64,40
4,4,0,1,86,41
4,3,1,0,107,42
4,2,1,1,72,43
4,2,1,1,123,44
4,1,1,1,44,45
4,4,1,1,99,46
4,1,1,0,147,47
4,3,1,1,74,48
4,2,1,1,191,49
4,1,1,0,25,50
4,3,0,1,167,51
4,1,0,0,59,52
4,2,1,1,2,53
4,4,1,1,13,54
4,3,1,1,11,55
4,4,0,0,28,56
4,2,0,0,187,57
4,1,1,0,79,58
4,4,1,1,137,59
4,3,0,1,126,60
4,4,1,1,16,61
4,2,1,1,60,62
4,1,0,1,85,63
4,3,1,1,103,64
4,4,1,1,14,65
4,1,0,0,155,66
4,2,0,0,110,67
4,4,0,1,166,68
4,3,1,1,3,69
4,2,1,1,8,70
4,3,1,1,1,71
4,1,0,1,19,72
4,3,0,1,6,73
4,2,1,1,153,74
4,4,1,1,129,75
4,3,1,1,104,76
4,2,1,0,102,77
4,4,1,1,139,78
4,1,0,1,141,79
4,1,0,1,189,80
4,4,1,1,50,81
4,1,0,1,73,82
4,4,1,1,159,83
4,2,0,1,40,84
4,3,1,1,112,85
4,2,1,1,143,86
4,3,1,0,96,87
4,1,0,0,184,88
4,3,1,1,81,89
4,1,1,0,68,90
4,1,1,1,181,91
4,2,0,1,128,92
4,4,0,1,80,93
4,4,0,0,162,94
4,2,1,1,88,95
4,3,1,1,37,96
5,3,1,1,69,1
5,1,1,1,192,2
5,2,1,1,186,3
5,4,1,1,179,4
5,1,0,0,33,5
5,2,0,0,111,6
5,4,1,1,172,7
5,3,1,1,124,8
5,4,1,1,170,9
5,3,1,1,30,10
5,2,0,1,188,11
5,1,0,0,133,12
5,1,1,0,157,13
5,4,1,1,177,14
5,2,1,1,125,15
5,3,1,1,100,16
5,2,1,1,154,17
5,4,0,1,53,18
5,2,1,1,131,19
5,4,1,1,7,20
5,3,1,0,122,21
5,1,1,1,163,22
5,1,0,1,145,23
5,3,1,1,151,24
5,4,1,1,23,25
5,1,1,1,161,26
5,2,1,1,176,27
5,1,1,1,15,28
5,4,1,0,119,29
5,3,1,1,32,30
5,3,1,1,97,31
5,2,0,1,174,32
5,1,0,0,58,33
5,2,0,0,56,34
5,2,1,1,29,35
5,4,1,1,62,36
5,4,1,1,89,37
5,3,0,0,146,38
5,1,0,1,64,39
5,3,0,1,43,40
5,2,0,1,86,41
5,3,0,0,147,42
5,2,1,1,99,43
5,1,1,0,74,44
5,1,1,1,107,45
5,3,0,1,44,46
5,4,1,1,123,47
5,4,0,1,72,48
5,2,1,1,13,49
5,3,0,1,59,50
5,3,1,1,25,51
5,4,0,0,191,52
5,4,1,1,2,53
5,1,0,0,167,54
5,1,1,1,11,55
5,2,1,1,28,56
5,4,1,0,60,57
5,1,0,0,126,58
5,2,1,1,16,59
5,3,0,1,85,60
5,3,1,1,79,61
5,2,0,1,137,62
5,1,1,1,103,63
5,4,1,1,187,64
5,1,0,0,3,65
5,2,1,1,14,66
5,4,1,1,8,67
5,4,0,0,110,68
5,3,1,1,19,69
5,1,0,1,1,70
5,3,1,0,155,71
5,2,0,1,166,72
5,4,1,1,153,73
5,2,1,1,139,74
5,2,1,1,129,75
5,1,0,1,6,76
5,1,1,1,104,77
5,3,0,1,189,78
5,3,0,1,141,79
5,4,1,1,102,80
5,2,1,1,50,81
5,3,0,0,73,82
5,1,1,1,96,83
5,2,0,1,159,84
5,1,1,0,112,85
5,4,1,1,40,86
5,4,0,1,143,87
5,3,0,1,184,88
5,2,1,1,80,89
5,3,1,1,181,90
5,1,1,0,81,91
5,4,0,1,88,92
5,2,1,1,162,93
5,4,1,1,128,94
5,3,1,1,68,95
5,1,1,1,37,96
6,4,1,1,192,1
6,1,0,0,111,2
6,4,1,0,33,3
6,1,0,1,186,4
6,2,1,1,69,5
6,3,0,0,179,6
6,2,0,1,124,7
6,3,1,1,172,8
6,2,1,1,30,9
6,4,1,1,133,10
6,4,1,1,157,11
6,3,0,1,177,12
6,1,0,1,188,13
6,1,1,0,125,14
6,3,1,0,170,15
6,2,1,1,100,16
6,3,1,1,7,17
6,3,0,1,53,18
6,4,1,1,163,19
6,1,1,1,131,20
6,2,1,1,122,21
6,2,0,0,151,22
6,1,0,1,154,23
6,4,1,1,145,24
6,2,1,1,32,25
6,4,1,1,161,26
6,1,0,1,174,27
6,1,0,1,176,28
6,2,1,1,97,29
6,3,1,0,119,30
6,4,1,1,15,31
6,3,1,1,23,32
6,1,0,1,56,33
6,2,1,1,43,34
6,3,1,1,89,35
6,1,0,0,29,36
6,3,0,1,62,37
6,4,0,0,58,38
6,2,1,1,146,39
6,4,0,1,64,40
6,2,0,1,44,41
6,3,1,1,72,42
6,4,1,1,107,43
6,4,1,1,74,44
6,1,1,1,99,45
6,1,0,0,86,46
6,3,1,1,123,47
6,2,0,1,147,48
6,4,1,1,11,49
6,3,0,0,191,50
6,2,0,0,59,51
6,2,1,1,25,52
6,3,0,1,2,53
6,4,0,1,167,54
6,1,1,0,13,55
6,1,0,0,28,56
6,1,0,1,137,57
6,4,0,1,126,58
6,4,1,1,103,59
6,2,0,1,85,60
6,1,1,0,16,61
6,3,1,1,187,62
6,2,1,1,79,63
6,3,1,1,60,64
6,4,0,1,3,65
6,1,0,0,14,66
6,3,0,1,110,67
6,2,0,0,155,68
6,3,1,1,8,69
6,4,1,1,1,70
6,1,0,1,166,71
6,2,1,1,19,72
6,1,1,1,129,73
6,4,1,1,6,74
6,2,0,1,141,75
6,3,0,0,153,76
6,1,0,1,139,77
6,2,1,1,189,78
6,3,0,0,102,79
6,4,0,0,104,80
6,2,0,0,73,81
6,3,0,0,40,82
6,1,0,0,159,83
6,3,0,1,143,84
6,4,1,1,96,85
6,2,0,1,184,86
6,4,1,1,112,87
6,1,0,1,50,88
6,3,0,1,128,89
6,2,1,1,181,90
6,4,1,1,81,91
6,4,1,1,37,92
6,3,0,1,88,93
6,2,1,1,68,94
6,1,0,0,80,95
6,1,0,0,162,96
7,3,1,1,124,1
7,1,1,0,192,2
7,2,0,1,111,3
7,1,1,0,33,4
7,4,1,1,172,5
7,3,1,1,69,6
7,2,1,1,186,7
7,4,1,0,179,8
7,1,0,1,133,9
7,2,1,0,125,10
7,2,1,1,188,11
7,3,1,1,30,12
7,4,1,1,170,13
7,1,0,0,157,14
7,3,1,0,100,15
7,4,0,1,177,16
7,3,1,1,151,17
7,4,0,0,53,18
7,1,0,1,145,19
7,3,1,1,122,20
7,2,1,0,154,21
7,2,1,0,131,22
7,4,1,1,7,23
7,1,0,1,163,24
7,2,1,1,176,25
7,1,1,0,15,26
7,4,1,1,119,27
7,3,1,1,32,28
7,4,1,0,23,29
7,1,0,1,161,30
7,3,1,1,97,31
7,2,0,1,174,32
7,3,0,1,43,33
7,4,1,0,62,34
7,3,0,0,146,35
7,1,0,0,58,36
7,2,0,0,56,37
7,2,1,1,29,38
7,4,1,1,89,39
7,1,0,0,64,40
7,1,0,1,107,41
7,2,0,1,86,42
7,4,1,1,123,43
7,3,0,1,147,44
7,3,0,1,44,45
7,4,1,1,72,46
7,2,1,1,99,47
7,1,1,1,74,48
7,4,1,0,191,49
7,3,1,1,25,50
7,1,0,1,11,51
7,1,0,1,167,52
7,2,0,0,28,53
7,4,1,1,2,54
7,3,1,1,59,55
7,2,0,1,13,56
7,4,1,1,187,57
7,2,0,1,16,58
7,4,0,1,60,59
7,3,0,1,85,60
7,1,0,0,103,61
7,1,0,1,126,62
7,2,0,1,137,63
7,3,1,1,79,64
7,2,0,1,166,65
7,3,0,0,155,66
7,1,0,0,3,67
7,4,0,1,110,68
7,1,0,0,1,69
7,3,0,1,19,70
7,4,1,1,8,71
7,2,0,1,14,72
7,1,1,1,6,73
7,4,1,1,153,74
7,4,1,1,102,75
7,2,1,1,129,76
7,1,1,0,104,77
7,2,0,1,139,78
7,3,0,1,189,79
7,3,1,1,141,80
7,1,0,0,96,81
7,4,1,1,143,82
7,2,1,1,50,83
7,1,1,0,112,84
7,2,0,1,159,85
7,3,0,1,184,86
7,4,0,1,40,87
7,3,0,1,73,88
7,3,1,1,68,89
7,4,1,1,128,90
7,1,1,0,37,91
7,2,0,1,80,92
7,1,1,1,81,93
7,4,0,1,88,94
7,3,1,1,181,95
7,2,0,1,162,96
8,2,0,0,172,1
8,4,0,1,111,2
8,1,1,0,69,3
8,1,1,1,124,4
8,4,1,1,186,5
8,3,0,1,33,6
8,2,1,1,179,7
8,3,1,0,192,8
8,1,1,1,100,9
8,4,1,1,125,10
8,1,1,0,30,11
8,2,1,1,177,12
8,4,1,1,188,13
8,3,0,1,157,14
8,2,1,1,170,15
8,3,1,1,133,16
8,1,1,0,122,17
8,4,1,0,154,18
8,4,1,1,131,19
8,1,1,0,151,20
8,2,1,1,7,21
8,3,0,0,163,22
8,3,0,1,145,23
8,2,0,0,53,24
8,3,0,1,161,25
8,2,1,0,119,26
8,1,1,0,97,27
8,3,1,1,15,28
8,1,1,1,32,29
8,4,1,1,176,30
8,2,1,1,23,31
8,4,0,1,174,32
8,2,1,1,89,33
8,3,0,1,64,34
8,4,1,1,56,35
8,3,1,0,58,36
8,2,1,1,62,37
8,4,1,1,29,38
8,1,0,0,146,39
8,1,0,1,43,40
8,1,0,1,147,41
8,4,0,1,99,42
8,4,0,1,86,43
8,3,1,1,107,44
8,3,1,1,74,45
8,1,0,1,44,46
8,2,0,1,72,47
8,2,1,1,123,48
8,1,1,0,25,49
8,2,0,1,2,50
8,4,1,1,13,51
8,2,0,0,191,52
8,3,1,0,167,53
8,4,1,1,28,54
8,3,0,1,11,55
8,1,1,1,59,56
8,1,1,0,79,57
8,3,0,1,103,58
8,1,0,0,85,59
8,2,0,0,187,60
8,4,1,1,137,61
8,3,0,0,126,62
8,2,1,1,60,63
8,4,1,1,16,64
8,1,0,0,19,65
8,3,0,0,1,66
8,3,0,1,3,67
8,4,1,1,14,68
8,1,0,0,155,69
8,4,0,1,166,70
8,2,0,0,110,71
8,2,0,1,8,72
8,1,1,1,189,73
8,3,1,1,104,74
8,3,0,1,6,75
8,4,1,1,139,76
8,2,0,1,153,77
8,4,1,1,129,78
8,2,0,1,102,79
8,1,0,1,141,80
8,4,1,1,50,81
8,3,1,1,112,82
8,3,1,1,96,83
8,2,0,1,143,84
8,2,0,1,40,85
8,4,0,1,159,86
8,1,0,1,184,87
8,1,0,0,73,88
8,4,0,1,162,89
8,1,0,1,181,90
8,3,1,1,37,91
8,4,1,1,80,92
8,2,0,1,128,93
8,2,1,1,88,94
8,3,1,1,81,95
8,1,1,0,68,96
9,3,0,0,172,1
9,2,1,1,69,2
9,2,1,1,124,3
9,4,1,1,192,4
9,3,1,1,179,5
9,1,0,0,111,6
9,1,0,0,186,7
9,4,1,1,33,8
9,3,1,1,170,9
9,4,0,0,157,10
9,1,0,1,188,11
9,4,0,1,133,12
9,3,1,1,177,13
9,2,0,1,100,14
9,1,0,0,125,15
9,2,1,1,30,16
9,2,1,1,122,17
9,2,1,1,151,18
9,3,0,1,7,19
9,1,0,1,154,20
9,4,0,0,163,21
9,4,0,0,145,22
9,1,1,1,131,23
9,3,0,0,53,24
9,2,1,1,32,25
9,3,0,1,23,26
9,1,1,1,176,27
9,4,1,1,15,28
9,3,1,1,119,29
9,1,0,1,174,30
9,2,1,1,97,31
9,4,1,1,161,32
9,1,0,0,29,33
9,3,1,1,62,34
9,4,0,1,58,35
9,2,0,1,43,36
9,4,0,1,64,37
9,3,0,1,89,38
9,1,0,1,56,39
9,2,0,1,146,40
9,1,0,0,99,41
9,4,1,1,74,42
9,3,1,1,72,43
9,1,0,0,86,44
9,2,1,1,44,45
9,3,0,1,123,46
9,2,0,1,147,47
9,4,1,1,107,48
9,4,1,1,11,49
9,1,1,1,13,50
9,1,0,0,28,51
9,4,0,0,167,52
9,3,1,1,191,53
9,3,1,1,2,54
9,2,0,1,25,55
9,2,0,0,59,56
9,2,1,1,79,57
9,1,1,1,16,58
9,1,0,1,137,59
9,3,0,0,187,60
9,4,0,1,126,61
9,2,1,1,85,62
9,3,1,1,60,63
9,4,0,1,103,64
9,3,0,1,110,65
9,1,0,1,14,66
9,1,0,0,166,67
9,4,0,1,3,68
9,4,1,1,1,69
9,3,0,1,8,70
9,2,0,0,155,71
9,2,0,1,19,72
9,1,0,1,129,73
9,2,0,1,141,74
9,2,0,1,189,75
9,3,0,1,153,76
9,3,1,1,102,77
9,4,1,1,6,78
9,4,1,1,104,79
9,1,0,1,139,80
9,2,0,1,73,81
9,2,0,1,184,82
9,3,0,0,40,83
9,4,0,1,112,84
9,1,1,1,50,85
9,3,1,1,143,86
9,4,1,1,96,87
9,1,0,1,159,88
9,1,0,0,162,89
9,2,1,1,68,90
9,3,0,1,128,91
9,4,1,1,81,92
9,2,0,1,181,93
9,4,1,1,37,94
9,1,0,1,80,95
9,3,0,1,88,96
10,2,1,1,192,1
10,1,0,0,179,2
10,2,0,1,33,3
10,4,1,1,69,4
10,4,1,1,124,5
10,3,0,0,186,6
10,1,0,0,172,7
10,3,0,1,111,8
10,4,1,1,30,9
10,2,1,1,157,10
10,2,0,1,133,11
10,1,0,1,177,12
10,3,0,1,125,13
10,3,1,0,188,14
10,4,0,1,100,15
10,1,1,0,170,16
10,1,1,0,7,17
10,4,1,0,122,18
10,2,0,1,163,19
10,1,0,0,53,20
10,2,0,0,145,21
10,3,0,1,154,22
10,3,0,1,131,23
10,4,1,1,151,24
10,3,1,1,176,25
10,1,0,0,119,26
10,2,0,1,161,27
10,4,1,1,97,28
10,3,0,1,174,29
10,2,0,1,15,30
10,4,1,1,32,31
10,1,0,1,23,32
10,4,1,0,43,33
10,1,1,0,89,34
10,1,0,0,62,35
10,2,0,1,64,36
10,3,1,1,29,37
10,2,0,0,58,38
10,4,0,1,146,39
10,3,0,1,56,40
10,3,0,1,99,41
10,1,1,0,72,42
10,3,0,1,86,43
10,4,0,0,147,44
10,2,1,1,74,45
10,1,0,0,123,46
10,2,0,1,107,47
10,4,1,1,44,48
10,3,0,1,13,49
10,1,0,0,2,50
10,2,0,1,167,51
10,1,1,0,191,52
10,4,0,0,59,53
10,4,1,1,25,54
10,3,0,0,28,55
10,2,0,1,11,56
10,4,0,1,85,57
10,2,0,1,126,58
10,1,0,0,187,59
10,2,0,1,103,60
10,3,1,1,16,61
10,1,0,1,60,62
10,3,0,0,137,63
10,4,1,1,79,64
10,2,0,1,1,65
10,3,0,1,166,66
10,4,1,0,155,67
10,1,0,1,8,68
10,4,0,1,19,69
10,1,0,0,110,70
10,2,0,0,3,71
10,3,0,1,14,72
10,1,0,0,153,73
10,2,1,1,6,74
10,3,0,1,139,75
10,4,0,1,189,76
10,4,0,0,141,77
10,1,0,0,102,78
10,2,1,1,104,79
10,3,0,1,129,80
10,3,0,0,159,81
10,2,1,1,112,82
10,3,0,1,50,83
10,1,0,0,143,84
10,2,1,0,96,85
10,4,1,1,73,86
10,4,1,1,184,87
10,1,0,1,40,88
10,2,1,1,37,89
10,3,0,0,162,90
10,1,0,1,128,91
10,2,0,1,81,92
10,4,1,1,181,93
10,4,1,1,68,94
10,1,1,1,88,95
10,3,0,0,80,96
11,2,0,1,179,1
11,1,0,1,124,2
11,2,1,0,172,3
11,4,1,1,186,4
11,3,1,1,192,5
11,1,1,1,69,6
11,3,0,1,33,7
11,4,0,1,111,8
11,1,1,1,30,9
11,1,0,1,100,10
11,4,1,1,188,11
11,3,0,1,133,12
11,2,0,0,170,13
11,4,1,1,125,14
11,2,1,1,177,15
11,3,1,1,157,16
11,2,1,1,7,17
11,4,1,1,154,18
11,1,1,0,122,19
11,3,0,1,163,20
11,2,0,0,53,21
11,3,1,1,145,22
11,1,0,1,151,23
11,4,1,1,131,24
11,1,1,1,97,25
11,2,0,1,119,26
11,4,0,1,174,27
11,4,1,1,176,28
11,3,1,1,15,29
11,2,1,1,23,30
11,3,1,1,161,31
11,1,1,1,32,32
11,3,0,1,64,33
11,3,0,0,58,34
11,4,1,1,29,35
11,1,0,1,43,36
11,1,1,1,146,37
11,2,1,1,89,38
11,4,0,1,56,39
11,2,1,1,62,40
11,4,0,1,86,41
11,1,1,1,44,42
11,3,1,1,107,43
11,1,0,1,147,44
11,2,0,1,72,45
11,4,1,1,99,46
11,3,1,1,74,47
11,2,0,1,123,48
11,2,1,1,191,49
11,3,1,1,167,50
11,1,1,0,25,51
11,2,0,0,2,52
11,4,1,1,13,53
11,4,1,0,28,54
11,3,1,1,11,55
11,1,0,1,59,56
11,4,1,1,16,57
11,3,1,1,103,58
11,2,1,1,187,59
11,1,1,0,79,60
11,1,0,0,85,61
11,2,1,1,60,62
11,4,1,1,137,63
11,3,0,1,126,64
11,2,0,1,8,65
11,3,1,1,1,66
11,4,1,1,166,67
11,3,0,1,3,68
11,4,1,1,14,69
11,2,0,0,110,70
11,1,0,1,155,71
11,1,1,1,19,72
11,1,0,0,189,73
11,4,1,1,129,74
11,1,0,0,141,75
11,3,0,0,6,76
11,3,1,1,104,77
11,4,1,1,139,78
11,2,1,1,102,79
11,2,0,0,153,80
11,3,1,1,112,81
11,1,0,1,73,82
11,3,1,1,96,83
11,2,1,1,143,84
11,2,0,0,40,85
11,4,1,1,50,86
11,4,0,1,159,87
11,1,0,1,184,88
11,1,0,1,181,89
11,3,1,1,37,90
11,2,1,1,88,91
11,1,1,1,68,92
11,3,1,1,81,93
11,4,0,1,162,94
11,4,1,1,80,95
11,2,0,0,128,96
12,4,1,1,33,1
12,2,1,1,69,2
12,3,1,0,179,3
12,2,1,1,124,4
12,3,1,1,172,5
12,4,1,1,192,6
12,1,1,0,186,7
12,1,0,1,111,8
12,4,1,1,133,9
12,2,1,1,100,10
12,1,0,0,125,11
12,4,1,1,157,12
12,3,0,0,177,13
12,2,1,1,30,14
12,1,1,1,188,15
12,3,1,1,170,16
12,1,1,0,131,17
12,2,1,1,151,18
12,4,0,1,145,19
12,1,0,0,154,20
12,3,1,1,7,21
12,2,1,0,122,22
12,4,1,1,163,23
12,3,0,1,53,24
12,4,1,1,161,25
12,1,1,1,176,26
12,2,1,1,32,27
12,2,1,1,97,28
12,3,0,1,23,29
12,3,0,1,119,30
12,1,0,1,174,31
12,4,1,1,15,32
12,4,1,1,58,33
12,1,1,0,29,34
12,4,1,1,64,35
12,2,0,1,43,36
12,1,0,1,56,37
12,2,0,1,146,38
12,3,1,1,89,39
12,3,1,1,62,40
12,1,1,1,99,41
12,2,0,1,44,42
12,3,1,1,72,43
12,4,1,1,74,44
12,1,0,1,86,45
12,3,0,1,123,46
12,4,1,1,107,47
12,2,0,1,147,48
12,4,1,1,11,49
12,4,1,1,167,50
12,2,0,0,59,51
12,2,1,1,25,52
12,1,0,0,28,53
12,3,0,0,2,54
12,1,0,0,13,55
12,3,1,1,191,56
12,1,0,1,137,57
12,1,1,0,16,58
12,2,1,1,79,59
12,3,0,0,187,60
12,2,0,1,85,61
12,3,0,1,60,62
12,4,1,1,103,63
12,4,0,1,126,64
12,1,0,1,14,65
12,4,1,1,1,66
12,3,0,1,8,67
12,3,0,1,110,68
12,1,0,1,166,69
12,2,0,1,19,70
12,4,1,1,3,71
12,2,1,0,155,72
12,3,0,0,102,73
12,2,0,0,141,74
12,4,1,1,104,75
12,2,1,1,189,76
12,1,1,0,129,77
12,4,1,1,6,78
12,1,0,1,139,79
12,3,1,1,153,80
12,3,0,0,40,81
12,4,1,1,96,82
12,1,0,0,159,83
12,3,1,1,143,84
12,4,1,1,112,85
12,2,0,1,73,86
12,1,1,1,50,87
12,2,0,1,184,88
12,3,1,1,88,89
12,3,0,1,128,90
12,4,1,1,37,91
12,2,1,1,68,92
12,2,0,1,181,93
12,4,1,1,81,94
12,1,0,0,80,95
12,1,0,0,162,96
13,1,0,1,33,1
13,2,0,1,186,2
13,2,1,1,111,3
13,1,1,1,192,4
13,3,1,0,69,5
13,4,0,0,172,6
13,3,0,0,124,7
13,4,0,0,179,8
13,2,0,0,188,9
13,2,1,1,125,10
13,1,1,1,133,11
13,3,1,1,100,12
13,4,1,1,170,13
13,3,0,1,30,14
13,1,1,1,157,15
13,4,0,1,177,16
13,4,0,0,53,17
13,1,0,1,145,18
13,2,0,1,154,19
13,3,1,1,151,20
13,1,0,1,163,21
13,3,0,0,122,22
13,4,1,1,7,23
13,2,0,1,131,24
13,1,0,1,161,25
13,3,1,1,32,26
13,2,0,1,174,27
13,2,1,1,176,28
13,4,0,1,23,29
13,4,0,1,119,30
13,3,1,1,97,31
13,1,0,0,15,32
13,4,0,1,62,33
13,1,0,0,64,34
13,2,0,1,56,35
13,3,0,1,43,36
13,1,0,0,58,37
13,4,1,1,89,38
13,3,0,1,146,39
13,2,0,1,29,40
13,2,0,0,86,41
13,2,1,1,99,42
13,4,1,1,72,43
13,1,1,1,107,44
13,4,0,1,123,45
13,3,0,1,147,46
13,1,1,0,74,47
13,3,1,1,44,48
13,3,1,1,25,49
13,3,0,1,59,50
13,4,0,0,2,51
13,4,0,0,191,52
13,1,0,1,167,53
13,2,1,1,13,54
13,2,0,1,28,55
13,1,0,1,11,56
13,3,1,1,79,57
13,3,0,1,85,58
13,4,1,1,187,59
13,2,1,1,16,60
13,4,1,1,60,61
13,2,0,0,137,62
13,1,0,0,103,63
13,1,0,0,126,64
13,2,1,1,14,65
13,1,0,1,3,66
13,2,0,1,166,67
13,4,0,0,110,68
13,4,1,1,8,69
13,1,0,0,1,70
13,3,0,1,155,71
13,3,0,1,19,72
13,3,1,1,189,73
13,3,0,1,141,74
13,1,0,1,6,75
13,1,0,1,104,76
13,2,0,1,129,77
13,4,0,0,102,78
13,2,1,1,139,79
13,4,1,1,153,80
13,2,1,1,159,81
13,3,0,1,184,82
13,1,0,1,96,83
13,2,1,1,50,84
13,4,0,0,40,85
13,4,0,1,143,86
13,3,1,1,73,87
13,1,0,0,112,88
13,1,0,1,81,89
13,4,0,1,128,90
13,3,1,1,181,91
13,2,0,1,162,92
13,2,0,1,80,93
13,3,1,1,68,94
13,4,1,1,88,95
13,1,0,0,37,96
14,1,0,0,179,1
14,1,0,0,172,2
14,3,0,0,111,3
14,4,1,0,69,4
14,3,1,1,186,5
14,4,1,1,124,6
14,2,1,1,192,7
14,2,0,1,33,8
14,1,1,1,170,9
14,4,1,1,100,10
14,2,1,1,157,11
14,2,0,1,133,12
14,3,1,1,188,13
14,4,1,1,30,14
14,3,0,1,125,15
14,1,0,1,177,16
14,2,1,1,163,17
14,3,0,1,154,18
14,1,0,0,53,19
14,4,1,1,151,20
14,4,1,1,122,21
14,2,0,1,145,22
14,3,1,1,131,23
14,1,1,1,7,24
14,2,1,0,15,25
14,2,0,1,161,26
14,4,1,1,97,27
14,3,1,1,176,28
14,1,0,1,23,29
14,1,0,1,119,30
14,3,0,1,174,31
14,4,1,1,32,32
14,4,1,1,146,33
14,1,1,0,62,34
14,3,0,1,56,35
14,2,0,1,64,36
14,1,1,1,89,37
14,2,0,0,58,38
14,4,1,1,43,39
14,3,0,1,29,40
14,4,1,1,147,41
14,1,1,0,72,42
14,2,0,0,107,43
14,3,0,1,99,44
14,1,0,0,123,45
14,3,0,1,86,46
14,4,1,1,44,47
14,2,1,1,74,48
14,4,1,1,59,49
14,2,0,1,11,50
14,4,1,1,25,51
14,1,0,0,191,52
14,1,0,1,2,53
14,2,0,1,167,54
14,3,0,1,13,55
14,3,0,1,28,56
14,1,0,1,187,57
14,1,1,1,60,58
14,4,0,1,85,59
14,3,0,0,137,60
14,2,0,1,103,61
14,4,1,0,79,62
14,2,0,0,126,63
14,3,1,1,16,64
14,2,0,1,3,65
14,3,0,1,166,66
14,4,1,1,155,67
14,2,1,1,1,68
14,3,1,1,14,69
14,4,0,1,19,70
14,1,0,0,110,71
14,1,1,1,8,72
14,3,1,1,139,73
14,1,0,0,102,74
14,3,0,1,129,75
14,2,0,1,6,76
14,1,0,0,153,77
14,4,0,0,141,78
14,4,1,1,189,79
14,2,1,1,104,80
14,3,0,0,159,81
14,4,1,1,73,82
14,4,0,1,184,83
14,3,1,1,50,84
14,2,1,1,112,85
14,2,0,1,96,86
14,1,0,0,40,87
14,1,0,1,143,88
14,2,1,1,37,89
14,4,1,1,68,90
14,4,1,1,181,91
14,2,0,0,81,92
14,1,1,1,88,93
14,3,0,1,80,94
14,3,0,1,162,95
14,1,0,1,128,96
15,1,0,1,186,1
15,3,0,1,179,2
15,3,1,1,172,3
15,4,0,1,33,4
15,2,1,1,124,5
15,4,1,1,192,6
15,2,1,1,69,7
15,1,0,0,111,8
15,4,1,1,157,9
15,3,1,1,170,10
15,1,1,0,125,11
15,2,1,1,30,12
15,1,0,0,188,13
15,2,1,1,100,14
15,4,0,1,133,15
15,3,0,1,177,16
15,4,1,0,163,17
15,3,1,1,7,18
15,2,1,1,151,19
15,1,0,0,154,20
15,2,1,1,122,21
15,3,0,0,53,22
15,1,1,1,131,23
15,4,1,1,145,24
15,3,1,1,23,25
15,4,0,0,161,26
15,3,0,0,119,27
15,4,1,1,15,28
15,1,0,1,174,29
15,1,1,0,176,30
15,2,1,1,97,31
15,2,1,1,32,32
15,4,1,1,58,33
15,2,1,1,43,34
15,1,0,1,29,35
15,4,1,1,64,36
15,1,0,1,56,37
15,3,0,1,62,38
15,3,1,1,89,39
15,2,0,0,146,40
15,4,1,0,107,41
15,1,1,1,99,42
15,3,1,1,72,43
15,4,1,1,74,44
15,1,0,0,86,45
15,2,0,1,44,46
15,3,0,0,123,47
15,2,0,1,147,48
15,3,1,1,191,49
15,2,0,0,59,50
15,4,1,1,167,51
15,1,1,1,28,52
15,3,0,1,2,53
15,4,0,1,11,54
15,2,1,1,25,55
15,1,0,0,13,56
15,2,0,1,85,57
15,3,0,0,187,58
15,4,1,1,126,59
15,2,1,1,79,60
15,1,0,0,137,61
15,1,1,0,16,62
15,4,1,1,103,63
15,3,0,1,60,64
15,1,1,1,166,65
15,4,0,1,3,66
15,1,0,1,14,67
15,4,1,1,1,68
15,3,0,0,110,69
15,2,0,0,155,70
15,3,1,1,8,71
15,2,1,1,19,72
15,3,0,0,102,73
15,4,0,0,6,74
15,4,1,1,104,75
15,2,0,0,141,76
15,1,0,0,129,77
15,2,0,1,189,78
15,1,0,0,139,79
15,3,1,1,153,80
15,3,0,0,40,81
15,2,0,1,73,82
15,3,0,1,143,83
15,2,0,1,184,84
15,4,1,1,96,85
15,1,1,1,50,86
15,4,1,1,112,87
15,1,0,0,159,88
15,1,0,0,80,89
15,2,1,1,181,90
15,3,0,1,88,91
15,4,1,1,37,92
15,2,1,1,68,93
15,4,0,1,81,94
15,1,0,0,162,95
15,3,0,1,128,96
16,3,0,1,111,1
16,2,1,0,192,2
16,1,0,0,172,3
16,4,1,0,69,4
16,1,0,1,179,5
16,3,0,0,186,6
16,4,0,0,124,7
16,2,0,0,33,8
16,4,1,1,30,9
16,3,1,1,188,10
16,3,1,0,125,11
16,4,1,1,100,12
16,2,0,0,133,13
16,1,0,0,170,14
16,1,0,0,177,15
16,2,1,1,157,16
16,4,1,1,122,17
16,3,0,1,154,18
16,3,0,0,131,19
16,1,0,1,53,20
16,4,1,1,151,21
16,1,0,1,7,22
16,2,1,0,163,23
16,2,0,0,145,24
16,1,0,0,119,25
16,3,0,0,174,26
16,3,1,1,176,27
16,4,1,1,97,28
16,2,0,0,161,29
16,2,1,1,15,30
16,1,0,1,23,31
16,4,1,1,32,32
16,4,0,0,146,33
16,2,0,1,64,34
16,2,0,0,58,35
16,3,0,0,56,36
16,1,0,1,62,37
16,3,1,0,29,38
16,1,1,0,89,39
16,4,1,1,43,40
16,4,0,0,147,41
16,2,1,1,74,42
16,1,0,1,72,43
16,4,0,1,44,44
16,2,0,0,107,45
16,3,0,0,86,46
16,3,0,0,99,47
16,1,0,0,123,48
16,2,0,1,167,49
16,2,0,1,11,50
16,4,0,1,59,51
16,3,0,1,28,52
16,3,1,0,13,53
16,1,0,1,191,54
16,1,0,0,2,55
16,4,1,1,25,56
16,3,0,0,137,57
16,2,0,0,103,58
16,1,0,1,60,59
16,4,1,0,79,60
16,4,0,0,85,61
16,1,0,0,187,62
16,2,0,1,126,63
16,3,1,1,16,64
16,1,0,1,110,65
16,3,0,1,14,66
16,2,0,0,3,67
16,4,0,1,155,68
16,2,0,0,1,69
16,1,0,0,8,70
16,3,0,1,166,71
16,4,0,1,19,72
16,2,1,1,104,73
16,4,0,1,189,74
16,3,1,1,129,75
16,2,0,1,6,76
16,3,0,1,139,77
16,1,0,1,153,78
16,1,0,1,102,79
16,4,0,0,141,80
16,1,0,1,143,81
16,2,1,1,96,82
16,3,1,1,50,83
16,2,1,1,112,84
16,1,0,1,40,85
16,4,0,0,73,86
16,4,0,1,184,87
16,3,0,1,159,88
16,2,1,1,81,89
16,4,1,1,68,90
16,3,0,0,80,91
16,1,0,1,88,92
16,2,1,1,37,93
16,1,0,1,128,94
16,3,0,1,162,95
16,4,1,1,181,96
17,3,0,0,33,1
17,1,0,1,124,2
17,4,0,0,186,3
17,1,0,1,69,4
17,2,0,0,179,5
17,4,0,1,111,6
17,2,0,0,172,7
17,3,1,1,192,8
17,3,1,1,133,9
17,4,1,1,188,10
17,1,1,0,100,11
17,3,0,1,157,12
17,1,0,1,30,13
17,2,0,1,170,14
17,2,1,1,177,15
17,4,0,1,125,16
17,2,0,0,7,17
17,2,0,1,53,18
17,4,0,1,154,19
17,1,0,1,122,20
17,3,0,0,145,21
17,3,0,1,163,22
17,1,0,1,151,23
17,4,1,1,131,24
17,4,1,1,176,25
17,1,0,1,32,26
17,3,0,0,15,27
17,3,0,1,161,28
17,2,1,1,119,29
17,1,1,0,97,30
17,2,0,1,23,31
17,4,0,0,174,32
17,4,0,0,56,33
17,4,0,1,29,34
17,3,1,0,58,35
17,2,0,0,62,36
17,1,0,0,43,37
17,1,0,1,146,38
17,3,0,1,64,39
17,2,1,1,89,40
17,3,0,1,107,41
17,1,0,1,147,42
17,3,1,1,74,43
17,4,1,1,99,44
17,2,1,1,123,45
17,2,0,0,72,46
17,1,0,0,44,47
17,4,0,0,86,48
17,3,0,0,11,49
17,3,0,0,167,50
17,1,0,0,25,51
17,4,0,1,13,52
17,1,0,1,59,53
17,2,0,1,2,54
17,4,0,0,28,55
17,2,0,1,191,56
17,1,0,1,85,57
17,3,1,1,103,58
17,2,1,1,60,59
17,2,1,1,187,60
17,4,0,0,137,61
17,4,1,1,16,62
17,3,0,0,126,63
17,1,1,0,79,64
17,2,0,1,8,65
17,4,0,1,166,66
17,2,0,0,110,67
17,1,0,1,19,68
17,1,0,0,155,69
17,3,0,0,3,70
17,3,0,0,1,71
17,4,0,0,14,72
17,2,0,1,102,73
17,4,0,1,139,74
17,3,0,1,104,75
17,3,0,0,6,76
17,2,0,0,153,77
17,1,0,1,141,78
17,4,0,0,129,79
17,1,0,1,189,80
17,4,0,1,159,81
17,3,1,1,112,82
17,1,0,0,184,83
17,4,0,1,50,84
17,3,0,0,96,85
17,2,0,0,40,86
17,2,0,1,143,87
17,1,0,0,73,88
17,3,0,0,81,89
17,4,0,1,80,90
17,2,1,1,88,91
17,1,0,0,181,92
17,1,0,1,68,93
17,2,0,0,128,94
17,4,0,0,162,95
17,3,1,1,37,96
18,1,0,0,186,1
18,3,0,1,179,2
18,2,0,1,124,3
18,2,1,1,69,4
18,1,0,1,111,5
18,3,0,1,172,6
18,4,0,0,33,7
18,4,1,1,192,8
18,4,1,1,133,9
18,3,0,0,177,10
18,2,1,1,100,11
18,1,0,1,125,12
18,1,0,1,188,13
18,4,0,1,157,14
18,3,1,1,170,15
18,2,0,1,30,16
18,3,0,0,7,17
18,1,0,1,131,18
18,2,0,0,151,19
18,3,0,1,53,20
18,1,0,1,154,21
18,4,0,1,163,22
18,4,0,1,145,23
18,2,0,0,122,24
18,4,0,1,161,25
18,1,0,1,176,26
18,4,0,1,15,27
18,3,0,0,23,28
18,2,1,1,97,29
18,1,0,0,174,30
18,2,1,1,32,31
18,3,0,1,119,32
18,4,0,1,64,33
18,3,0,1,62,34
18,2,1,1,43,35
18,1,0,0,29,36
18,1,0,0,56,37
18,4,0,0,58,38
18,2,0,1,146,39
18,3,1,1,89,40
18,1,0,0,99,41
18,4,1,1,74,42
18,2,0,1,44,43
18,1,0,1,86,44
18,3,0,1,123,45
18,2,0,0,147,46
18,4,0,0,107,47
18,3,1,1,72,48
18,4,1,0,167,49
18,2,0,0,59,50
18,2,1,1,25,51
18,3,1,1,191,52
18,3,0,1,2,53
18,4,1,1,11,54
18,1,1,1,13,55
18,1,0,0,28,56
18,4,1,1,126,57
18,1,1,0,16,58
18,1,0,1,137,59
18,2,0,1,85,60
18,3,0,1,60,61
18,3,0,1,187,62
18,2,1,1,79,63
18,4,0,1,103,64
18,3,0,0,110,65
18,4,0,1,3,66
18,1,0,1,166,67
18,1,0,0,14,68
18,2,1,1,19,69
18,3,0,1,8,70
18,2,0,0,155,71
18,4,1,1,1,72
18,2,1,1,189,73
18,3,0,0,153,74
18,1,0,1,129,75
18,1,0,0,139,76
18,4,1,1,6,77
18,4,1,1,104,78
18,3,0,1,102,79
18,2,1,1,141,80
18,1,1,0,50,81
18,4,1,1,112,82
18,2,0,1,73,83
18,3,0,0,40,84
18,4,1,1,96,85
18,2,0,1,184,86
18,1,0,1,159,87
18,3,0,1,143,88
18,2,1,1,181,89
18,3,0,1,88,90
18,2,1,1,68,91
18,1,0,1,162,92
18,4,1,1,81,93
18,4,1,1,37,94
18,3,0,0,128,95
18,1,0,1,80,96
19,3,1,1,69,1
19,2,0,1,186,2
19,4,0,1,179,3
19,4,0,1,172,4
19,2,0,1,111,5
19,1,1,1,192,6
19,1,1,0,33,7
19,3,0,0,124,8
19,3,1,1,100,9
19,1,1,0,157,10
19,3,1,1,30,11
19,4,0,1,177,12
19,1,0,0,133,13
19,2,0,0,188,14
19,4,1,1,170,15
19,2,1,1,125,16
19,2,0,1,154,17
19,3,1,1,151,18
19,1,0,0,163,19
19,3,1,1,122,20
19,2,1,1,131,21
19,4,0,0,53,22
19,1,0,0,145,23
19,4,1,1,7,24
19,1,0,1,161,25
19,1,0,1,15,26
19,3,1,1,97,27
19,2,0,1,174,28
19,3,1,1,32,29
19,2,1,1,176,30
19,4,1,1,119,31
19,4,0,1,23,32
19,4,0,1,62,33
19,3,0,1,43,34
19,1,0,1,58,35
19,4,1,1,89,36
19,2,0,1,56,37
19,1,0,1,64,38
19,2,0,1,29,39
19,3,0,0,146,40
19,2,0,1,99,41
19,3,0,1,147,42
19,1,0,1,107,43
19,2,0,0,86,44
19,4,0,1,123,45
19,4,0,1,72,46
19,3,0,1,44,47
19,1,1,0,74,48
19,2,1,1,13,49
19,1,0,1,11,50
19,3,0,0,59,51
19,2,1,1,28,52
19,4,0,0,191,53
19,3,1,1,25,54
19,1,0,0,167,55
19,4,1,1,2,56
19,1,1,0,103,57
19,3,0,0,85,58
19,4,0,1,60,59
19,2,0,0,137,60
19,4,1,1,187,61
19,2,1,1,16,62
19,1,0,0,126,63
19,3,1,0,79,64
19,3,0,1,155,65
19,2,0,1,166,66
19,1,0,0,3,67
19,3,0,1,19,68
19,2,0,1,14,69
19,4,0,0,110,70
19,4,1,1,8,71
19,1,0,0,1,72
19,3,0,1,189,73
19,4,0,0,153,74
19,2,0,1,129,75
19,1,0,1,6,76
19,2,0,1,139,77
19,1,0,1,104,78
19,3,0,1,141,79
19,4,0,1,102,80
19,3,0,1,73,81
19,1,1,1,112,82
19,1,1,1,96,83
19,2,1,1,50,84
19,4,0,0,40,85
19,2,1,1,159,86
19,4,0,1,143,87
19,3,0,1,184,88
19,3,1,1,68,89
19,4,0,0,128,90
19,1,1,0,37,91
19,2,0,0,80,92
19,4,0,1,88,93
19,2,0,0,162,94
19,1,0,0,81,95
19,3,0,1,181,96
20,1,0,0,172,1
20,4,1,1,124,2
20,4,1,0,69,3
20,2,1,1,192,4
20,2,0,1,33,5
20,3,0,0,111,6
20,1,0,0,179,7
20,3,0,0,186,8
20,3,1,1,188,9
20,4,1,1,30,10
20,2,1,1,157,11
20,3,0,0,125,12
20,1,0,1,170,13
20,2,0,1,133,14
20,1,0,0,177,15
20,4,0,0,100,16
20,4,0,0,122,17
20,4,1,1,151,18
20,2,1,1,145,19
20,1,1,1,7,20
20,1,0,0,53,21
20,3,1,0,131,22
20,3,1,1,154,23
20,2,1,1,163,24
20,4,0,1,32,25
20,1,0,0,119,26
20,4,1,1,97,27
20,2,1,0,15,28
20,3,0,0,174,29
20,2,0,1,161,30
20,1,0,1,23,31
20,3,1,1,176,32
20,2,0,0,64,33
20,4,0,0,43,34
20,2,1,1,58,35
20,3,0,0,29,36
20,1,0,0,89,37
20,3,0,0,56,38
20,4,0,1,146,39
20,1,1,1,62,40
20,4,1,1,44,41
20,3,0,0,86,42
20,3,1,0,99,43
20,2,1,0,107,44
20,1,0,0,123,45
20,2,1,1,74,46
20,4,1,1,147,47
20,1,0,0,72,48
20,4,0,0,59,49
20,1,1,0,191,50
20,4,1,1,25,51
20,3,0,0,28,52
20,1,0,0,2,53
20,2,0,0,167,54
20,2,0,1,11,55
20,3,1,1,13,56
20,1,0,1,187,57
20,3,0,1,137,58
20,2,0,1,126,59
20,3,0,0,16,60
20,4,0,0,85,61
20,4,1,1,79,62
20,1,0,1,60,63
20,2,1,0,103,64
20,1,0,0,110,65
20,4,0,1,155,66
20,1,1,1,8,67
20,4,0,1,19,68
20,3,0,1,166,69
20,3,0,0,14,70
20,2,0,0,3,71
20,2,0,1,1,72
20,4,0,1,189,73
20,2,0,0,6,74
20,3,1,0,139,75
20,1,0,1,153,76
20,3,0,1,129,77
20,2,1,0,104,78
20,1,0,0,102,79
20,4,1,0,141,80
20,2,1,1,112,81
20,4,0,0,73,82
20,1,0,0,143,83
20,4,0,1,184,84
20,1,0,1,40,85
20,2,0,1,96,86
20,3,1,1,50,87
20,3,0,1,159,88
20,4,1,1,68,89
20,4,1,0,181,90
20,1,0,0,88,91
20,1,0,1,128,92
20,3,0,0,162,93
20,2,1,1,37,94
20,3,0,0,80,95
20,2,1,1,81,96
