subject,condition,studyResp,studyResp2,rt1,rt2,whichItem,list
1,2,4,4,4.13342829304747,7.56684499583207,100,1
1,1,4,4,50.5013021517079,2.53340136888437,186,1
1,3,8,4,4.22506035352126,3.23341778921895,170,1
1,3,7,7,4.05010326043703,5.27517357491888,179,1
1,3,7,4,5.49181944457814,0,177,1
1,1,6,9,4.68344552838244,6.38349213311449,125,1
1,2,4,4,5.2917930635158,2.6583895215299,69,1
1,2,8,8,5.89181093242951,3.90845607803203,124,1
1,4,4,4,2.92510393960401,0,157,1
1,1,4,9,2.97506291931495,2.78341057500802,188,1
1,4,4,4,3.05007639667019,4.23345189751126,33,1
1,1,9,9,0,2.25833736290224,111,1
1,4,4,4,9.07523442641832,2.75006897118874,133,1
1,4,8,4,7.40024654543959,2.07504879310727,192,1
1,2,8,8,4.15010090614669,2.57507927902043,30,1
1,3,4,4,5.00843078340404,6.95851225079969,172,1
1,1,9,4,2.85015867906623,4.34177407762036,174,2
1,3,7,7,2.45835257600993,0,7,2
1,4,4,4,3.51675380882807,3.53341434826143,145,2
1,1,4,9,6.63349379319698,9.47522742394358,131,2
1,2,8,7,4.60846797050908,2.85840413044207,32,2
1,4,4,4,0,5.58352002338506,15,2
1,2,8,7,4.52511094254442,3.28340997127816,97,2
1,4,4,4,2.93338319798931,1.7917339024134,163,2
1,2,4,4,2.9334082507994,0,122,2
1,3,4,4,0,2.04170779278502,23,2
1,3,7,4,5.1918301298283,3.30007413262501,53,2
1,4,8,4,0,0,161,2
1,2,4,8,2.34175445768051,3.93343390757218,151,2
1,1,9,4,3.43347103428096,5.88350662146695,176,2
1,3,4,4,2.96677732234821,4.13343282067217,119,2
1,1,9,4,5.51686700014398,2.73341114842333,154,2
1,1,9,4,0,2.36671447870322,86,3
1,1,9,9,6.47519271192141,7.25017431448214,29,3
1,3,4,4,3.19174742465839,3.5084223318845,123,3
1,2,4,4,3.41675314470194,0,43,3
1,2,8,8,18.2254479201511,3.80009737471119,146,3
1,4,4,4,4.63346813665703,2.90007509849966,64,3
1,3,4,4,4.75847198511474,2.56675444287248,72,3
1,2,8,8,2.2167436669115,4.62515869410709,147,3
1,3,7,4,2.69174138782546,4.71675030747429,62,3
1,1,4,9,5.38347613532096,2.08337362948805,99,3
1,4,4,8,5.13349892455153,2.9917439839337,107,3
1,1,9,4,6.60851988755167,8.23353762086481,56,3
1,4,8,8,3.40008415398188,2.74174081441015,58,3
1,4,8,8,0,2.71676207939163,74,3
1,2,8,8,3.04176484118216,0,44,3
1,3,4,4,0,0,89,3
1,3,4,4,3.25008195033297,4.87511960556731,2,4
1,1,4,9,3.36675069993362,3.01674626278691,13,4
1,2,8,8,3.31673316285014,3.05843141721562,79,4
1,3,4,4,0,0,187,4
1,1,9,4,5.87513590487652,2.64173381170258,137,4
1,3,8,4,1.93340553436428,4.92511118389666,191,4
1,2,4,4,5.03353599086404,11.8169661858119,85,4
1,4,4,4,3.7417866946198,4.34177226666361,11,4
1,1,9,9,3.71676238114014,2.48336058971472,28,4
1,2,4,4,4.81682009366341,2.29170281230472,59,4
1,4,4,4,7.04184301872738,3.35008744406514,167,4
1,1,4,9,1.95838276017457,6.03348467755131,16,4
1,3,4,4,7.15021741762757,4.32506645075046,60,4
1,4,4,4,3.22508842498064,2.28339608665556,103,4
1,4,4,8,2.75841101258993,0,126,4
1,2,8,8,4.41675646509975,2.20838592969812,25,4
1,4,0,8,0,2.15000431635417,6,5
1,2,4,4,0,5.5751378366258,19,5
1,4,4,4,6.23348087444901,8.19182348926552,1,5
1,1,9,9,4.43347405269742,2.25004301266745,139,5
1,4,8,4,3.82505135866813,2.85842133569531,3,5
1,3,4,4,1.95841867942363,2.30006719031371,110,5
1,3,4,4,7.85860123438761,3.26674520620145,153,5
1,2,8,8,5.48346532951109,1.79171277326532,189,5
1,3,4,4,4.40837367484346,3.8917677688878,102,5
1,4,4,4,1.75004663481377,4.80847986321896,104,5
1,3,4,4,2.55004862695932,0,8,5
1,2,4,8,0,0,141,5
1,2,4,4,3.10841001663357,0,155,5
1,1,4,4,2.58339958800934,7.35854841163382,166,5
1,1,9,9,3.8334335454274,2.76676210947335,129,5
1,1,9,4,2.61673183459789,2.06670976988971,14,5
1,3,4,4,3.216751514934,4.66676265280694,143,6
1,4,8,4,0,2.36672745784745,81,6
1,2,8,8,2.70835695252754,3.90843193046749,68,6
1,2,8,8,3.03340831119567,7.71685927291401,73,6
1,3,4,4,3.63342829304747,3.03339412459172,128,6
1,3,4,8,3.31675610295497,4.20015134429559,40,6
1,2,8,8,1.60837862477638,3.99176601856016,181,6
1,4,4,4,2.23336375900544,2.28339669038542,112,6
1,2,4,4,5.00010202312842,6.54182400251739,184,6
1,4,8,8,0,2.9167413727846,96,6
1,1,9,9,2.65842393157072,0,162,6
1,1,9,4,4.70845927740447,3.24174322909676,50,6
1,1,9,4,2.33340004063211,2.52509796316735,80,6
1,1,4,4,3.44172644661739,2.22505612764508,159,6
1,4,4,4,2.76675516716205,4.10843989928253,37,6
1,3,4,4,3.66667662747204,2.22505220375024,88,6
2,3,8,8,7.88352925982326,0,33,1
2,4,8,8,8.91689018160105,2.90838272986002,188,1
2,4,8,8,8.82522371131927,0,111,1
2,1,9,4,0,0,124,1
2,3,8,8,9.70858967350796,0,192,1
2,2,8,8,5.20012840419076,2.67506726575084,179,1
2,3,1,8,10.5419205923099,3.38340097642504,133,1
2,4,1,8,5.10844110650942,2.45839785225689,186,1
2,1,9,4,0,3.5000814977102,100,1
2,2,1,1,10.7169809155166,4.35011340258643,177,1
2,1,9,4,0,2.94173278543167,69,1
2,2,1,1,7.2918824092485,2.55842628609389,172,1
2,2,1,1,3.64176761824638,2.75007621548139,170,1
2,1,1,9,3.47509219800122,2.46671001147479,30,1
2,3,8,8,12.6503215534613,2.42505866312422,157,1
2,4,7,7,6.51683923043311,2.50839818431996,125,1
2,3,8,8,4.00009870273061,0,145,2
2,3,8,8,2.62506210431457,4.10010661114939,163,2
2,1,9,4,2.25005870847963,0,32,2
2,1,4,4,6.04182309680618,0,151,2
2,4,1,1,2.45839181542397,1.2250935563352,131,2
2,1,4,4,2.70003060693853,2.25844119698741,122,2
2,2,8,8,6.23350290884264,1.90838574850932,23,2
2,2,8,8,3.5667755715549,2.85841922275722,7,2
2,4,7,7,6.68349533271976,2.65006860904396,174,2
2,2,8,8,3.65840944321826,1.75003788131289,53,2
2,3,7,8,4.67512733256444,2.7834069528617,15,2
2,4,1,8,3.01676859916188,2.4000630248338,176,2
2,4,1,1,2.72507182345726,1.43335059890524,154,2
2,3,1,8,0,2.5167429423891,161,2
2,2,1,1,3.75009010033682,1.92505021183752,119,2
2,1,4,9,5.67514997092076,2.10838979319669,97,2
2,2,8,8,3.55010839202441,3.15841065044515,123,3
2,4,8,8,5.58347384119406,2.49173160805367,56,3
2,2,8,8,0,2.32505769724958,62,3
2,3,1,8,3.26675607264042,3.48342126025818,64,3
2,1,4,9,3.42509096045978,2.95007693977095,43,3
2,1,4,9,3.25841493648477,2.8750824786257,146,3
2,4,8,8,3.16674363682978,1.59177573770285,29,3
2,2,8,8,2.64170242007822,2.42506771860644,72,3
2,3,8,8,1.90843102475628,3.59175913641229,107,3
2,1,9,4,2.91674167476594,6.23349928669631,44,3
2,1,9,4,1.87504806858487,3.91676642582752,147,3
2,2,1,1,5.15013320348226,1.95838336390443,89,3
2,3,8,8,3.48338383180089,1.79171820636839,58,3
2,3,8,8,7.09179596113972,2.5750210233964,74,3
2,4,8,8,6.30848861648701,0,86,3
2,4,1,1,1.75842851959169,2.32507097860798,99,3
2,1,9,9,5.72512857010588,3.0334098204039,25,4
2,4,1,1,4.0751263666898,1.67506545479409,28,4
2,1,9,9,1.5000670091249,4.15010392479599,59,4
2,1,9,9,1.58343037590384,3.07496457872912,79,4
2,1,9,4,3.45012282021344,3.6250953071285,85,4
2,3,8,8,1.55837527429685,6.50848300219513,126,4
2,3,1,1,2.6917416898068,0.908324776217341,103,4
2,4,8,8,2.1834370768629,2.21675332589075,16,4
2,3,8,8,2.28340001055039,1.59163145674393,167,4
2,4,1,1,2.05836199317127,1.56667203945108,13,4
2,2,1,1,2.14176278864034,3.06675082049333,2,4
2,4,8,8,5.933479787549,2.36676579201594,137,4
2,2,8,8,4.34177377563901,0,60,4
2,2,8,8,1.75006263237447,7.19186484185047,187,4
2,3,1,1,5.03346445388161,0,11,4
2,2,1,1,0,0,191,4
2,3,1,1,4.53344392869622,2.67506364360452,104,5
2,2,1,1,3.25841523846611,2.11672941991128,8,5
2,2,1,1,2.56674780207686,0,110,5
2,4,8,8,7.06683865678497,4.46678154822439,166,5
2,2,8,8,2.96673627174459,3.59176336228848,153,5
2,4,1,1,1.4833738708403,0,139,5
2,1,4,4,2.6167623209767,2.29172213049605,141,5
2,2,1,1,3.00007666810416,5.03352029505186,102,5
2,3,8,8,3.5917977723293,0,6,5
2,3,8,8,0,2.43339708261192,3,5
2,4,8,8,0,1.38337381067686,14,5
2,4,1,1,3.04174371203408,2.56671309005469,129,5
2,1,4,9,3.0834524105303,2.10840096138418,19,5
2,3,1,1,5.97513204137795,2.46673596999608,1,5
2,1,9,9,3.07508773077279,3.81675972486846,155,5
2,1,4,9,3.16674786270596,10.8586202503648,189,5
2,3,1,8,2.15006589237601,1.94171648588963,37,6
2,3,8,8,3.61675658565946,2.03338838974014,96,6
2,1,9,4,2.02510128356516,1.7500472383108,68,6
2,2,8,8,1.96673989389092,2.45005611260422,40,6
2,4,7,7,0,2.57506841281429,159,6
2,1,9,9,0,0,181,6
2,2,1,1,2.46669854130596,1.92504689143971,88,6
2,4,1,1,2.76673464174382,3.30839836527593,50,6
2,1,9,9,1.85005061910488,0,184,6
2,3,8,8,1.4084014443215,3.15842091315426,81,6
2,1,4,4,1.70005052862689,1.4500389075838,73,6
2,3,1,1,2.433429681696,2.40004068845883,112,6
2,4,1,1,1.59173680003732,2.5833947584033,162,6
2,2,8,8,1.50004557846114,1.35001319041476,143,6
2,4,7,8,2.04177480190992,2.75842429371551,80,6
2,2,2,2,1.4750363570638,5.27511743200012,128,6
3,2,2,0,13.4012028699799,0,125,1
3,4,8,1,5.80051465329598,0,170,1
3,4,8,8,4.44206241640495,3.93368609470781,179,1
3,4,1,1,11.1592578729906,2.95858927650261,177,1
3,1,9,4,0,2.84192326382617,192,1
3,1,9,9,0,2.85024796932703,133,1
3,3,8,8,11.5760521716729,0,100,1
3,2,2,2,9.00915026367875,3.12528200284578,188,1
3,3,1,8,5.25047254530364,2.02519024061621,69,1
3,1,9,9,0,2.82524940307485,157,1
3,4,7,8,8.97585959170829,2.02518148696981,172,1
3,2,1,1,11.6510418333055,3.50031392340316,186,1
3,2,2,1,14.5846509564144,0,111,1
3,1,4,9,5.21711637201952,2.17520457846695,33,1
3,3,2,2,6.06721160552115,1.59181474897196,30,1
3,3,7,7,6.45891980160377,3.03360640644678,124,1
3,3,1,1,5.25047526194248,0,151,2
3,3,8,2,4.07529543511919,0.941726156161167,122,2
3,2,2,2,4.81709735549521,2.40853298158618,154,2
3,1,9,4,4.37538810289698,0.80840167705901,15,2
3,2,1,1,2.10851668170653,0.775082631298574,176,2
3,1,9,4,0,0.766739512997447,161,2
3,2,2,1,5.80052551985136,0,174,2
3,2,2,1,6.70892961174832,1.19176856603008,131,2
3,4,2,7,4.14201442236663,2.23353486813721,119,2
3,1,4,4,0,1.85849841980962,163,2
3,4,6,3,11.0343595207669,2.1751897878421,53,2
3,4,2,1,11.7177164487075,0.766743437037803,23,2
3,4,1,1,1.31677890435094,0,7,2
3,3,2,2,0,1.30015032101073,32,2
3,1,9,9,4.20876208529808,2.00850853175507,145,2
3,3,8,1,7.15897775671328,3.90034531574929,97,2
3,3,1,0,7.05896296608262,2.44189488998381,43,3
3,2,2,0,8.96747602560208,0.666727439005626,56,3
3,3,2,1,4.75876585839433,0.725031165959081,44,3
3,1,4,9,0,0.850094629800878,58,3
3,2,8,8,9.2341470187821,1.333450954,86,3
3,2,8,8,0,1.87518314714544,29,3
3,1,9,9,7.00897700208589,2.83358406959451,74,3
3,2,8,8,4.68376774498029,2.07517107317108,99,3
3,1,9,9,3.65864723158302,3.8503521073726,64,3
3,4,1,0,1.30844695447013,0,72,3
3,1,4,9,5.74217289331136,1.8084674802376,107,3
3,4,1,1,4.98377166903811,3.15030411331099,123,3
3,4,1,1,4.08368654749938,0,62,3
3,3,7,6,4.27537723633577,2.80859486068948,146,3
3,3,2,7,0,1.65848091256339,147,3
3,4,8,8,13.4928766552766,4.76710535449092,89,3
3,1,9,9,2.14183633119683,0,103,4
3,1,9,4,5.56716844104812,0.875069048051955,126,4
3,3,1,1,5.26713614314212,0.600051314395387,25,4
3,3,1,1,0.87505546482862,0,79,4
3,4,2,2,6.06720677591511,0.608392319758423,60,4
3,2,8,8,1.0334274097404,0.658357154286932,16,4
3,1,9,9,2.80857795715565,0.725063765683444,11,4
3,3,1,8,6.80060973585933,0.741730985726463,59,4
3,3,2,2,3.93369907423039,0.633395413693506,85,4
3,2,8,8,1.05842175005819,0,28,4
3,4,8,8,4.86705373824225,0.450035467307316,187,4
3,2,0,3,2.05020359743503,0.558378283749335,137,4
3,1,9,9,5.42549058079021,0,167,4
3,4,0,2,6.40058377679088,1.3167586804484,191,4
3,4,1,1,0,1.15843140924699,2,4
3,2,8,8,2.67529845362878,4.59208037646022,13,4
3,1,1,9,2.29186123379623,0,1,5
3,2,3,3,5.85051963379374,3.03358980474877,14,5
3,2,3,3,4.38373001379659,2.03351072018268,129,5
3,1,4,9,0.683387112832861,2.36688530628453,3,5
3,2,4,3,2.96693631881499,0.71673000472947,139,5
3,3,7,2,3.4503068299673,1.9668397270143,19,5
3,3,2,2,0,1.60013764334144,189,5
3,4,1,2,4.75875589737552,1.58344778459286,153,5
3,2,8,8,0,1.43345306694391,166,5
3,1,9,9,4.25871182736591,0.808406506665051,6,5
3,4,3,2,0.833405978424707,3.32529679345316,102,5
3,4,1,1,3.27529483143007,1.50847381909261,8,5
3,1,9,9,2.0335264163441,2.25020631408552,104,5
3,3,8,7,2.21687791097793,2.51688515534624,141,5
3,3,2,3,2.6084910245263,1.62513802066678,155,5
3,4,8,0,8.07571410029777,0,110,5
3,1,9,9,3.74201080016792,0,112,6
3,1,7,9,0.858414505666588,0,37,6
3,3,1,2,6.52563909071614,2.05851411598269,73,6
3,3,8,1,0,1.67515809362521,181,6
3,2,1,8,1.58347012143349,2.16686176203075,80,6
3,2,8,8,3.83367915215786,2.19189624831779,50,6
3,3,8,8,0,0.691731136670569,68,6
3,4,8,8,2.10017446897109,1.41676894333796,128,6
3,2,0,3,0,0.575046711193863,159,6
3,1,4,9,3.61698808602523,0,81,6
3,3,2,8,0,1.85847668666975,184,6
3,4,2,2,8.37573734272155,1.74182999235927,40,6
3,4,1,2,2.60023574440856,1.90016450794064,88,6
3,2,8,3,2.05017884579138,0.70839231973514,162,6
3,4,1,1,2.32520322012715,1.98350000454229,143,6
3,1,9,9,2.56687081750715,0,96,6
4,1,9,9,0,3.88365485328541,100,1
4,4,8,8,10.8175733720509,4.22535535224324,125,1
4,3,8,8,8.77573673900042,2.59188689098028,192,1
4,1,9,9,0,5.18377921525189,124,1
4,3,1,1,11.975995725812,4.56704317352433,157,1
4,2,8,8,26.1355053412262,2.12518299621752,170,1
4,4,8,8,6.20885264012577,6.13384728229903,186,1
4,1,9,9,0,2.14187044018672,30,1
4,3,1,1,6.66718775940171,5.00872465596694,133,1
4,4,8,8,4.3254030444532,4.47536546419906,111,1
4,3,3,3,11.0925880872101,0,33,1
4,2,1,1,9.13411924863613,0,172,1
4,1,9,9,0,4.91712784229003,69,1
4,2,8,8,6.07548650582157,3.38362164984846,177,1
4,4,1,1,4.70039330980944,4.25868677386279,188,1
4,2,8,8,6.017169799361,0,179,1
4,1,9,4,0,3.71698506750818,122,2
4,4,1,1,7.12559622808931,1.45844559616762,131,2
4,3,6,4,4.11701132840881,2.30851034287116,145,2
4,4,8,8,0,5.92548544934834,176,2
4,2,8,8,6.93390493554034,3.98365062739322,119,2
4,3,7,6,3.61697480462863,2.73356112903821,163,2
4,1,4,9,4.11703577821299,2.37519793776482,97,2
4,2,8,8,0,0,23,2
4,3,6,3,4.36698763322875,4.31703457081494,15,2
4,2,8,8,3.65865840001698,3.7253061507854,7,2
4,4,8,8,7.8673133287657,0,154,2
4,1,9,4,7.08392259373159,1.80849042080808,151,2
4,1,9,9,0,8.18401858185098,32,2
4,2,8,8,4.45873688086976,3.54195495802833,53,2
4,4,2,3,8.06733777856971,2.87524200778171,174,2
4,3,3,3,7.83398734043476,0,161,2
4,1,9,9,0,0,146,3
4,1,9,9,5.37543609696604,3.75863545946049,147,3
4,2,8,8,7.36727650313424,0,89,3
4,3,6,6,16.0596777455467,0,58,3
4,3,8,8,8.72572240115187,4.43370692231292,64,3
4,4,1,1,10.2675354899475,2.85025008225421,99,3
4,3,6,0,4.04199721694749,5.75881234322696,107,3
4,1,9,9,4.00866971937103,3.21693405495444,43,3
4,2,1,1,8.05066935111427,3.25026457102649,123,3
4,4,8,8,8.10064143004183,4.08368081233766,86,3
4,3,7,8,5.05872420319247,3.99200068821665,74,3
4,2,8,8,0,4.12534599491028,72,3
4,2,1,1,0,2.63354754581269,62,3
4,4,8,8,4.96708965833659,4.0253209414077,56,3
4,4,1,1,11.9843152998419,5.70880162757203,29,3
4,1,4,4,7.40061939503357,4.13368247250855,44,3
4,4,1,1,2.68357727798229,0.941788638991056,28,4
4,2,8,8,4.67542070264517,2.74189398444196,187,4
4,4,1,1,3.11693073461083,0,13,4
4,4,1,1,3.87532139418181,1.45012089069678,137,4
4,2,1,1,2.36686538420872,2.14184387743717,191,4
4,3,1,1,6.78391746229136,0,103,4
4,4,8,8,0,3.14190545472138,16,4
4,1,4,9,5.86715878185623,1.22509968577469,59,4
4,3,3,8,6.89223945111644,4.08369228261563,167,4
4,2,8,8,4.68372639160134,6.35885399844847,2,4
4,1,9,9,3.69197352176798,4.72538765013269,25,4
4,1,9,4,3.10031301786057,1.97517771385265,79,4
4,2,8,8,0,3.22524246055582,60,4
4,3,6,3,3.94201140387122,3.13360218056096,11,4
4,3,6,0,3.73362361186992,1.26677301828295,126,4
4,1,9,9,4.53373680540699,1.49179211025967,85,4
4,1,9,4,0,4.00031211231271,155,5
4,4,1,1,0,5.9838069853995,166,5
4,1,9,9,6.39218783486376,3.15859531348542,189,5
4,1,9,4,4.35035633325424,2.61685829074759,19,5
4,4,8,8,5.70883120881626,3.0585753914238,129,5
4,1,4,9,3.87533497740606,3.85864632603989,141,5
4,2,1,1,3.82532486545097,4.60041564666699,153,5
4,2,8,8,0,5.47541889154854,102,5
4,2,8,8,5.61713327557936,2.25018095873475,8,5
4,3,1,1,3.20861055688238,4.20863621408353,3,5
4,4,1,1,6.34220488935716,1.17508987566816,139,5
4,3,3,3,10.0424898352203,3.81698295456226,6,5
4,3,1,1,5.16709026203534,0,1,5
4,4,8,8,5.75047767672459,2.64192145274137,14,5
4,2,1,1,6.30886471410395,0,110,5
4,3,8,8,4.43371356300031,0,104,5
4,2,8,8,0,3.47530026472214,88,6
4,2,4,4,0,8.82576586747018,128,6
4,3,3,1,7.45055645942739,2.60855441288822,81,6
4,4,1,1,4.01700197107675,2.33352551080498,162,6
4,3,4,3,4.52537980204761,3.05860406711963,96,6
4,2,8,8,3.36695110944765,4.88374510626545,143,6
4,2,8,8,6.75887512790814,7.9756576544487,40,6
4,3,1,1,0,5.6838380758918,112,6
4,4,1,1,3.4003667470588,2.1418342182551,50,6
4,4,8,8,2.23350136284989,1.43346151872538,80,6
4,1,4,9,2.24185383846816,0,184,6
4,3,1,1,2.69188840022798,3.95033460009472,37,6
4,1,9,9,3.18356852434954,0,68,6
4,4,1,1,1.6834725362296,2.47520789879582,159,6
4,1,9,9,1.28343450320153,0,73,6
4,1,9,4,1.6168253891592,1.59179814724757,181,6
5,1,9,9,0,2.64172475645319,133,1
5,1,9,4,0,0,33,1
5,2,8,8,14.3586585845333,10.6002632677555,186,1
5,4,8,1,6.80850280332379,4.25016556098126,177,1
5,4,8,8,10.2836279021576,5.56685163616203,179,1
5,1,4,9,5.35846842336468,9.94193019089289,192,1
5,2,8,8,6.95023057796061,6.41682045580819,111,1
5,4,8,1,5.98348736390471,0,172,1
5,3,8,8,6.94184446730651,3.96676072105765,124,1
5,3,1,8,8.81688529183157,7.7918769759126,69,1
5,4,8,8,6.30017585377209,5.36683763074689,170,1
5,2,8,8,14.5087398709729,0,188,1
5,3,2,1,6.90017561241984,3.97514320956543,30,1
5,3,8,8,5.60014947270975,4.23345099180005,100,1
5,1,9,9,0,6.10016577225178,157,1
5,2,8,8,5.58346357871778,2.53342340327799,125,1
5,1,9,9,0,3.4084446078632,161,2
5,2,8,8,4.04184664064087,0,174,2
5,1,9,9,6.85855475044809,9.15022526565008,15,2
5,3,3,7,20.5588585254736,2.65007404214703,122,2
5,1,9,9,5.4168183428701,5.45009444677271,163,2
5,2,1,1,0,3.6751686851494,131,2
5,4,8,8,5.75019242498092,3.82513557281345,23,2
5,4,1,1,4.32510689785704,2.89176927832887,7,2
5,4,1,1,4.8000807731878,4.98347891238518,53,2
5,4,8,8,20.5337979907636,4.89179674605839,119,2
5,3,8,0,4.63345606275834,5.20011029345915,151,2
5,2,8,8,3.88343961234204,0,154,2
5,2,8,8,9.60024515725672,5.02512543112971,176,2
5,3,1,1,3.45007211039774,4.86684547853656,97,2
5,3,2,7,0,4.09178750962019,32,2
5,1,0,9,4.97512721177191,2.71673763007857,145,2
5,1,9,9,0,3.57508954196237,64,3
5,4,1,1,3.90005759173073,6.55850325594656,89,3
5,2,8,8,0,0,56,3
5,1,9,4,11.8419636350591,6.3168291489128,107,3
5,3,2,2,0,3.65009034168907,43,3
5,3,6,2,8.54188256012276,5.65847011352889,147,3
5,3,2,3,5.23346366919577,0,44,3
5,4,8,8,4.10851566167548,4.61678495910019,62,3
5,2,8,8,7.14183251443319,3.9667501563672,86,3
5,3,2,3,3.72515030275099,10.816944452934,146,3
5,4,1,1,4.57514659012668,0,72,3
5,1,9,9,6.45851074159145,4.27511562104337,74,3
5,2,8,1,6.85848351544701,12.7336840147618,99,3
5,4,8,8,8.03356134565547,4.73344314401038,123,3
5,2,1,8,7.43351449980401,6.52512875129469,29,3
5,1,4,9,3.45008720248006,8.0085460874252,58,3
5,1,4,4,0,2.72504405397922,126,4
5,1,9,9,8.38355008699,8.88360290951096,167,4
5,3,6,7,0,2.00006942404434,59,4
5,4,1,1,6.0252920484636,3.72509717824869,187,4
5,3,7,8,0,8.68355419207364,79,4
5,4,1,1,4.45840539829805,6.64183764578775,60,4
5,3,2,1,3.46672540530562,0,85,4
5,1,9,4,5.03346354840323,5.52514384337701,103,4
5,2,8,8,7.58352304180153,4.36677846941166,16,4
5,4,8,8,5.52513871225528,8.17520098225214,191,4
5,3,2,2,5.44177836365998,0,25,4
5,1,9,9,5.15013169427402,5.77519832598045,11,4
5,2,8,8,5.54182098386809,2.38339524134062,28,4
5,2,8,8,4.36678118584678,2.63346904190257,13,4
5,2,8,8,8.59192364104092,5.76682127080858,137,4
5,4,1,1,0,5.62515084608458,2,4
5,1,4,4,0,8.58352787140757,104,5
5,3,3,2,3.75838354509324,5.36688260547817,155,5
5,1,9,4,6.25849824538454,0,1,5
5,4,8,8,0,2.48339439625852,110,5
5,2,8,1,8.90022179437801,6.93350182217546,14,5
5,3,2,2,7.44185623945668,4.42516008275561,189,5
5,1,9,9,8.08352817315608,3.9333943661768,6,5
5,2,8,8,9.66690150066279,5.05846854392439,139,5
5,4,1,1,3.64175705378875,3.53342129057273,153,5
5,3,7,7,8.17517955135554,6.52526639169082,19,5
5,1,9,9,3.3584279762581,3.36675552930683,3,5
5,4,1,1,0,0,8,5
5,4,8,8,3.58343520527706,4.44182303640991,102,5
5,2,8,8,3.80011216504499,4.23343740892597,166,5
5,2,8,8,12.1086309659295,0,129,5
5,3,6,8,3.01676075113937,15.6587197377812,141,5
5,3,0,2,0,6.80018219258636,184,6
5,3,7,7,3.33340969961137,5.8085052180104,181,6
5,1,9,9,3.41677125520073,0,37,6
5,1,4,9,2.34171038866043,0,81,6
5,4,8,1,6.49183514039032,6.08348682080396,88,6
5,2,8,8,8.95022423914634,3.11680125864223,159,6
5,3,7,7,7.92525395564735,6.67518679588102,73,6
5,2,8,8,4.15843992913142,5.42514499044046,80,6
5,4,8,1,3.88340731523931,3.06675474462099,40,6
5,4,1,1,5.75013960245997,3.2917523146607,128,6
5,2,8,8,3.03344936179928,3.22503288602456,162,6
5,1,9,9,0,0,96,6
5,3,3,3,20.4088711123914,7.12515959981829,68,6
5,4,1,8,3.47509129252285,7.12517771008424,143,6
5,1,9,9,6.75849854713306,0,112,6
5,2,1,1,0,5.28347215102986,50,6
6,2,1,1,5.32544439782578,4.67539957318513,30,1
6,3,3,2,4.69205713406154,6.20886712889842,172,1
6,3,2,3,15.4179470616473,3.22526841960644,177,1
6,4,8,8,5.64211433452874,4.92544711447044,33,1
6,2,1,1,3.95866504070364,2.70851728540765,100,1
6,1,9,4,0,8.66741233537869,188,1
6,4,8,8,5.43378630871302,0,133,1
6,1,9,4,0,0,111,1
6,2,8,8,5.09207464132669,2.59188206139152,124,1
6,1,9,9,0,5.74212610665563,186,1
6,4,1,1,6.21719696581022,2.72522797178317,157,1
6,3,1,1,7.80895104304,4.62538010389653,170,1
6,4,8,8,3.78365726808079,1.5334657446183,192,1
6,3,1,1,5.36714670787842,2.33352369970817,179,1
6,2,8,8,3.50862806414989,4.26704015503128,69,1
6,1,4,4,3.74197578563872,2.3502032955912,125,1
6,4,8,8,5.13375370897484,27.5939467115004,145,2
6,4,1,1,5.75047194158651,3.08359810559341,163,2
6,1,4,9,8.87576269804958,3.10029762353952,131,2
6,1,9,9,4.61705509657622,2.45020359744012,154,2
6,2,8,8,2.29185338569368,9.01741248630424,122,2
6,2,8,1,5.12541330733438,2.30018895774265,97,2
6,3,1,8,9.55912264444305,0,23,2
6,3,1,1,6.65890591655079,0,7,2
6,1,9,9,3.02525332713412,1.76683338816838,174,2
6,1,0,4,0,1.88350181562419,176,2
6,4,1,1,3.49192492401016,5.72547216797284,161,2
6,3,1,8,3.82531973401092,2.0168377649843,53,2
6,2,0,8,3.38359991668949,0,151,2
6,3,8,8,2.87524140408277,0,119,2
6,4,8,8,11.7426552487086,2.38355584667261,15,2
6,2,1,1,3.93365470236131,3.49195088306078,32,2
6,3,8,3,11.9676417409464,0.983408845999293,89,3
6,4,8,8,4.60038727282154,2.66688470257213,64,3
6,4,0,1,0.833399337743685,2.61689089048559,74,3
6,1,4,9,0,0,56,3
6,4,8,2,11.1342635326637,2.19185097089758,107,3
6,4,8,1,4.50040779858318,3.02524396980152,58,3
6,2,8,8,2.80022970741629,4.5420412869662,147,3
6,3,0,3,2.83359010658205,0,62,3
6,1,9,9,0,3.09192462216015,29,3
6,2,8,0,2.7251688092947,3.25860406711945,43,3
6,1,9,9,3.40033746766494,0,99,3
6,2,8,2,2.40853237787996,2.07517288426243,44,3
6,3,4,7,3.71697208798287,6.00049563676657,72,3
6,1,9,4,7.30060309516375,2.70855411103912,86,3
6,2,8,8,2.01683957608293,3.35860285972012,146,3
6,3,1,2,4.08368051048819,3.32527747509084,123,3
6,2,8,1,4.65873084387931,2.55021084182772,59,4
6,2,8,8,3.38358754086221,3.35025853403749,85,4
6,2,8,8,0,4.22537135026141,25,4
6,3,1,1,0,0,60,4
6,3,8,8,2.14184931072668,3.44194982658701,2,4
6,4,1,1,11.2592651173745,3.23362602666566,11,4
6,1,9,9,7.12556423205024,2.7335620345857,28,4
6,1,9,9,2.17517439350922,0,137,4
6,2,8,8,0,2.32519265540031,79,4
6,3,2,1,4.77534705138351,2.31686764808001,187,4
6,4,2,1,2.20022397227876,0,167,4
6,4,8,8,2.97519703221587,0,103,4
6,1,4,9,6.575546875707,2.31685285745698,13,4
6,1,4,9,2.49187542070285,3.52529739715283,16,4
6,4,1,8,2.25852528441828,3.11692318837595,126,4
6,3,1,3,2.66686961010237,3.13357259931763,191,4
6,3,6,2,1.22509334693677,1.85845193500609,110,5
6,3,7,7,2.68355252633046,3.46695473164073,102,5
6,2,8,8,1.60847170614397,2.60021401124686,189,5
6,1,9,9,3.73364564687836,3.21695367516804,14,5
6,4,8,8,5.42544832186832,0.883390433184104,3,5
6,3,2,2,1.96683369001767,5.18375627469504,8,5
6,2,8,8,5.45878215828452,3.42528471947662,141,5
6,1,9,9,3.72531430072013,3.49195601450083,129,5
6,4,8,8,0,0.825058634252855,1,5
6,4,8,8,7.13394810000864,3.58363764786918,6,5
6,1,9,9,0,0,139,5
6,1,4,9,9.43411653199109,2.47520548400098,166,5
6,2,8,0,4.30868903773444,2.63355539389886,155,5
6,2,8,8,0,2.86691277457066,19,5
6,3,3,3,5.20043949277169,1.85849298652829,153,5
6,4,1,1,2.16684546214674,2.14183633120228,104,5
6,1,4,9,1.60846355620743,0,159,6
6,2,0,8,4.05034486297518,2.55854430093132,73,6
6,2,8,8,1.64180342961299,1.98349245829195,68,6
6,3,4,6,0,3.65863485576119,40,6
6,1,4,4,3.708620517913,0.950034259909444,162,6
6,3,6,6,2.16684274550244,1.76680833466708,143,6
6,2,1,1,2.33352913299859,3.2419404692555,184,6
6,4,8,8,0.941745474521667,1.83347962969128,112,6
6,1,4,9,0,0,80,6
6,4,1,1,1.05842627780476,1.98345231231724,96,6
6,1,9,9,0,0,50,6
6,3,6,7,3.49201668623755,2.42519265539886,128,6
6,4,1,3,4.73372925917101,4.96707516956303,37,6
6,2,8,8,5.16711320259128,3.63363779879182,181,6
6,4,8,8,3.00024842208222,2.35020661593626,81,6
6,3,0,0,2.42519778684073,3.05024525266344,88,6
7,2,1,1,6.45020160125569,2.86673228745349,188,1
7,4,1,8,3.75848737894557,4.25010277773254,170,1
7,2,8,8,3.80014023627155,0,111,1
7,3,8,8,3.89181546028703,3.97510215896182,100,1
7,4,1,1,2.86673651309684,2.00008994946256,177,1
7,1,9,9,0,2.18331030267291,133,1
7,4,1,1,2.70007437421009,0,172,1
7,3,2,1,7.46685067028739,4.85011159162968,30,1
7,3,1,1,5.01682051620446,3.3084207016509,124,1
7,2,8,8,10.1085841802415,1.90837005246431,186,1
7,3,8,8,4.62511492683552,3.44170652492903,69,1
7,1,9,9,0,0,33,1
7,2,8,8,9.22522848006338,2.86671025282703,125,1
7,1,9,9,0,5.97515317052603,157,1
7,1,9,9,0,7.23349264613353,192,1
7,4,8,8,3.88343055685982,0,179,1
7,1,9,9,4.15010845218785,2.67503919452429,15,2
7,1,4,9,8.45021035452373,5.34179460303858,145,2
7,3,1,8,3.50842021894641,0,97,2
7,1,4,9,2.5333974447567,3.23338337894529,161,2
7,3,7,7,2.57505633914843,3.81681375508197,32,2
7,4,1,1,0,2.09172804653645,53,2
7,4,8,0,2.64173320797272,2.99174247449264,23,2
7,2,8,8,4.75845447811298,2.60839975392446,176,2
7,2,8,8,5.30846839305013,3.6500873232726,174,2
7,4,1,1,4.94178953208029,1.70009399414994,119,2
7,2,8,8,15.7003879894037,2.65839706757106,154,2
7,3,6,1,0,0,151,2
7,3,8,8,6.50014699762687,3.00840754131787,122,2
7,4,1,1,0,4.308461450506,7,2
7,1,4,9,0,3.33341996232048,163,2
7,2,8,8,4.84180486574769,0,131,2
7,3,3,6,0,9.77523364173248,147,3
7,3,6,3,7.28348181000911,3.61675175628625,43,3
7,4,1,1,3.52506264764816,1.88338135671802,123,3
7,1,9,9,1.73337915306911,2.46672872570343,64,3
7,1,9,9,4.42511661699973,2.4417581402231,58,3
7,4,8,8,3.80843217205256,3.57510010618716,62,3
7,3,6,6,2.71673672436737,4.36677816766314,146,3
7,4,1,8,2.73340450786054,0,89,3
7,4,8,8,4.15843841992319,2.53339020046405,72,3
7,3,6,2,6.20016160677187,0,44,3
7,1,0,4,7.50852344930172,5.14179719891399,107,3
7,1,9,4,5.69177700555883,2.47505718423054,74,3
7,2,8,8,4.49177265889011,7.29187516495585,86,3
7,2,1,1,4.64178331405856,0,56,3
7,2,8,8,1.89171585207805,9.90024201781489,29,3
7,2,1,1,3.21674819453619,2.50839456217363,99,3
7,4,8,8,0,3.8000907341484,60,4
7,3,1,1,0,3.06671399576589,79,4
7,1,9,9,5.86680986103602,2.17502198927104,103,4
7,3,3,1,0,2.39174030139111,25,4
7,4,1,1,5.59179596113972,2.79173360043205,187,4
7,4,1,1,2.63341561565176,3.14174256520346,191,4
7,1,9,4,4.84177769976668,5.37512896233238,126,4
7,2,0,8,2.61677258345298,1.91673352499492,13,4
7,2,8,8,7.7252151989378,3.75010066479445,137,4
7,4,1,1,2.67512280470692,1.68337157694623,2,4
7,3,3,1,3.31676757289097,4.13343221717514,85,4
7,1,9,9,3.51677222107537,1.8167168633081,167,4
7,2,8,8,3.01672996324487,4.40010407567024,16,4
7,3,1,8,3.66676567145623,0,59,4
7,2,1,1,0,4.36676730122417,28,4
7,1,9,9,2.93340764706954,2.50839124200866,11,4
7,2,1,1,10.4335878475104,3.62508142227307,129,5
7,3,7,7,8.83354915142991,3.82508999435231,19,5
7,4,1,1,5.54179321439005,2.83344954298809,110,5
7,2,1,1,0,1.42500614258461,166,5
7,4,8,8,0,14.2336843167432,102,5
7,3,7,6,2.68342379573733,0,141,5
7,4,8,1,3.77507789060473,5.35848260996863,8,5
7,1,9,4,3.92511269310489,5.26679470855743,104,5
7,2,8,8,5.65848671481945,0,139,5
7,1,9,4,5.36680140951648,2.61671583703719,6,5
7,3,3,3,3.10841363877989,3.93343632225879,155,5
7,1,4,4,0,2.64173501892947,1,5
7,3,6,7,3.31673437030986,6.18348416429944,189,5
7,1,9,9,6.34184652008116,0,3,5
7,2,1,1,2.95840298361145,6.36682797176763,14,5
7,4,1,1,3.11674179532565,2.73340450809337,153,5
7,3,3,7,4.54180076043122,3.36674798326567,68,6
7,2,1,1,3.55012348410673,2.6917347474955,80,6
7,2,8,8,2.20002124970779,2.55839791265316,159,6
7,1,4,4,0,1.70837808144279,96,6
7,3,2,2,0,2.99172889161855,181,6
7,1,9,9,2.74173538130708,0,37,6
7,4,8,8,3.000069122063,2.75006202887744,143,6
7,3,3,1,4.63344640377909,4.72512796637602,184,6
7,1,9,4,2.60006857896224,1.90825142827816,112,6
7,4,0,1,2.70839951233938,1.95006003673188,128,6
7,4,8,1,3.41671118861996,2.3917315476574,40,6
7,2,8,8,1.19168977276422,3.35008231271058,162,6
7,3,3,6,3.89176444872282,3.05835897498764,73,6
7,1,9,4,4.32510870881379,2.08337966608815,81,6
7,4,1,1,2.65841125417501,2.14171630493365,88,6
7,2,8,8,5.57513119606301,3.97509099077433,50,6
8,2,8,8,6.19217394978841,1.9501936364104,170,1
8,4,8,8,3.88367115315486,2.85857297662733,111,1
8,4,1,1,2.24185655511246,1.73347600749548,125,1
8,1,4,9,2.63359252137525,2.45017431804808,100,1
8,3,4,1,5.45876495286575,2.16684033070487,192,1
8,1,9,9,0,2.16685361208147,124,1
8,2,8,8,1.59180026019385,1.5001180231302,177,1
8,4,8,8,2.55854882867425,0,188,1
8,2,8,8,2.76690251168839,1.84181791838273,172,1
8,4,1,1,2.21684832971732,1.33347117790618,186,1
8,2,8,8,2.35853192510331,4.19201064925073,179,1
8,3,1,1,3.96702808105329,0.975051540790446,133,1
8,1,4,9,2.80024570543537,1.46679112924903,69,1
8,3,4,4,2.25855939340545,1.38344899197182,33,1
8,3,1,4,2.71690507741005,0,157,1
8,1,9,9,0,0,30,1
8,4,1,1,1.93353335888969,0.741705026699492,174,2
8,1,9,4,2.56691096347276,2.7919336776431,122,2
8,1,9,9,2.59188115584402,1.51679037462236,32,2
8,4,1,1,0,2.04182274797495,176,2
8,3,8,4,1.88347374363002,3.25026668397186,15,2
8,2,8,8,0,2.12517846847913,53,2
8,3,4,4,3.15859682273003,1.93349381661392,145,2
8,2,8,8,1.84181731468925,0.800067010575731,119,2
8,1,9,4,2.21686342218891,1.8168172392252,97,2
8,4,1,4,1.87515688624262,1.65847336631487,131,2
8,2,8,8,1.53349683510896,1.64179769447583,7,2
8,3,4,0,1.25010519452553,0.75845857569584,163,2
8,1,4,9,0,0.95008406506895,151,2
8,2,1,1,1.31675475639349,1.21679188387134,23,2
8,3,1,3,0.79172781633315,1.42513741695439,161,2
8,4,1,1,0,0,154,2
8,2,1,1,3.95861161335415,1.67510044039955,89,3
8,4,1,1,0,2.550223217655,99,3
8,2,8,8,0,0.783406431204639,123,3
8,1,9,9,1.85848785509006,1.58346317889664,43,3
8,4,1,8,2.59190832229069,3.34193986555692,29,3
8,1,9,9,2.15852105852537,0,147,3
8,4,1,1,1.64180554255654,1.14175694480218,56,3
8,3,0,8,2.45853675469698,2.14184478298557,107,3
8,4,1,1,0,1.39177369744357,86,3
8,1,9,9,1.84184870702666,1.45012662583395,44,3
8,3,1,1,2.10018473185119,1.37508927196905,58,3
8,3,1,1,0.975114929173287,2.10850792807832,74,3
8,2,1,1,1.05842688150369,3.16693390403088,62,3
8,3,1,1,2.22518239251804,2.68356188366306,64,3
8,1,1,9,1.76681527720211,0.741795581529004,146,3
8,2,8,8,1.50012979525854,0,72,3
8,3,4,4,1.25013236097584,2.64188372156059,167,4
8,2,8,8,0.966745851834276,1.7168145225769,60,4
8,1,4,4,0,0.741726156160439,59,4
8,4,1,1,1.18342695696629,0,137,4
8,2,8,8,0.741724646912189,0.741727665405051,191,4
8,4,1,8,1.47504490010033,2.60858459783049,13,4
8,3,0,4,0.891740494007536,0.741708045192354,126,4
8,1,9,4,2.7252267643853,1.38345412341369,25,4
8,2,8,8,1.46678780890579,3.03358527699311,2,4
8,4,1,1,7.14224352608653,1.5084578210699,28,4
8,2,8,8,2.13351373867408,2.3418728549841,187,4
8,3,4,4,2.25848906248575,1.6251226263339,11,4
8,3,4,4,0,1.94181972948354,103,4
8,4,1,1,2.03348717592598,0.841735513491585,16,4
8,1,9,4,2.10847955423014,0.916727891795745,79,4
8,1,9,9,1.69182410629946,0,85,4
8,3,1,1,4.02533090244106,0,104,5
8,4,1,1,1.51679339311886,1.19177249004497,129,5
8,1,4,4,1.97510044039518,1.04175573740213,189,5
8,1,4,9,0,1.34181308879488,141,5
8,3,3,4,1.22510813755798,1.99186757261486,6,5
8,1,9,4,0,1.11676169892962,19,5
8,3,3,3,1.08338198139973,0.816740871316142,3,5
8,4,1,1,2.24184116079414,2.46685874352261,14,5
8,2,8,8,1.33344401145587,2.22518118512016,102,5
8,2,8,8,0,0.8500436172435,153,5
8,4,1,1,2.41687640171585,1.80015092471513,139,5
8,4,1,1,1.5834785732186,1.85018458092964,166,5
8,2,8,8,6.69220443658196,1.9335182664181,110,5
8,2,8,8,1.48341971257832,4.20038123583436,8,5
8,3,4,3,2.14184206633945,1.80012345641808,1,5
8,1,9,9,2.775230235653,2.10848468566837,155,5
8,1,9,9,3.43363628954467,0,184,6
8,4,1,1,1.98355795961834,1.13343888001691,50,6
8,1,4,4,1.15009613904476,0.975102251493809,181,6
8,3,1,1,0,1.35844619986528,112,6
8,2,1,1,1.56678629965973,1.55007531143201,128,6
8,4,1,2,0,1.6334687631097,162,6
8,1,4,9,1.15843804993347,0,73,6
8,4,8,1,1.8418064481084,1.39178667696979,80,6
8,2,0,8,1.16677211273418,2.72523280137466,143,6
8,1,4,4,0,0.741717100674578,68,6
8,2,8,8,2.71688998493846,2.95028479494067,88,6
8,3,1,1,1.45011545740635,1.275086253474,37,6
8,3,3,3,5.80884599943965,0.583384999892587,96,6
8,2,8,8,1.26677181088235,1.65850807899915,40,6
8,4,1,1,0,1.77516050843406,159,6
8,3,2,2,2.55021416217278,1.30011560833373,81,6
9,1,9,9,0,3.27507970179431,125,1
9,2,8,8,3.87510240031406,4.63350315042771,69,1
9,2,8,8,5.74181748274714,2.22504978906363,124,1
9,4,8,8,3.43342334288172,2.96674170484766,157,1
9,2,1,1,3.85008231271058,1.9333774629049,100,1
9,3,1,1,3.13341048453003,4.7667901806999,177,1
9,4,8,8,3.24174956791103,2.36675522755831,192,1
9,2,8,8,4.29175744601525,2.14174679084681,30,1
9,1,9,9,0,2.04172077192925,111,1
9,4,1,1,3.23344404948875,2.95841173711233,133,1
9,1,9,9,0,0,186,1
9,3,1,8,7.7168683281634,2.92507254797965,172,1
9,1,9,9,0,2.28339427546598,188,1
9,3,8,8,3.03344241948798,2.8750755363144,170,1
9,4,1,1,2.13338724244386,0,33,1
9,3,1,1,3.69177942024544,0,179,1
9,4,8,8,0,1.57504185056314,145,2
9,3,3,2,2.94174455734901,2.20005384879187,53,2
9,1,4,9,14.0586852675769,2.30839413963258,174,2
9,4,1,1,2.51673117070459,2.95007392158732,161,2
9,3,8,2,2.39172339811921,4.27510928246193,119,2
9,1,4,9,4.54177600936964,1.5750448689796,131,2
9,2,1,1,2.2750694390852,1.70837476151064,122,2
9,4,1,1,2.69174591568299,1.80837451969273,15,2
9,2,1,1,0,0,97,2
9,3,7,8,2.23338911402971,1.81673950143158,23,2
9,1,9,9,0,0,176,2
9,4,1,1,8.38353891880251,1.52504182048142,163,2
9,3,8,8,0,1.35837032436393,7,2
9,2,8,8,4.03341374429874,1.79170673643239,32,2
9,1,9,4,5.33347037015483,0,154,2
9,2,1,1,2.73340118769556,0,151,2
9,1,4,9,11.9252744812984,2.77508453116752,29,3
9,2,1,1,6.7918338123709,2.2250552221667,146,3
9,3,4,8,2.70838411850855,3.01674807374366,62,3
9,2,8,8,7.75852450565435,1.67503738333471,43,3
9,1,9,9,3.55842507863417,2.3500666168984,56,3
9,3,8,8,4.97514803917147,1.80830690683797,72,3
9,1,9,9,3.49178654374555,0,99,3
9,4,1,1,3.89176354324445,1.45838245819323,107,3
9,3,7,8,16.158730604453,0,123,3
9,3,8,8,8.75027724308893,1.55003202566877,89,3
9,4,8,8,0,1.80837542540394,58,3
9,1,9,9,5.12507085758261,7.86686449474655,86,3
9,2,1,1,3.71675392938778,3.00840693782084,44,3
9,4,8,8,2.65006287395954,2.24172632605769,64,3
9,2,1,1,0,2.50005704839714,147,3
9,4,1,1,3.27508392743766,0,74,3
9,2,8,8,2.35838541644625,2.04171745176427,59,4
9,3,8,8,2.80006839777343,2.24172210018151,2,4
9,4,8,8,0,2.66673095943406,11,4
9,2,8,8,2.72512162779458,2.87506678281352,85,4
9,3,1,8,8.38355099246837,1.49170474428684,60,4
9,2,1,1,0,0,25,4
9,3,8,8,7.44184175087139,0,187,4
9,4,8,8,7.80861629615538,1.46671152068302,126,4
9,1,4,9,4.91678634751588,1.14168249815702,28,4
9,4,8,8,2.56677768449299,1.60003537591547,167,4
9,1,9,9,0,2.49175152974203,137,4
9,2,8,8,1.80002342304215,3.51677705068141,79,4
9,4,8,8,4.23343771067448,3.25841674767435,103,4
9,3,1,8,2.03338144719601,2.20838321303017,191,4
9,1,9,9,3.72509687650017,2.05835686204955,16,4
9,1,9,9,2.79173812805675,1.55836923746392,13,4
9,2,1,1,2.2250458651688,2.03337601386011,155,5
9,2,1,1,10.675267991377,1.58337393123657,141,5
9,2,1,1,4.87514133797958,0,189,5
9,3,1,1,2.10003990354016,4.70011663227342,110,5
9,4,1,1,0,1.54170235968195,104,5
9,1,4,9,2.63340022182092,4.75844663009048,139,5
9,1,9,9,0,2.06672003259882,129,5
9,4,8,8,3.99176994245499,2.07505000033416,3,5
9,1,9,4,4.08344909036532,1.6250252793543,166,5
9,3,1,1,2.02502944483422,2.00834687100723,8,5
9,4,1,1,1.89175599697046,0,1,5
9,3,2,2,0,0,102,5
9,3,7,7,2.79177555674687,4.31677511893213,153,5
9,2,8,8,2.60840065940283,0.975023679435253,19,5
9,4,8,8,4.62510738079436,2.64173471718095,6,5
9,1,9,4,2.74172481684946,3.84177528484724,14,5
9,4,8,8,0,0.70001792954281,81,6
9,4,8,1,3.90843736357056,3.67511344770901,96,6
9,1,9,4,2.00004920060746,0.708356650546193,80,6
9,2,8,8,2.0000522187911,2.86672142101452,184,6
9,4,1,1,0,2.2417266278062,112,6
9,3,8,8,2.11670497059822,1.80837663263083,88,6
9,2,1,1,0,2.48332678340375,68,6
9,1,4,9,2.55005587125197,0,50,6
9,3,4,4,2.20005686744116,1.03336122375913,128,6
9,2,1,1,2.87506617908366,1.99171379953623,181,6
9,1,9,9,1.70837536500767,0,162,6
9,1,9,4,0,0.908392389072105,159,6
9,3,2,1,1.10836624936201,2.083387816092,143,6
9,3,4,4,1.98338141688146,1.02503578341566,40,6
9,2,8,8,2.50006368895993,2.46672631101683,73,6
9,4,8,8,1.39169261022471,1.93338772561401,37,6
10,3,1,1,6.00048597627028,1.78348700948118,125,1
10,1,9,9,0,2.79189349332592,179,1
10,1,4,4,3.44195315369871,1.92515965527855,172,1
10,2,8,8,5.47544144604763,3.21692984344554,133,1
10,4,8,8,6.36719702473783,2.57520211028168,100,1
10,4,1,1,7.32559172138281,2.40849172587332,124,1
10,3,1,1,4.19199895922793,3.11689208218013,188,1
10,2,8,8,2.49184359774517,3.53361672893516,192,1
10,3,1,1,3.30028805413167,3.46694259654032,111,1
10,4,8,8,6.01714017154882,4.59203620733751,30,1
10,3,1,1,3.12523306485673,0,186,1
10,4,8,8,3.37530648954271,0,69,1
10,1,4,4,2.55855002794124,5.55878396061598,177,1
10,1,9,4,0,2.05848829989554,170,1
10,2,8,8,2.90023420433863,2.6085391764791,157,1
10,2,8,8,3.55867740804388,2.20017694366106,33,1
10,4,1,1,2.55854489651392,3.12525117577752,32,2
10,4,1,8,0,3.52527242591896,122,2
10,1,9,0,2.17520048029837,1.60015050171933,53,2
10,2,8,8,7.68396148532338,2.17518146382645,15,2
10,2,8,8,3.60028120217612,1.8835039432015,163,2
10,1,9,9,3.10023396286124,1.40844222270243,7,2
10,4,1,1,3.73363791870361,1.95011981880816,151,2
10,3,1,1,1.53344376967289,1.5584745657834,154,2
10,2,8,8,2.51681643890333,3.47528056074225,145,2
10,1,9,9,5.33379234446329,2.37518695749168,23,2
10,2,1,1,2.65854824704002,0,161,2
10,1,9,9,3.08352392558299,1.72518344095442,119,2
10,3,8,1,3.12524785543792,2.60023833965533,176,2
10,4,1,1,2.0084988495073,2.3335203788447,97,2
10,3,1,1,1.4000710551627,1.26677259540884,131,2
10,3,1,1,2.04184376375633,1.8585123874218,174,2
10,4,8,1,6.61721611666144,3.37526936216454,44,3
10,3,8,1,5.71714068469009,2.13350401866774,29,3
10,3,1,1,0,2.25017726059014,99,3
10,2,8,8,3.94197654696472,1.5834588771977,58,3
10,2,1,1,8.50901878373406,2.08350943685218,74,3
10,1,9,4,0,2.63352439344453,123,3
10,2,1,1,2.25851281000359,1.31681366192061,107,3
10,1,9,4,2.55853372810816,2.0834985702968,89,3
10,4,1,1,5.45877728975029,0,146,3
10,1,9,9,0,1.83350513549522,72,3
10,2,1,1,2.26685258529324,1.55846701956762,64,3
10,4,1,1,0,3.39195313862001,43,3
10,1,9,9,6.94221983695752,0,62,3
10,3,1,1,2.11684137160773,1.65013089663989,56,3
10,3,1,1,2.05016090041318,2.16683112384635,86,3
10,4,1,1,1.57511729082034,3.25026238190185,147,3
10,3,1,1,2.30852218240034,1.708546451031,13,4
10,2,8,8,5.40045832692704,0,103,4
10,4,1,1,6.33381649234798,2.60023230269144,25,4
10,1,4,4,3.29194194002775,1.62514567967446,191,4
10,4,8,8,3.04194699598884,1.13343700826226,79,4
10,4,8,8,0,1.55012754612835,85,4
10,3,2,1,2.65020847175037,1.59180106727581,28,4
10,1,4,4,1.96682895054983,2.10016453768185,2,4
10,3,1,2,2.9752529415855,1.97516238699609,137,4
10,2,8,8,0,1.93348886586318,167,4
10,1,9,9,2.20851702080108,3.95865971971944,60,4
10,1,9,4,0,2.44187920079276,187,4
10,3,1,1,1.91681686149968,1.48346397845307,16,4
10,2,1,1,1.95015573878482,2.85856189059268,126,4
10,2,8,8,1.9001626662066,1.50011907928274,11,4
10,4,1,8,2.05015003385779,0.975075454611215,59,4
10,2,8,8,4.19201978677302,1.96681838583027,104,5
10,1,4,9,5.65045991164516,2.90023963760177,153,5
10,4,1,0,2.55854489649937,2.79189138037327,141,5
10,3,0,1,5.96714679713477,1.95848947709601,14,5
10,3,1,1,3.5836001423595,1.7084697814862,139,5
10,3,8,1,0,0,129,5
10,1,4,4,3.79197499244765,1.49176662635,110,5
10,4,8,8,0,1.58346129198617,155,5
10,1,9,4,2.65022597895586,0,8,5
10,3,1,1,0,2.25851220630284,166,5
10,4,1,1,10.750844798793,2.0501832371956,189,5
10,2,8,8,5.27540788048645,1.35846937399765,3,5
10,1,9,4,0,0,102,5
10,4,1,1,4.30867853997916,1.40845248555706,19,5
10,2,1,1,6.74221253220458,2.94189987741993,6,5
10,2,1,8,6.47555765775905,2.34185834304662,1,5
10,1,4,9,6.03382092951506,0,40,6
10,3,1,1,2.36688370587945,2.6335394858761,80,6
10,2,8,8,2.7002000350767,1.93348584738851,96,6
10,2,8,8,2.30853787851811,1.56683365938079,37,6
10,3,1,1,2.29184927248571,2.0418362175551,162,6
10,1,9,9,2.35853698807477,0,143,6
10,4,1,1,1.88348885075538,2.62520755865262,68,6
10,4,1,1,2.95021158078453,1.13342674542218,73,6
10,1,9,9,2.05849644981208,0,88,6
10,2,1,1,0,1.6334887753037,112,6
10,2,8,8,1.93348735662585,2.14183986991702,81,6
10,3,8,1,2.45019513003354,2.18351339104993,159,6
10,1,9,9,0,0,128,6
10,4,1,1,2.86690106218157,1.08342461739085,181,6
10,3,8,1,1.87513307751215,1.91682078554004,50,6
10,4,8,8,1.97515846297028,2.20016849189415,184,6
11,3,8,8,5.55856205019518,2.8417722149461,133,1
11,2,1,1,15.0005620387092,0,172,1
11,4,8,1,3.94181118336564,2.41675352308084,125,1
11,2,8,1,14.2838866034144,3.21678757139307,177,1
11,1,9,9,0,5.78354204530478,30,1
11,3,8,8,3.05844991411141,8.07529024832184,192,1
11,4,8,8,4.97523709310917,2.50840869694366,188,1
11,3,1,1,3.50012873766536,2.30010784984916,157,1
11,3,1,1,7.15024967257341,2.12508289466496,33,1
11,4,1,1,3.0417668420705,0,111,1
11,2,8,8,8.2669677890226,4.0334895994165,170,1
11,1,4,4,5.06685815825767,2.25839292543242,100,1
11,1,9,9,0,0,69,1
11,2,8,8,5.27520790453127,2.47508964095323,179,1
11,1,9,4,0,4.08348750158621,124,1
11,4,1,1,5.7335477652814,2.91677057741617,186,1
11,2,8,8,2.591750708365,4.7001689436438,23,2
11,1,9,9,9.3253413358907,1.58341460558586,32,2
11,4,8,1,8.35030195243598,2.42509445540782,131,2
11,4,1,1,7.41694127178926,2.48342725295515,174,2
11,2,8,8,0,2.37508900708053,119,2
11,2,8,8,6.77525816201523,4.12515081019956,53,2
11,3,7,7,2.75010043951625,3.34169509308413,145,2
11,2,8,8,3.1584393796511,2.30008672057011,7,2
11,4,1,1,9.59203263325617,4.28349510811677,154,2
11,3,8,8,4.93350949112209,0,15,2
11,1,4,9,16.5173249492364,2.77510271090432,122,2
11,1,9,9,2.52509025973268,2.18341176821559,151,2
11,3,8,8,0,1.53338712242839,161,2
11,3,2,3,6.32517109431501,2.19174877654586,163,2
11,4,8,8,3.75851472061186,4.04181000616518,176,2
11,1,9,4,6.41689871138078,8.10032451548614,97,2
11,1,9,9,10.2170444430085,3.55012060288573,146,3
11,4,1,1,0,0,56,3
11,2,8,8,6.600245582551,3.53346801736916,89,3
11,4,1,1,7.60860734230664,2.27506784761499,29,3
11,4,8,8,3.76681943133008,2.90846073531429,86,3
11,2,8,8,5.58353594798245,1.87508070627518,72,3
11,1,4,9,3.25847714069823,0,43,3
11,1,4,9,6.02521869554766,0,147,3
11,3,8,8,2.44175941664435,3.40845515114779,58,3
11,2,1,1,6.61691175115993,3.76680252791266,62,3
11,3,8,8,5.96688529429957,3.55845912043878,74,3
11,2,8,8,0,2.70843954567681,123,3
11,3,1,1,5.18352737554233,0,64,3
11,3,1,1,11.9171020052017,10.517043326181,107,3
11,4,8,8,4.72517966675514,6.95027345810377,99,3
11,1,9,9,0,2.1333800592256,44,3
11,1,4,1,2.99177527868596,2.56675115358667,85,4
11,1,9,4,0,0,59,4
11,2,8,8,2.90012372699857,3.90013912117865,191,4
11,4,1,1,2.40840685566945,3.84181477534003,28,4
11,3,8,8,3.06681499417755,2.16675525868777,167,4
11,2,8,8,5.23351863707649,2.79171273604152,2,4
11,2,8,8,3.42512464009633,0,187,4
11,3,8,8,2.96677512022143,0,103,4
11,4,8,8,2.65842624931247,3.93349530431442,13,4
11,1,9,9,6.61690661976172,3.08346184459515,79,4
11,2,8,8,0,2.54175039142137,60,4
11,3,8,8,0,2.47509084834019,126,4
11,1,9,4,4.3418378666247,1.8667418868863,25,4
11,4,1,1,7.32524685784301,4.82515162519121,16,4
11,4,1,1,2.67510056779429,4.3834972512268,137,4
11,3,8,8,2.21675919780682,1.71673248434672,11,4
11,4,1,1,0,3.18345131014939,129,5
11,1,9,9,3.25012866219913,10.5753942345327,155,5
11,3,1,1,2.96676908328664,3.26678577541315,1,5
11,2,8,8,2.81676662323298,1.88337243758724,110,5
11,4,1,1,6.57524421668495,0,139,5
11,4,8,8,7.85028731286002,2.90843598388892,14,5
11,1,9,9,1.90005581146397,0,19,5
11,1,9,9,1.55005510212504,4.70850534827332,189,5
11,4,1,1,5.09187310724519,6.06688592817227,166,5
11,3,1,1,5.83352304404252,3.60010612933547,104,5
11,3,1,1,2.66670017165598,3.23345162709302,3,5
11,2,8,8,2.75009681735537,2.95844565806328,102,5
11,1,9,4,4.86683998709486,0,141,5
11,3,6,8,3.93347326951334,2.40842375908687,6,5
11,2,8,8,3.02511365285318,2.17507687282341,153,5
11,2,8,8,0,2.73343668566667,8,5
11,3,8,8,0,2.25844001353835,112,6
11,2,3,3,3.18345704523381,2.81677447125549,128,6
11,2,8,8,3.08344252640381,1.80839490253129,88,6
11,4,8,8,3.9168064971891,1.85839582317567,50,6
11,1,9,9,2.25841978981043,0,184,6
11,4,8,8,2.58343392377719,1.68339803419076,159,6
11,1,9,4,0,1.45005537380348,68,6
11,3,8,8,0,5.42519829070079,81,6
11,4,8,8,4.76681248884415,2.09174120018724,80,6
11,1,4,9,4.87520506716101,0,181,6
11,3,8,0,2.12506840602146,3.52515425125603,37,6
11,2,8,8,2.58342426468153,2.15006373495271,40,6
11,1,9,9,4.51678977487609,0,73,6
11,4,8,8,6.07522233278723,2.37511255111895,162,6
11,3,8,8,3.76678532264486,4.98351222283964,96,6
11,2,8,8,0,7.00859116330685,143,6
12,4,8,8,8.05897759649088,3.03357763953682,133,1
12,2,8,8,8.40901211288292,3.59193569175841,30,1
12,3,8,8,5.45879358958337,2.65023835474858,179,1
12,1,4,9,7.5339599308063,0,125,1
12,1,9,9,0,4.37537923504715,111,1
12,4,1,1,6.95055297155341,3.69194749403687,33,1
12,2,1,1,6.64220706875494,0,100,1
12,4,1,1,4.95039902877761,3.4669682536769,157,1
12,3,8,8,4.95872703196073,0,170,1
12,1,9,9,0,5.39209470561764,188,1
12,4,1,1,3.79196986102033,3.0335785450734,192,1
12,3,1,1,6.53385941521265,5.91714527278964,172,1
12,2,1,1,25.9520860606572,4.73371790858801,124,1
12,3,2,2,9.40907489739766,5.64215303784295,177,1
12,2,1,1,9.60911600917461,4.33368820669421,69,1
12,1,9,9,0,4.26699837816705,186,1
12,1,9,9,9.40075927000726,1.90015753479383,154,2
12,4,1,1,4.95874302994343,2.50017763790675,15,2
12,4,1,1,3.40027993440162,1.7751650432765,161,2
12,2,8,8,0,1.52511999236594,97,2
12,3,7,2,0,1.53347938781371,23,2
12,1,9,4,3.30025213415502,2.26684413352632,176,2
12,2,1,1,2.33355448774819,0,122,2
12,2,8,8,2.10017268758384,2.40851587377256,32,2
12,4,1,1,2.51685326444567,0,163,2
12,1,4,9,0,2.68342751511955,131,2
12,4,7,7,2.81691251732991,1.87510923146328,145,2
12,1,9,9,2.8502387169865,1.55846218999068,174,2
12,3,3,2,8.57569019949005,5.83380215453508,53,2
12,3,7,7,6.28383881405171,2.9086095977691,119,2
12,3,2,3,3.09191561883199,3.38360672265117,7,2
12,2,8,8,0,3.03359273196838,151,2
12,1,9,9,0,0,56,3
12,1,4,9,5.15875184391916,4.68371547870629,29,3
12,2,1,1,5.95881637916318,3.3586239204742,146,3
12,3,8,8,4.72537843514874,2.69189316128904,62,3
12,3,2,2,8.74231093486014,2.89189020317281,123,3
12,4,1,1,0,4.23367730995233,64,3
12,3,7,7,4.30036623292835,3.7336312780244,89,3
12,4,8,8,5.3420992182364,4.20866824695258,74,3
12,1,9,9,2.72522600161028,0,86,3
12,1,4,4,4.08367213324527,3.90859027946135,99,3
12,2,8,8,7.00057834193285,1.71684426935099,43,3
12,2,1,1,0,6.0004624320718,147,3
12,2,1,1,6.45053048385307,2.70022025893559,44,3
12,3,7,7,5.96714619343402,0,72,3
12,4,8,8,5.48377790099767,4.41702257133147,107,3
12,4,8,8,4.40869245521026,3.1669431096816,58,3
12,1,4,4,0,0,137,4
12,4,8,8,3.31693681614706,2.75856155855581,11,4
12,4,8,8,1.51678051894123,2.60021238068293,167,4
12,1,9,4,2.09183774188568,3.30027024506126,16,4
12,2,8,8,6.15054850419983,2.45853037759662,25,4
12,3,7,1,2.80856821431371,2.48353129067982,191,4
12,1,9,9,1.70847340366163,2.75020397419576,28,4
12,4,1,1,2.55020934711501,2.9752695432544,103,4
12,1,9,9,2.21684774062305,0,13,4
12,2,1,1,0,2.01680361034232,79,4
12,4,1,1,4.08366488886531,0,126,4
12,2,1,1,0,2.27517756998714,59,4
12,3,2,3,3.91699283925118,1.92517927543668,2,4
12,3,3,3,4.85039296161267,0,187,4
12,3,2,2,5.2504229653714,3.34194346435834,60,4
12,2,8,8,4.60870187287219,2.09183894928719,85,4
12,1,9,9,0,2.7752130371955,139,5
12,2,1,1,4.42535449855495,2.74188140427577,189,5
12,2,8,8,11.5592693331855,0,155,5
12,4,1,1,3.89197713557223,0,1,5
12,3,8,8,5.74212107209314,0,153,5
12,2,1,1,2.75023868678545,2.65024499542778,141,5
12,2,1,1,5.16708588408073,3.93364673267934,19,5
12,3,2,2,2.9585715799185,0,8,5
12,1,9,9,0,3.12524332771136,166,5
12,4,8,1,2.50020631353254,2.8668920067139,104,5
12,1,4,9,4.84206012885261,3.70864002409508,129,5
12,4,1,8,9.10907088281238,5.36708926479332,6,5
12,4,8,1,4.79205256754358,3.85028278687969,3,5
12,1,9,9,4.72538930168957,3.44194379639521,14,5
12,3,8,8,3.35858800049755,4.56704314232047,110,5
12,3,2,2,2.23351612278202,2.91688689039438,102,5
12,2,1,1,0,2.64189737207198,181,6
12,2,8,8,0,2.13351699814666,73,6
12,1,9,9,4.56703469055356,0,159,6
12,1,9,4,1.94182018938591,1.7835347015789,50,6
12,1,9,9,2.9335685538972,0,162,6
12,4,8,8,2.85856702202,2.95023482313263,81,6
12,3,2,7,4.6337127469742,2.5001969562145,88,6
12,1,9,9,4.35036715355818,0,80,6
12,2,8,8,0,2.6502214512293,184,6
12,4,8,8,2.67522477911552,5.29207807374769,37,6
12,3,7,7,2.54187772172736,3.76697226826218,128,6
12,4,1,1,3.566957417308,3.32524580287281,96,6
12,3,1,1,4.44201533451269,4.79204985090473,143,6
12,4,1,1,4.41701894915605,3.67530627825181,112,6
12,3,3,3,1.65846403127944,3.85863795643672,40,6
12,2,8,8,2.17515791965707,2.60855547631218,68,6
13,4,8,8,7.50029143308348,3.87513413316628,177,1
13,4,8,8,2.1917575300904,10.3253911406209,170,1
13,1,9,9,0,3.7417887863412,133,1
13,3,3,0,7.37528611301968,0,124,1
13,3,3,1,13.9255196066079,3.68350458610803,69,1
13,1,9,9,0,3.50010308067431,33,1
13,2,1,1,5.34186805129866,1.48342151787074,186,1
13,1,9,0,0,2.71677564845595,192,1
13,4,8,8,2.43346255394863,0,179,1
13,2,1,1,3.7501405851508,4.2001594354806,188,1
13,3,3,1,8.89197024152963,2.34175848090672,30,1
13,2,8,8,2.53343179576041,6.15853687615891,111,1
13,4,1,1,7.67525843367912,3.34179440067965,172,1
13,1,9,0,0,0,157,1
13,3,0,8,17.983994573995,5.79188629794226,100,1
13,2,8,8,8.69198316057737,0,125,1
13,3,3,6,2.68343455764989,1.78340349762584,32,2
13,1,0,9,3.04178193441476,1.75836228799017,163,2
13,3,7,8,0,4.06686057304614,151,2
13,1,9,9,5.06684487701568,0,145,2
13,4,1,8,4.34179772099014,4.28351955770631,7,2
13,3,1,1,0,3.16677035103203,97,2
13,1,9,9,4.57517569746415,2.18343863259361,15,2
13,2,1,1,3.11679086151707,1.75006512344407,174,2
13,4,2,1,3.22512669264688,0,53,2
13,2,1,1,5.20853115618229,3.28339187652455,131,2
13,2,8,8,8.65865504917747,1.32506695717166,176,2
13,4,1,1,2.25841375287564,2.17508109868504,23,2
13,4,8,8,3.45843313142541,2.25010874030704,119,2
13,2,2,2,2.40009459877911,2.86673615180189,154,2
13,3,3,3,6.49190824219841,0.966703884376329,122,2
13,1,9,9,7.37529637581611,0,161,2
13,3,0,0,8.58367147720128,0.95004103606334,147,3
13,4,1,8,3.40011512437195,2.88346359530988,72,3
13,1,9,9,11.9587616916688,16.2172753558116,64,3
13,4,1,1,0,0,62,3
13,2,1,1,6.4752363384905,0,56,3
13,2,1,1,6.43357212434057,3.67514705219946,99,3
13,2,8,8,0,1.50838605841273,29,3
13,4,8,8,14.8422304183769,2.29175333442981,89,3
13,1,9,0,5.85021426594176,3.53346469705866,74,3
13,3,4,7,3.47508994278905,2.15837750106584,43,3
13,2,1,1,2.75012066325871,5.71687767266121,86,3
13,3,7,6,5.30852877158031,2.55842923760065,146,3
13,4,8,8,7.85863126366166,0,123,3
13,1,9,0,5.34186261805007,16.2005968114681,107,3
13,1,9,9,3.98344400545466,4.16680144125712,58,3
13,3,6,0,0,3.40846843240433,44,3
13,2,8,8,3.85848003841238,1.06670391456282,13,4
13,4,8,8,0,2.85842842262355,60,4
13,2,8,8,2.70843562166556,0.850058814845397,28,4
13,1,9,9,0,0.775037813858944,103,4
13,3,8,1,3.44176998127659,0,25,4
13,3,8,8,5.63356252560334,1.83340260716795,85,4
13,4,8,8,0,1.8750653120951,191,4
13,3,0,1,3.85020339945913,2.87510787250358,59,4
13,1,9,9,2.65844134165673,1.7167261455761,11,4
13,2,1,1,2.90010772911774,2.54176548375108,137,4
13,4,8,8,1.10004651459167,3.46677768591326,2,4
13,2,1,1,1.45001703925664,1.92507528813439,16,4
13,3,8,8,2.65838670739322,0,79,4
13,1,9,0,4.79181566579791,3.28344198307605,167,4
13,4,8,8,6.16689501376823,1.07504062104272,187,4
13,1,9,9,0,1.62511775798339,126,4
13,1,0,0,1.15835818287451,3.18344044366677,6,5
13,4,2,1,7.38361014192924,3.96676425372425,102,5
13,2,8,8,0,0,166,5
13,1,9,0,7.12527215261071,5.05015667357657,104,5
13,1,9,9,3.70014087189338,1.92508766385436,1,5
13,3,1,1,2.75010406167712,4.92518304743862,141,5
13,4,1,1,7.02526910394954,0,153,5
13,4,1,1,2.82513079774799,5.27520760266634,110,5
13,3,1,1,0,3.26679000126023,189,5
13,4,8,8,3.57515607743699,2.11673532171699,8,5
13,2,1,1,6.05025809411018,0,129,5
13,3,8,8,7.78362897718034,3.71683179194224,155,5
13,1,9,9,3.85848335873743,1.50840869692911,3,5
13,2,1,1,0,0,14,5
13,2,8,8,0,3.78348107225611,139,5
13,3,8,8,3.10011533566285,6.67526537615049,19,5
13,4,8,8,1.87504599390377,2.35008673566335,128,6
13,2,8,8,7.76696099746914,3.68347349589749,50,6
13,1,9,0,0,0.441701763906167,81,6
13,3,8,8,0.900013854770805,3.10012680584623,181,6
13,3,8,8,2.5333198106091,7.87529139535036,73,6
13,3,1,1,2.77511237001454,2.49176063912455,68,6
13,1,9,9,2.15008516606758,0,37,6
13,4,1,1,8.86705097800586,1.72506255019107,143,6
13,3,1,1,1.80006694962503,0.983389974891907,184,6
13,4,0,1,4.30017787832185,1.47505673964042,40,6
13,1,9,9,2.41677555789647,0,96,6
13,2,8,8,3.55013720445277,1.10003987395612,162,6
13,4,1,1,3.03345699995407,0.858362318162108,88,6
13,1,9,9,0.983351942180889,0,112,6
13,2,8,8,0,0.98337065668602,80,6
13,2,8,8,0.716693546113675,3.04176895499404,159,6
14,2,8,8,4.98370103625348,0,157,1
14,4,8,8,6.87557313661091,1.75013115358888,69,1
14,1,0,0,2.59188628729316,0,179,1
14,2,1,1,3.60029581244453,3.91698718046246,192,1
14,4,8,1,5.07544635984232,3.2252732492052,100,1
14,3,1,1,3.20861176429025,3.55862942246313,188,1
14,3,2,2,3.27526977793605,0,125,1
14,2,1,1,2.98358240941889,2.13352611449955,33,1
14,3,0,7,4.50871137459762,7.37564980637399,111,1
14,3,2,7,3.19193941277626,1.97515960289456,186,1
14,1,9,9,0,1.83348928886699,170,1
14,2,1,1,9.85081906843698,2.01680576895888,133,1
14,4,8,8,6.03381679550512,2.18351026740856,124,1
14,1,0,0,1.55013568131835,4.72535897443595,172,1
14,4,1,1,2.79191918886499,2.66689436175511,30,1
14,1,9,9,0,4.50036916184763,177,1
14,4,1,1,2.54188281601819,0,97,2
14,2,1,1,3.65864179830533,2.21685104635253,145,2
14,4,1,1,2.6002118983015,0,32,2
14,2,8,1,5.77548016699438,2.34182425722247,163,2
14,3,8,8,3.00025234612986,2.62521137006115,154,2
14,1,9,0,2.64192054720479,2.62522193479526,7,2
14,2,1,1,3.03357984370086,0,15,2
14,3,0,2,4.97542462668207,2.20018624109798,131,2
14,1,9,9,3.55863425206917,2.08348823239794,53,2
14,1,9,9,5.26709811011096,1.71680788189406,119,2
14,2,8,8,0,1.73348838332458,161,2
14,4,8,1,5.30041745776543,0,122,2
14,3,1,1,2.22518963689799,2.92526268446818,176,2
14,1,9,9,0.791710610908922,1.93348023339058,23,2
14,3,2,1,2.65023348054092,6.26718534460815,174,2
14,4,1,1,0,3.45030441514973,151,2
14,3,8,8,2.87523446154955,2.05850204201124,86,3
14,2,1,1,2.61688877754204,3.56701721447462,64,3
14,4,1,1,5.31711395722232,2.2168528574548,147,3
14,1,0,9,3.08359357785957,3.01690205892373,62,3
14,2,1,1,4.99208248940704,2.43353939587541,107,3
14,2,1,1,0,2.25855607306585,58,3
14,3,7,2,2.42520171088108,0,99,3
14,3,1,7,3.79198619944509,2.30019439103489,29,3
14,1,9,9,0,0,123,3
14,1,0,0,0,3.11691020884609,89,3
14,4,1,1,2.62522374589753,0,146,3
14,1,9,9,2.77523657448182,3.59195752374944,72,3
14,4,1,1,4.29203238240734,2.09184070801712,43,3
14,4,1,1,0,2.00009447887714,44,3
14,2,1,1,2.49188568358659,0,74,3
14,3,1,1,2.23357682520873,1.85017250695091,56,3
14,1,9,9,3.07526132614294,2.50021884083981,60,4
14,2,1,1,2.73361636747723,3.2169090014504,167,4
14,1,9,9,2.28355524297513,1.72516699820699,191,4
14,3,7,7,3.47528305930609,1.75847729036468,137,4
14,4,1,1,2.68355222448008,2.35019906969683,85,4
14,3,2,7,1.11675053050567,2.41686976102937,16,4
14,1,9,9,1.85018488278729,1.76681769199786,187,4
14,3,2,2,1.53348838332749,1.46677241458383,13,4
14,4,1,1,0,0,59,4
14,4,1,1,0,1.60013039894693,25,4
14,4,1,1,1.46678448855528,0,79,4
14,1,0,9,1.90016028204991,1.54179739262327,2,4
14,3,2,2,1.95849117543548,2.58354467824392,28,4
14,2,1,1,0,1.74180192036147,126,4
14,2,1,1,1.17507629244938,0,103,4
14,2,1,1,2.5752169542684,1.82514979277039,11,4
14,4,1,1,3.79198227539018,0.866750077722827,189,5
14,4,8,1,2.06684938618855,5.05040040327003,141,5
14,2,1,1,2.50021793528867,5.73380411783,6,5
14,2,8,1,2.30854867774178,1.04174758745648,3,5
14,2,8,1,2.98358210758306,2.80023544255528,104,5
14,3,1,2,2.63357169376104,2.43352702005359,166,5
14,1,9,0,2.77521725613042,2.70855109253898,102,5
14,4,1,1,2.25850747530058,3.01691684954858,19,5
14,1,9,9,0,4.000346825007,8,5
14,4,1,1,2.1668623657024,0,155,5
14,1,9,9,7.67563018614601,2.15016646996082,110,5
14,2,1,1,0,2.35018005318125,1,5
14,3,7,8,1.9751517547993,2.12521831260528,14,5
14,3,1,1,1.86678901630512,4.1420174408704,139,5
14,1,9,9,2.51687760911591,2.12517635553377,153,5
14,3,2,2,2.47523355600424,1.48349970267736,129,5
14,1,0,0,2.816905982967,2.37520337104797,88,6
14,2,1,1,1.77514692521072,2.93357169376395,112,6
14,4,8,8,1.76681165500486,2.33353486812848,181,6
14,1,0,9,0,0,128,6
14,2,1,1,2.15019816414861,3.2919379035302,81,6
14,4,1,1,1.25844076657086,3.03360187870567,73,6
14,3,7,8,2.30023212220112,2.65024585636274,80,6
14,1,0,0,3.78364941998734,1.38342152367113,40,6
14,2,1,1,0,3.40857161830354,96,6
14,1,9,0,1.8751762046013,2.70855079068861,143,6
14,4,1,1,2.12518963690673,2.88356641140126,68,6
14,3,8,8,0,3.275283059309,50,6
14,4,8,8,1.60846778210544,3.3585971245775,184,6
14,2,1,1,1.72514043544652,2.58355313002539,37,6
14,3,7,7,1.89171574235661,2.77522450052493,162,6
14,3,2,2,9.17576873503276,3.43362149893073,159,6
15,3,0,4,4.71706596315198,5.22545345331309,177,1
15,1,4,9,4.12535927628051,0,111,1
15,2,8,8,4.59206950989028,0,69,1
15,4,8,8,3.55862368733506,2.25021355848003,133,1
15,4,8,1,6.2756473915797,3.96704739941924,157,1
15,4,1,1,3.483633723823,5.03378329021507,192,1
15,2,8,8,4.39205562480493,3.80032992143242,30,1
15,2,8,8,8.62576073603123,2.70856829796685,124,1
15,3,8,8,4.37539806393033,12.3511341992416,170,1
15,1,9,9,0,2.37523355599842,188,1
15,1,9,4,0,8.65076956512348,125,1
15,2,1,8,10.4509235083242,2.8085779571411,100,1
15,3,2,1,4.51706264281529,6.20053155683854,172,1
15,4,1,1,4.23371990183659,4.92545043480641,33,1
15,3,1,2,3.40030426422891,2.77522268942266,179,1
15,1,4,9,2.266865384212,1.58347404547385,186,1
15,1,9,9,2.28355554481095,0,131,2
15,1,9,9,0,0,176,2
15,3,4,1,2.86691971711116,0,23,2
15,1,9,9,4.40872616521665,1.30011258982995,174,2
15,2,1,1,4.42540545924567,0.958410279781674,122,2
15,2,1,1,3.1336097267922,2.28364730704925,151,2
15,2,8,8,3.14194318591035,2.76691790601762,97,2
15,4,8,8,9.82589475717396,1.81682659655053,15,2
15,2,1,1,5.73384486750001,8.09240909048822,32,2
15,4,1,1,0,1.18341820333444,163,2
15,4,1,1,4.80877687591419,8.08406748146808,145,2
15,3,7,2,3.32529437866469,5.80889520089841,7,2
15,3,4,4,5.9672052666574,8.94247836494469,53,2
15,3,4,1,2.56690341723152,3.47534463657939,119,2
15,1,9,9,7.4340042440017,2.75857569328218,154,2
15,4,1,1,0,2.82525332712976,161,2
15,1,9,9,0,3.50033233623253,29,3
15,1,4,9,0,3.61699895258062,86,3
15,3,2,2,3.85865779631422,0,72,3
15,4,1,1,0,2.68356701509038,74,3
15,4,8,8,3.05027121170133,0,64,3
15,1,4,4,9.90923689445481,2.71690507741005,56,3
15,4,1,1,3.82534116531315,7.67569146159803,58,3
15,2,8,1,3.35030049110355,0,43,3
15,3,2,1,4.05869281085324,3.95869069790933,123,3
15,3,3,3,2.48358572977304,3.58365243849403,62,3
15,2,2,1,4.01699533038482,3.63366194674745,147,3
15,2,2,1,4.75876948061341,3.39196114594233,44,3
15,2,8,8,4.74209079027059,3.12528441763425,146,3
15,1,9,9,4.73368820764881,0,99,3
15,3,8,0,0,2.92527838062961,89,3
15,4,8,8,3.63369907422748,3.10861055688292,107,3
15,1,4,9,0,1.00842069358623,16,4
15,1,9,9,0,1.67514903815754,28,4
15,1,9,9,3.00026411825093,2.99193609243957,137,4
15,4,8,8,0,2.45022019917087,167,4
15,4,1,1,1.90016933753213,0,11,4
15,2,1,8,122.477723511955,2.81691292549658,25,4
15,2,8,8,3.4669716352073,3.46698461472988,79,4
15,3,0,4,2.53355328095495,0,187,4
15,2,8,8,2.94191964164202,3.03355961978377,85,4
15,1,4,4,3.55033007236489,5.10880283497681,13,4
15,4,8,8,4.06702898659569,3.65031890393584,126,4
15,3,1,0,4.98377136717318,3.05027241910284,60,4
15,3,0,1,3.60032267704082,4.15873144757643,191,4
15,4,1,1,4.28372518419928,0,103,4
15,2,8,8,0,2.50022125564283,59,4
15,3,4,1,9.85088245681254,2.7419139065023,2,4
15,2,1,1,0,5.61715500873106,141,5
15,4,1,1,2.73356716602575,2.72521257746848,104,5
15,1,9,4,4.85042847527075,0,129,5
15,3,3,0,5.68386765713512,0,8,5
15,1,9,9,5.54215659343754,5.14212369185407,166,5
15,2,8,8,3.20862142345868,3.34196340980998,189,5
15,2,8,8,3.25029083192931,4.94210980678326,19,5
15,1,9,9,19.7767914009164,2.18350543781708,14,5
15,4,1,1,4.40036553965183,2.65864360939304,3,5
15,2,1,1,5.54216021564207,3.2085957662639,155,5
15,3,0,3,28.5775964333443,4.15872541058343,102,5
15,3,3,8,5.34209863835713,0,153,5
15,4,8,8,5.40046213148162,1.54184085894667,1,5
15,1,9,9,0,6.98396606004098,139,5
15,4,1,1,3.22529377495812,2.70857554236136,6,5
15,3,3,3,6.07555019605206,4.40871710973443,110,5
15,3,4,0,0,4.27544605800358,88,6
15,2,1,1,0,4.87543790806376,68,6
15,1,9,4,4.24203706107801,6.90895225043641,162,6
15,1,9,4,2.89192884805379,3.6169850675069,50,6
15,4,1,1,2.67526494833874,5.05044990658644,81,6
15,4,1,1,2.61689783302427,3.60864647696144,112,6
15,2,8,8,4.10868843403296,3.7420083853649,181,6
15,3,0,3,9.80094146837655,3.76699457576615,143,6
15,3,8,0,3.49197654027375,5.69217696828127,128,6
15,3,4,6,3.60870020615403,5.53381528625323,40,6
15,2,1,1,3.62531430071977,1.1167789043393,184,6
15,1,9,9,2.33354875320219,0,159,6
15,1,4,9,5.50052521801263,0,80,6
15,4,4,1,0,3.99204506007663,37,6
15,4,0,1,4.29204656933143,2.70023725365172,96,6
15,2,1,1,2.16686689345806,6.53393180014973,73,6
16,3,0,8,4.41701140294026,7.51715330196021,111,1
16,3,2,8,2.81687689918908,0,186,1
16,2,1,1,3.60864331424818,1.90849459344463,157,1
16,1,9,0,0,1.80014301587653,170,1
16,3,8,8,7.51727102292352,2.80854406642902,188,1
16,1,9,9,0,1.81681169988588,179,1
16,1,9,9,0,1.65012667076371,177,1
16,2,1,8,4.80871461090283,1.82514724929933,33,1
16,4,8,8,2.8002260242356,1.31677532714093,100,1
16,4,8,8,3.11692287074402,2.50855997385224,124,1
16,4,1,1,2.93356976128416,0,69,1
16,1,9,9,0,1.5001275310351,172,1
16,2,8,8,4.11696301659686,1.15844214725075,133,1
16,4,8,8,4.65867653269379,1.66682040822343,30,1
16,2,8,8,3.25027264475648,1.81680445552047,192,1
16,3,8,8,1.80847584865114,0,125,1
16,2,1,1,1.60012967417424,0.891745013985201,145,2
16,2,8,8,1.30019780139264,0,15,2
16,3,1,8,2.35018845916784,0.675056347594364,131,2
16,4,8,8,2.21685709792655,0.933404046401847,32,2
16,2,8,8,1.59176756207307,0.716727152102976,161,2
16,3,8,8,0,1.09173994293087,174,2
16,1,9,0,0,2.1835097688745,23,2
16,1,0,9,4.84208035271149,2.30851644727227,7,2
16,3,8,8,1.00841403004597,0,154,2
16,3,8,1,0.891754673139076,0.850067870662315,176,2
16,2,8,8,2.51689401401381,1.23343703844876,163,2
16,1,9,9,0,1.85018015834794,53,2
16,4,1,8,1.35011843030225,1.24177560633689,151,2
16,4,1,8,1.09176137417671,3.46694440762803,122,2
16,1,0,0,1.10011352525908,0.90840675549407,119,2
16,4,1,8,1.61679866003396,1.40844735412975,97,2
16,1,9,9,4.71704831902753,2.38351194220013,72,3
16,4,1,8,2.566880144077,1.26676746396697,44,3
16,3,1,8,2.15017451377935,1.43345279495406,99,3
16,2,1,8,1.38347602220892,1.97515846297028,58,3
16,2,0,8,1.48345794147463,0,74,3
16,2,8,8,1.59179503031191,1.19176834689279,64,3
16,3,8,8,0,4.12535108767042,29,3
16,4,8,8,1.39178017935774,0,43,3
16,3,8,8,2.45853309422091,2.68356485625554,56,3
16,1,9,9,2.30017335165758,2.18350675038528,62,3
16,4,8,8,2.20851098382263,2.21685075911228,147,3
16,1,9,9,0,2.88354771124432,123,3
16,3,8,8,2.9835619283258,0,86,3
16,4,8,1,2.01682806009194,6.00881397945341,146,3
16,2,8,1,3.16691383036959,0.966741112599266,107,3
16,1,9,9,2.74188563016651,2.35022649209714,89,3
16,2,1,8,4.33368035861349,0.666732570287422,126,4
16,1,9,9,2.35851917900436,0.975085415615467,60,4
16,4,8,8,1.4417859295645,1.25007885794912,59,4
16,4,8,8,1.19180788905942,2.67521059222054,85,4
16,2,1,8,1.10847141146951,0,11,4
16,4,1,8,1.86681926120946,2.03347953873163,25,4
16,4,8,8,1.95849370298674,2.60019064757216,79,4
16,3,8,8,0,0,16,4
16,1,8,9,2.14183051261352,1.30844158881519,191,4
16,3,8,8,2.40852885325148,3.27527506709157,137,4
16,1,9,8,1.94184584652248,2.52520360442577,187,4
16,3,8,8,0,1.15843007329386,28,4
16,3,8,8,0.800060007502907,0,13,4
16,2,8,8,0.808425439929124,0.891742297360906,167,4
16,2,8,8,1.27511689841049,4.89205923839472,103,4
16,1,9,8,0.841734736037324,8.50909334035532,2,4
16,4,8,8,0,2.38352371427754,19,5
16,3,8,8,2.35852310304472,1.84177880594507,14,5
16,2,8,8,2.04180059941427,4.30034600906947,3,5
16,4,0,8,2.64190914416395,0,155,5
16,1,9,9,1.56679441904998,1.8084737356985,8,5
16,3,8,8,1.46676329847833,2.89192672686477,166,5
16,2,1,8,1.42512026402983,1.57512664813839,6,5
16,1,9,9,0.925077552456059,1.8084770560381,102,5
16,3,1,0,1.55012573504064,7.75061811048363,129,5
16,4,1,8,0,0.966745640325826,141,5
16,4,0,8,1.85848250440904,5.05874366381613,189,5
16,2,0,8,0,3.51694532827241,104,5
16,1,9,9,1.5251205960667,4.78369558686973,110,5
16,3,8,8,0.575044243465527,1.53348331183952,139,5
16,2,8,8,1.21676956182637,3.85032142349519,1,5
16,1,0,8,0,0,153,5
16,3,8,8,0,2.06683652693755,159,6
16,3,8,8,0.65008471380861,1.88349066185765,80,6
16,1,0,9,2.00016843153571,0,128,6
16,1,9,0,0.991750175599009,0.83340582731762,88,6
16,4,1,8,2.98357370040321,1.62513934086019,73,6
16,4,8,8,0.933410687066498,1.03342067825724,181,6
16,4,8,8,1.00007516030746,1.09176348712936,184,6
16,2,8,8,2.31679856948904,0.908404038855224,96,6
16,2,8,8,2.23353332815168,2.45019875222351,81,6
16,2,8,8,0,1.08342310813896,37,6
16,1,0,9,2.29185138543835,0,40,6
16,4,1,8,0,0.891735656681703,68,6
16,3,8,8,2.86690136401739,1.18342676050088,50,6
16,2,8,8,2.73355732513301,0.908368118864018,112,6
16,3,0,8,2.83357184403576,0.983414626185549,162,6
16,1,9,9,0,0,143,6
17,2,8,8,3.32512491174566,0,170,1
17,2,8,8,1.75844107000739,1.50837821040477,172,1
17,2,8,8,2.67510298258276,0.625023581786081,177,1
17,4,8,8,1.75008866749704,0,111,1
17,1,9,0,0,0.908361125868396,30,1
17,1,9,9,0,0.550018578680465,69,1
17,2,8,8,3.09179341969138,0,179,1
17,3,4,4,2.42511498098611,0.850033157868893,192,1
17,4,8,8,1.19170832907548,0.516669639851898,186,1
17,1,9,9,0,0.625024185472284,100,1
17,4,5,5,4.3835111361841,0.508353157129022,125,1
17,3,4,4,0.933368830519612,0.491679140483029,33,1
17,4,8,8,2.25005742635403,0.550020087903249,188,1
17,3,4,4,0.783364559378242,0.525012685102411,157,1
17,1,9,0,0,0,124,1
17,3,4,4,0.716692942427471,0.308345248733531,133,1
17,2,8,8,1.36671366420342,0,119,2
17,2,0,8,1.3167145546613,0.375014450910385,7,2
17,3,0,4,1.0417100948689,0.516690165430191,15,2
17,4,8,8,1.50005991659418,0,154,2
17,3,4,8,1.11670030749519,0.499986869675922,145,2
17,4,8,8,0,0.325025000463938,176,2
17,1,9,9,1.25005199310544,0.516714916884666,122,2
17,1,9,5,1.14170499365719,0.741699137826799,32,2
17,1,9,4,1.06670663118712,0.541688814671943,151,2
17,2,8,8,0,0.541686098047649,53,2
17,3,4,4,0.88337455051078,0.483349678324885,161,2
17,4,8,8,0.858366242187913,0.675030539350701,174,2
17,3,8,4,0.75003010922228,0.475021423582803,163,2
17,1,9,4,0.891703710818547,0.633343384834006,97,2
17,4,8,5,0.891701597895008,0,131,2
17,2,8,8,0.774974124185974,0.516693485755241,23,2
17,1,8,9,5.54179868689971,1.00837775762193,147,3
17,1,9,9,0.741703061838052,0.583327673710301,146,3
17,3,4,4,0.816711385268718,0.616669971888768,58,3
17,4,8,8,1.14171103059198,0.591701205485151,86,3
17,4,8,8,0.708349595326581,0.583358160234638,56,3
17,3,4,4,0.916692399099702,0.425020502952975,74,3
17,2,8,8,0,0.650007138683577,72,3
17,3,4,4,0,0.475019612495089,64,3
17,2,8,8,0,0.458344992162893,62,3
17,2,8,8,0.658354711631546,1.05837083025835,123,3
17,4,8,8,1.70839668341796,0,29,3
17,3,4,0,0.666714660299476,0.38334481860511,107,3
17,4,8,8,0.841718486204627,0.325018057992565,99,3
17,1,9,9,0,0,43,3
17,1,9,9,1.70839064648317,0,44,3
17,2,8,8,0.616710721209529,0.658362559654051,89,3
17,1,9,9,1.64170876675053,0.525023853449966,59,4
17,2,8,8,0.908356900021317,0.391672771511367,191,4
17,4,8,8,0.916715037616086,0.583361178694759,28,4
17,1,9,9,0.741695213830099,0.775079770552111,85,4
17,3,8,5,1.13338096476218,0.541687305434607,103,4
17,2,5,8,1.10004711827787,0.500020676510758,187,4
17,1,9,5,0,0.758361382439034,79,4
17,3,8,1,0.666698964269017,0.450023679877631,11,4
17,4,5,8,0.84169946986367,0.349994672404137,137,4
17,2,8,5,1.15005075553199,0.633366023350391,60,4
17,3,4,4,0.741703061838052,0,126,4
17,3,4,0,0.816704744633171,0.483346056178561,167,4
17,4,5,8,0.808362604933791,0.466682302328991,13,4
17,2,8,4,0.675021182105411,0,2,4
17,1,9,9,1.99174298108846,0,25,4
17,4,8,8,1.00837987056002,0,16,4
17,2,8,8,0.700053336317069,0.491680046034162,8,5
17,2,8,8,0,0.700026471968158,102,5
17,3,4,4,1.23337767463818,0.725035383991781,6,5
17,3,4,4,0.958373214845778,0.608340811581002,104,5
17,2,8,8,0.758362891690922,0.541686098047649,110,5
17,2,8,8,0.916699643436004,0.491686384819332,153,5
17,3,4,4,0.608355300224503,0.550011334358715,3,5
17,4,8,8,0.600008029126911,0.383360212785192,166,5
17,4,8,8,0.566705574718071,0.516688052521204,14,5
17,3,4,4,0.616684460532269,0.316678634888376,1,5
17,1,9,9,0.691700330135063,0.483349074638681,155,5
17,4,8,8,0.683361812582007,0,129,5
17,4,8,8,0.59169184822531,0.733362129525631,139,5
17,1,9,9,0,0,141,5
17,1,9,9,0,0.558362831303384,189,5
17,1,4,9,0.516684732196154,0.516687146970071,19,5
17,4,8,8,0,0.608349263289711,80,6
17,3,4,1,0,0.733365449836128,112,6
17,2,8,8,0.575021755605121,0.783429758288548,40,6
17,3,4,4,0.516683826659573,0.600019499310292,37,6
17,1,0,9,0.475026856816839,0,68,6
17,2,8,8,0.583359367621597,0.483350885711843,88,6
17,2,8,8,0.691697311660391,0.683383847397636,143,6
17,4,8,8,0.750028298134566,0.47502353649179,50,6
17,3,1,8,0.516683826659573,0.566685049125226,96,6
17,4,8,8,0.575023264827905,0.525021740511875,159,6
17,3,4,2,1.04168534344353,0.466697696509073,81,6
17,1,9,4,0.875032712647226,0.650025853174157,73,6
17,2,8,2,0.608350772527047,0.666732167417649,128,6
17,1,9,8,0,0.441710215614876,181,6
17,1,4,4,0,0.691692783962935,184,6
17,4,8,5,0.675030237500323,2.8417498782801,162,6
18,2,8,8,7.25906529305212,0,100,1
18,3,1,1,5.74218345804547,2.30018201521307,172,1
18,1,4,4,4.58374631367042,2.2918488579453,125,1
18,4,8,8,3.68364519410534,3.00024932762608,192,1
18,3,1,1,2.41686704437598,5.5088161163585,170,1
18,4,1,1,2.10851396505313,4.83374344609911,133,1
18,2,1,1,3.31693043276027,1.71678795982734,69,1
18,2,1,1,2.65857810806483,5.30044281312439,30,1
18,3,2,2,8.99240305350395,5.292109957707,177,1
18,1,4,9,3.61696423990361,5.68381211682572,186,1
18,2,8,7,5.60880253311188,5.32544288857025,124,1
18,1,9,9,0,3.01691684953403,188,1
18,4,8,1,3.20027196634328,4.39203479720163,157,1
18,1,9,9,0,3.05859048389539,111,1
18,3,2,2,3.39196084409195,2.06683972702012,179,1
18,4,8,8,4.82538644272427,3.62529709530645,33,1
18,2,1,2,7.61730563160381,0,151,2
18,4,7,8,2.25019001420878,0,145,2
18,4,7,7,3.49196024038247,0,15,2
18,3,2,2,3.70867696375353,2.20851819094969,23,2
18,2,1,1,7.63395504254731,2.06683097337373,122,2
18,4,1,1,2.40854626294458,1.22510723200685,161,2
18,2,8,8,3.72531007483485,3.45862610211771,97,2
18,3,2,2,3.23359493617318,2.55021204923105,119,2
18,4,1,8,5.20039844125859,0,163,2
18,1,9,9,0,6.73385724333639,176,2
18,3,3,3,8.14235098448989,5.95887875009794,53,2
18,1,4,3,0,7.86735800247698,131,2
18,2,4,1,10.2175145114015,5.7504656027595,32,2
18,1,9,9,0,1.8835123803583,174,2
18,1,9,4,4.71706113356049,2.77524291333975,154,2
18,3,1,8,6.31723016925389,2.29184040617838,7,2
18,4,8,8,12.2926904141641,4.81704664479184,64,3
18,4,8,8,5.91715832907357,0,58,3
18,3,7,1,11.5843062443601,0,72,3
18,1,9,9,3.21693284755747,0.95004452278954,56,3
18,1,9,9,6.05050846537051,0.983415184833575,29,3
18,2,8,8,4.65870548853127,3.72528834166587,147,3
18,2,8,8,5.08374782290775,3.93366073934885,44,3
18,4,7,2,7.78403729651473,1.65012873878004,107,3
18,4,8,8,14.27622241473,4.91708980925614,74,3
18,2,8,8,0,2.12517394073075,43,3
18,1,4,4,3.82535897444177,2.77523566894524,99,3
18,2,4,7,2.78359569080931,0,146,3
18,3,1,0,5.30878140366985,3.86698763322784,62,3
18,3,7,7,0,2.39184040616965,89,3
18,1,9,9,0,1.03342016536044,86,3
18,3,4,7,5.80048929792247,1.75842114636907,123,3
18,1,9,9,8.15068987687118,4.80043134283915,137,4
18,1,4,9,4.45868617016822,0.866752492511296,16,4
18,1,4,9,9.27577658313385,0,28,4
18,2,8,8,3.09193126283935,0.833394810004393,59,4
18,4,8,8,2.94191239726206,1.19176373642404,167,4
18,3,7,3,1.92515764085692,1.80848227086244,191,4
18,4,1,1,2.26683157707157,0.891768565998063,103,4
18,3,3,3,7.50068067046232,0.775063312918064,2,4
18,1,4,9,5.60880283497681,2.3584981179738,13,4
18,2,8,8,0,1.83349955175072,85,4
18,2,8,8,3.18361078326416,1.11676260447712,25,4
18,4,1,8,5.73380140117661,0,11,4
18,2,1,1,8.01732977955544,0.816740267619025,79,4
18,3,3,3,0,0.750065954096499,187,4
18,4,1,1,3.93366677634185,2.76690220982709,126,4
18,3,2,7,4.00034199540096,4.52538010390708,60,4
18,4,8,8,2.78354105605104,2.58358542791393,6,5
18,1,9,4,2.28355192262097,1.49179331764753,14,5
18,1,9,9,13.759505993221,1.24178230015968,139,5
18,3,3,3,0,2.10851366321731,153,5
18,3,3,3,0,2.01683263355517,8,5
18,2,1,1,2.50022578336939,0,155,5
18,2,1,1,2.55854882867425,1.74179497783189,141,5
18,4,1,1,3.9920012919174,1.54181429620076,104,5
18,1,4,4,3.56697465370235,2.61688304239942,166,5
18,3,1,1,2.27519039153412,0.858399715041742,110,5
18,4,8,8,2.12515975380666,0,1,5
18,1,9,9,4.32537346321624,0,129,5
18,2,1,1,4.30869567841,0.733394508162746,189,5
18,2,8,8,3.49199344383669,1.09176766045857,19,5
18,3,3,4,0,2.39187813735043,102,5
18,4,8,7,2.23351675717277,0,3,5
18,4,8,8,2.99192582957039,2.00850309849193,81,6
18,4,8,8,3.87533044966403,1.25843533329316,112,6
18,3,3,3,8.30903284423403,0.866702989209443,128,6
18,2,1,1,0,2.05850747530349,68,6
18,2,8,8,0,0.950075613276567,181,6
18,1,9,9,2.39186395042634,0,159,6
18,2,1,1,3.40860421804246,0.733408393236459,184,6
18,4,8,8,8.17570715775946,1.05842175005819,96,6
18,4,8,8,2.20852392609231,1.58346740479465,37,6
18,3,3,3,13.3511169938283,0.758428692599409,143,6
18,1,9,9,2.50852030390524,0,50,6
18,1,9,4,7.52566535161168,2.01683474649326,162,6
18,3,3,3,4.15864360939304,1.01674751201062,88,6
18,3,3,3,3.2002683441533,1.50012979525491,40,6
18,2,8,8,0,1.40011741942726,73,6
18,1,9,9,2.15851230488624,0,80,6
19,2,1,1,22.685220803527,3.12523046274146,125,1
19,1,1,9,3.79197138457675,2.95024721544178,192,1
19,4,8,6,4.55869691207772,3.4419167496817,172,1
19,3,1,1,3.50861390322098,2.55020133417565,100,1
19,4,8,8,4.27533309184946,3.06690241179604,170,1
19,3,1,6,2.24180566876021,2.03352470645041,30,1
19,2,1,1,3.73361013010435,1.07505629508523,188,1
19,3,6,7,4.54205922303663,0,124,1
19,2,1,1,3.94198617526854,2.73356726735074,186,1
19,1,9,9,0,1.98346584563842,33,1
19,4,1,1,3.32525068671384,1.70847293910629,179,1
19,4,8,8,3.10862476984039,2.39196534758958,177,1
19,1,9,9,0,2.60018080835289,157,1
19,1,9,9,0,2.69187569803034,133,1
19,3,1,3,3.71697093181137,2.48349814361427,69,1
19,2,8,8,4.52539074527158,3.21691720244417,111,1
19,3,3,7,3.78365661505086,3.56693501162226,151,2
19,1,9,9,0,2.31685773794015,161,2
19,1,9,9,3.19201183253608,0,163,2
19,2,8,2,2.49185245555418,2.2502221618488,174,2
19,1,9,9,2.97523831084254,2.05017537505773,145,2
19,3,1,1,3.06705484620761,3.94197078089928,122,2
19,4,7,2,5.50883817802242,2.99193335144082,53,2
19,4,2,2,3.77542938211991,1.62515741495008,119,2
19,1,9,9,3.97535905097902,3.4169570466911,15,2
19,2,7,7,0,0,154,2
19,3,6,3,3.05857315343746,2.92525189412117,32,2
19,4,2,3,2.57520782396023,0.925112741111661,23,2
19,4,7,7,0,1.55849769084307,7,2
19,2,8,8,0,2.70019258052344,131,2
19,2,2,2,4.25034229828452,0,176,2
19,3,7,6,4.32535844728409,1.70852123518125,97,2
19,4,7,8,6.47554740558553,1.84181834646733,62,3
19,4,7,1,0,2.37524404600845,123,3
19,2,1,1,0,2.01683238250553,99,3
19,4,7,8,17.3931799933634,0.891744996843045,89,3
19,3,2,1,0,2.51690452473122,147,3
19,3,2,1,2.60858703854319,5.35877448761312,44,3
19,3,1,1,4.39202843430394,2.391897733105,146,3
19,2,8,8,2.6168390232051,1.36677986054565,86,3
19,4,7,7,0,1.20007304778846,72,3
19,2,8,8,3.75033475203963,2.3002626098023,29,3
19,1,9,9,4.1087868634786,1.80014458631922,74,3
19,3,2,6,2.57520450360607,1.68351233057911,43,3
19,1,9,9,3.81696066890436,0,58,3
19,2,8,8,2.63353798787284,2.48353979896638,56,3
19,1,1,9,2.83357722841902,1.16670620907098,64,3
19,1,9,9,3.21691961724719,1.57513296506659,107,3
19,2,8,7,2.49188052762474,0.991710585891269,28,4
19,4,8,8,0,5.28373962389014,187,4
19,1,1,9,0,4.13371668326727,103,4
19,2,1,1,3.14194934950501,0,137,4
19,3,6,2,0,4.35867034923285,85,4
19,2,8,8,2.43353949712764,1.89178574662947,16,4
19,3,1,2,2.5501925805147,1.70014519001415,59,4
19,1,9,2,3.01694738748483,0,126,4
19,2,8,2,0,1.73347912704048,13,4
19,1,1,9,2.60023393401934,1.76688550815743,11,4
19,3,6,2,3.35030547254428,3.20027015605592,79,4
19,4,8,6,1.74183042047662,5.15876150803524,191,4
19,4,8,6,4.05866370853619,4.69210359503631,2,4
19,3,6,3,2.55023453771719,3.25027317456261,25,4
19,1,3,9,11.0509668266459,0,167,4
19,4,3,7,7.14227595158445,2.03348908810585,60,4
19,3,6,0,2.08349301216367,1.90019378792204,155,5
19,2,7,0,3.40027106160414,1.40009779951652,166,5
19,3,7,0,3.18359383018105,2.44189894049487,141,5
19,1,3,9,2.5168462676229,2.70856590902258,3,5
19,4,0,0,3.1752603459172,2.56689697847469,8,5
19,3,0,0,2.70030969845538,3.06692082465452,189,5
19,2,0,0,2.36683509915019,2.70855987201503,14,5
19,1,0,9,4.00867849920178,1.63344984756259,6,5
19,3,0,0,6.24217634096567,2.89189622385311,19,5
19,4,0,0,3.22527362732217,2.70023846176628,102,5
19,2,0,0,0,0,139,5
19,4,0,0,5.80052884180623,5.25886111865111,153,5
19,1,9,0,0,3.10022276555537,104,5
19,2,0,0,3.70021371003531,3.50028102267243,129,5
19,1,0,9,2.79199794740998,1.89181895015645,1,5
19,4,0,0,0,2.70026653385139,110,5
19,3,0,0,2.60023997101234,3.1586018292146,73,6
19,1,0,9,2.49188837574911,0,96,6
19,3,0,0,3.05019710827037,5.96716049383394,181,6
19,4,0,0,2.49179872618697,4.36705122400599,88,6
19,2,0,0,2.41685834163218,2.51687584894535,162,6
19,4,0,0,1.86678257719905,2.37519846660143,143,6
19,2,0,0,2.500210691549,2.84183525007393,80,6
19,1,0,0,3.43364816324902,3.75028766338073,37,6
19,4,0,0,2.16684385281405,2.35854025174922,128,6
19,4,0,0,2.98358417097188,2.25853481845115,40,6
19,1,9,9,0,0,81,6
19,3,0,0,2.68357662470953,2.52529324759962,184,6
19,2,0,0,0,1.92513930393034,50,6
19,1,0,9,2.37511485406139,0,112,6
19,3,0,0,0,3.01691388209292,68,6
19,2,0,0,0,2.66687796190672,159,6
20,3,4,4,9.35083003088948,7.25068269991607,186,1
20,3,3,7,5.57552772469353,2.37525298458058,111,1
20,1,9,9,0,0.62503648562415,172,1
20,2,8,8,5.94221885094885,2.20021195616573,192,1
20,2,8,8,4.73378732966376,3.38371613930212,33,1
20,4,8,8,2.39189586075372,0,100,1
20,4,1,1,5.64220155517978,2.00851929806231,30,1
20,3,1,1,3.14201244871947,2.17517927382141,188,1
20,1,9,9,0,0,170,1
20,1,9,9,0,1.8835062054859,179,1
20,1,9,9,0,0,177,1
20,2,8,8,2.38356008498522,0.691724201009492,157,1
20,3,3,3,2.48357792408206,0.875076555661508,125,1
20,2,8,8,5.17548081783752,2.36695644877909,133,1
20,4,8,1,1.17508992743387,3.26693438383518,69,1
20,4,1,1,2.34187788583222,0,124,1
20,3,1,4,1.77514142233122,2.10854981468583,176,2
20,3,3,4,6.75897727372649,2.15848780045053,131,2
20,2,1,1,0,3.15028876085125,161,2
20,2,8,8,3.53370335613727,1.67517640626465,15,2
20,1,9,9,2.26688186265528,1.38350092319888,23,2
20,2,8,8,1.07510529138381,0,145,2
20,1,9,9,2.90861495301942,1.1001035633235,7,2
20,3,3,3,2.1418729959405,2.06682565895608,174,2
20,4,1,1,0,0,97,2
20,1,4,9,0,2.45857089862693,53,2
20,4,1,1,0,5.46719342796132,122,2
20,2,0,8,2.50023800547933,4.75044348706433,163,2
20,4,8,8,1.19177355281136,0.650061621839996,32,2
20,3,1,4,3.21696349687409,2.84193931147456,154,2
20,4,8,1,2.04190888541052,4.03378500544932,151,2
20,1,4,9,2.74187861026439,0,119,2
20,2,1,1,5.08377973822644,3.78368426438828,107,3
20,1,9,9,2.14187118485279,2.25022268679459,62,3
20,2,8,8,4.10873303512926,1.55845652922289,58,3
20,1,9,9,3.30035566499282,3.15864083630731,123,3
20,4,8,8,0,0.900096862344071,43,3
20,3,3,3,3.21697194855369,2.50023891100136,56,3
20,4,1,0,0,2.05852218068321,147,3
20,1,9,4,3.20867873304815,2.28355764003936,72,3
20,1,9,9,5.69220805994701,3.13365554374468,89,3
20,2,1,4,2.55858481371251,2.19188372655481,74,3
20,4,1,1,4.73378702781338,0,44,3
20,2,1,1,11.0593438051728,2.73361739043321,64,3
20,4,8,8,1.76683462377696,0,146,3
20,3,1,1,2.19187467117445,2.2501897855982,86,3
20,3,4,3,1.16677497903584,2.51691046253836,29,3
20,3,3,1,1.68348290299764,2.32522414320556,99,3
20,2,8,8,2.42524047306506,4.14205682008469,167,4
20,2,1,1,1.41679965493677,2.64194800463156,103,4
20,3,3,3,2.66692061966751,4.17540656376514,137,4
20,2,8,8,1.67515527705837,1.02512806566665,11,4
20,4,8,8,0,0.700068730307976,25,4
20,1,9,9,2.19191904251056,1.13344062949182,2,4
20,4,8,8,0,2.21687686709629,59,4
20,3,1,1,2.10020196507685,4.65044224949088,13,4
20,1,9,9,5.80052967915253,0,187,4
20,4,8,8,0,4.19207479499164,79,4
20,1,9,1,3.41698166799324,0,191,4
20,4,8,1,2.96699586983596,0,85,4
20,3,3,3,2.03353205860185,0,16,4
20,2,1,8,5.23383456852753,1.45847672270611,126,4
20,3,4,3,2.10853985376889,2.25023325141228,28,4
20,1,9,9,0,1.35011767462129,60,4
20,2,8,3,2.60862603076384,2.95861210058501,3,5
20,2,8,8,0,3.05025733870571,104,5
20,4,8,0,2.77525944406807,5.24213080249319,189,5
20,3,7,4,0,2.0668778782856,166,5
20,3,4,4,7.6924121077609,5.85890335166187,14,5
20,4,1,8,4.15044089118601,0.800106793074519,19,5
20,2,8,8,2.47523641324369,1.89183715173567,1,5
20,4,1,8,0,0,155,5
20,1,4,9,0,6.2839316270838,153,5
20,3,1,1,2.93361352680949,0,139,5
20,1,9,9,2.05019938429177,2.25021151849069,110,5
20,1,8,9,5.80052002008597,2.72526229653158,8,5
20,1,9,9,2.72527105004701,1.04173321111011,102,5
20,2,8,8,2.30022043804638,4.85881823113596,6,5
20,3,1,1,0.741738553770119,1.73349001146562,129,5
20,4,1,1,3.62531448567461,0,141,5
20,3,7,8,3.09197485381446,1.86684008718294,159,6
20,2,1,8,0,4.27541112163453,112,6
20,4,1,1,4.1170401355339,2.28357092125225,181,6
20,3,1,1,0,4.22538077103673,80,6
20,2,1,1,2.75856374486466,6.64230388091528,96,6
20,3,3,7,1.17511618802382,3.67535328796657,162,6
20,2,8,8,4.20037706587755,3.60033824849234,81,6
20,1,9,9,0.9417301624635,0,128,6
20,4,3,4,0,4.48376174822624,73,6
20,1,9,9,7.12567443688749,0,88,6
20,4,1,1,2.42527095950209,1.71683113744075,68,6
20,4,8,8,5.51716220201342,2.21686841541668,184,6
20,1,4,9,1.24175560806179,0,40,6
20,3,4,3,1.51681477740931,0.625058218516642,50,6
20,2,8,8,5.06712448636245,1.30846083052165,37,6
20,1,9,9,2.49191581275954,0,143,6
