subject,condition,studyResp,named,afc,whichItem,trial
1,4,3,0,1,191,1
1,2,3,0,1,152,2
1,2,3,0,0,170,3
1,2,3,0,0,61,4
1,4,3,0,0,47,5
1,4,3,1,1,48,6
1,2,3,0,0,9,7
1,2,3,1,1,5,8
1,1,99999,0,1,68,9
1,4,2,0,0,162,10
1,2,3,0,0,168,11
1,1,99999,0,1,23,12
1,4,1,0,1,111,13
1,2,3,0,1,87,14
1,1,99999,0,1,81,15
1,3,2,0,1,54,16
1,3,2,0,0,200,17
1,4,1,0,0,120,18
1,4,1,0,1,83,19
1,4,2,0,0,93,20
1,4,1,0,0,181,21
1,3,1,0,0,78,22
1,3,1,0,0,159,23
1,3,1,0,0,129,24
1,4,1,1,1,36,25
1,3,1,0,1,15,26
1,2,3,0,1,51,27
1,2,3,0,0,182,28
1,1,99999,0,1,147,29
1,3,NaN,1,1,148,30
1,3,1,0,0,130,31
1,1,99999,0,1,163,32
1,3,1,0,1,127,33
1,4,1,0,0,122,34
1,1,99999,0,0,110,35
1,1,99999,0,1,66,36
1,2,3,1,1,79,37
1,1,99999,1,1,49,38
1,3,2,0,1,92,39
1,2,3,0,1,199,40
1,2,3,0,0,53,41
1,1,99999,1,1,195,42
1,1,99999,0,0,88,43
1,2,3,0,0,117,44
1,2,3,0,0,107,45
1,1,99999,0,0,62,46
1,3,1,0,1,63,47
1,3,1,0,1,34,48
1,3,NaN,0,0,186,49
1,4,2,0,1,125,50
1,1,99999,0,0,160,51
1,4,3,0,0,128,52
1,2,1,0,0,197,53
1,4,2,0,1,142,54
1,2,3,0,0,90,55
1,4,1,0,0,102,56
1,1,99999,0,1,65,57
1,3,1,0,0,24,58
1,1,99999,0,0,58,59
1,2,3,0,1,25,60
1,1,99999,0,0,134,61
1,3,1,1,1,32,62
1,4,2,1,1,196,63
1,4,1,0,1,29,64
1,2,3,0,1,172,65
1,2,3,0,1,13,66
1,4,2,0,1,131,67
1,1,99999,0,1,165,68
1,3,1,0,0,140,69
1,1,99999,0,1,2,70
1,3,0,0,1,82,71
1,2,3,0,1,136,72
1,4,1,0,0,6,73
1,2,3,0,0,132,74
1,2,3,0,0,39,75
1,1,99999,0,0,91,76
1,3,1,0,0,1,77
1,1,99999,1,1,35,78
1,2,3,0,1,143,79
1,3,1,0,1,28,80
1,4,1,0,0,155,81
1,3,3,1,1,14,82
1,3,1,1,1,101,83
1,4,3,0,0,17,84
1,1,99999,0,0,42,85
1,2,3,1,1,175,86
1,1,99999,0,1,74,87
1,1,99999,0,1,161,88
1,2,3,0,0,69,89
1,3,1,0,1,103,90
1,4,3,0,0,121,91
1,2,3,0,0,20,92
1,4,2,0,1,22,93
1,4,3,0,1,113,94
1,3,1,0,0,73,95
1,2,3,1,1,176,96
1,1,99999,0,0,21,97
1,3,1,0,0,167,98
1,1,99999,0,0,4,99
1,1,99999,0,1,104,100
1,3,NaN,0,1,133,101
1,4,1,0,1,144,102
1,4,2,0,1,198,103
1,2,3,0,1,44,104
1,2,3,0,0,100,105
1,2,3,0,1,46,106
1,3,1,0,0,177,107
1,2,3,0,1,31,108
1,3,2,0,1,189,109
1,1,99999,0,0,18,110
1,2,3,1,1,156,111
1,3,3,0,1,64,112
1,1,99999,0,1,37,113
1,3,1,0,1,96,114
1,1,99999,0,1,116,115
1,1,99999,0,1,126,116
1,3,1,0,1,164,117
1,3,1,1,1,8,118
1,3,1,0,1,72,119
1,1,99999,0,0,59,120
1,3,2,0,0,76,121
1,4,2,0,0,190,122
1,4,2,0,1,166,123
1,3,1,0,0,179,124
1,2,3,0,1,151,125
1,1,99999,1,1,3,126
1,2,3,0,1,99,127
1,3,0,0,0,153,128
1,3,2,0,1,30,129
1,4,3,0,1,183,130
1,1,99999,1,1,138,131
1,4,3,0,0,154,132
1,1,99999,0,1,75,133
1,1,99999,0,1,145,134
1,1,99999,0,0,141,135
1,3,2,1,1,60,136
1,3,1,0,0,171,137
1,4,3,0,1,33,138
1,1,99999,1,1,12,139
1,2,3,0,0,180,140
1,4,3,0,1,123,141
1,2,3,0,0,124,142
1,4,1,0,0,184,143
1,4,2,0,1,27,144
1,4,3,0,1,55,145
1,4,2,1,1,89,146
1,1,99999,0,0,56,147
1,1,99999,0,0,86,148
1,4,3,0,1,150,149
1,3,1,1,1,109,150
1,2,3,0,1,40,151
1,4,2,0,1,114,152
1,2,NaN,0,1,146,153
1,3,2,0,1,7,154
1,1,99999,0,0,178,155
1,3,3,1,1,112,156
1,4,2,0,1,174,157
1,3,1,0,0,169,158
1,1,99999,0,1,38,159
1,2,2,0,1,157,160
1,4,3,0,1,173,161
1,2,2,0,1,67,162
1,4,3,0,0,11,163
1,2,3,0,1,105,164
1,2,3,0,1,188,165
1,1,99999,0,1,149,166
1,3,1,0,1,16,167
1,1,99999,0,0,52,168
1,3,1,0,1,106,169
1,3,2,0,1,45,170
1,2,3,0,1,187,171
1,4,2,0,1,77,172
1,4,3,1,1,84,173
1,1,99999,0,1,19,174
1,3,1,0,1,193,175
1,3,3,1,0,119,176
1,4,2,0,0,118,177
1,4,3,0,1,85,178
1,1,99999,0,1,71,179
1,2,3,0,1,115,180
1,1,99999,0,1,70,181
1,3,1,0,0,80,182
1,1,99999,0,1,57,183
1,1,99999,0,1,50,184
1,2,3,0,1,135,185
1,2,3,0,1,95,186
1,1,99999,0,1,139,187
1,1,99999,0,0,94,188
1,4,3,0,1,41,189
1,4,2,0,0,137,190
1,4,2,0,0,158,191
1,2,3,0,0,97,192
1,2,3,0,1,98,193
1,3,3,1,0,192,194
1,3,0,0,0,108,195
1,2,3,1,1,10,196
1,4,3,1,1,43,197
1,4,3,0,0,185,198
1,2,3,0,1,26,199
1,1,99999,0,1,194,200
2,3,2,1,1,79,1
2,2,3,0,1,184,2
2,3,1,0,0,132,3
2,4,3,0,1,188,4
2,4,3,0,0,58,5
2,2,3,0,1,43,6
2,1,99999,1,1,138,7
2,4,3,1,1,74,8
2,3,1,1,1,89,9
2,3,1,0,1,30,10
2,2,3,0,0,183,11
2,4,2,0,1,161,12
2,4,3,1,0,195,13
2,2,3,0,0,135,14
2,3,2,0,1,142,15
2,1,99999,0,1,66,16
2,3,1,0,0,76,17
2,4,2,0,0,62,18
2,3,1,0,0,68,19
2,4,3,1,1,141,20
2,2,3,0,0,120,21
2,3,0,0,1,77,22
2,2,3,0,1,159,23
2,2,3,0,1,191,24
2,1,99999,0,1,150,25
2,2,3,0,1,189,26
2,4,3,0,0,170,27
2,3,0,1,1,27,28
2,2,3,0,0,6,29
2,1,99999,0,1,131,30
2,2,3,1,1,5,31
2,1,99999,0,0,61,32
2,2,3,1,1,19,33
2,2,3,0,1,41,34
2,2,3,1,1,186,35
2,3,0,1,1,114,36
2,3,1,0,1,56,37
2,3,0,0,1,174,38
2,2,NaN,1,1,101,39
2,2,3,0,1,193,40
2,4,3,0,1,143,41
2,3,0,0,1,181,42
2,1,99999,0,0,39,43
2,1,99999,0,1,51,44
2,3,0,0,1,91,45
2,3,0,0,0,2,46
2,1,99999,0,0,10,47
2,1,99999,0,1,59,48
2,1,99999,0,0,80,49
2,2,3,0,1,124,50
2,4,3,0,0,136,51
2,2,3,0,1,28,52
2,4,2,0,1,99,53
2,1,99999,0,1,67,54
2,1,99999,1,1,16,55
2,1,99999,1,0,197,56
2,3,0,0,0,42,57
2,2,3,0,1,93,58
2,3,0,0,1,60,59
2,1,99999,0,0,40,60
2,4,3,1,1,106,61
2,1,99999,0,1,116,62
2,3,2,0,0,140,63
2,2,NaN,1,0,36,64
2,2,3,1,1,125,65
2,1,99999,0,1,126,66
2,4,2,1,1,127,67
2,4,2,0,0,168,68
2,3,2,0,0,90,69
2,4,2,0,1,83,70
2,4,2,0,0,146,71
2,2,NaN,0,1,165,72
2,4,2,0,1,117,73
2,3,0,0,0,9,74
2,2,3,0,1,87,75
2,3,0,0,1,164,76
2,1,99999,0,0,113,77
2,2,3,0,1,17,78
2,1,99999,0,1,33,79
2,1,99999,1,1,104,80
2,1,99999,0,1,103,81
2,2,3,0,1,82,82
2,1,99999,1,1,177,83
2,4,2,1,1,196,84
2,2,3,0,0,167,85
2,4,3,0,0,71,86
2,1,99999,1,0,149,87
2,1,99999,0,1,1,88
2,1,99999,1,1,38,89
2,3,0,1,1,156,90
2,4,3,0,1,75,91
2,3,1,0,1,63,92
2,3,0,0,1,199,93
2,4,3,1,1,129,94
2,3,1,0,0,163,95
2,1,99999,1,1,57,96
2,2,3,0,1,157,97
2,1,99999,0,0,134,98
2,2,3,0,1,180,99
2,2,3,0,1,160,100
2,1,99999,0,1,155,101
2,3,1,0,0,22,102
2,2,3,0,0,187,103
2,2,3,0,1,88,104
2,1,99999,0,0,137,105
2,1,99999,0,1,47,106
2,2,3,1,1,81,107
2,3,0,0,1,153,108
2,4,3,0,1,24,109
2,3,1,1,1,37,110
2,1,99999,1,1,123,111
2,1,99999,0,0,111,112
2,3,1,0,0,185,113
2,4,3,1,1,78,114
2,2,3,0,0,176,115
2,4,3,0,1,31,116
2,2,3,1,1,65,117
2,3,0,0,1,86,118
2,3,0,0,0,162,119
2,1,99999,0,0,110,120
2,3,1,1,1,182,121
2,1,99999,1,1,3,122
2,4,3,1,1,192,123
2,3,2,0,1,85,124
2,4,3,0,1,173,125
2,3,1,1,1,29,126
2,3,0,0,1,154,127
2,4,3,0,1,179,128
2,2,3,0,1,166,129
2,2,3,0,1,194,130
2,1,99999,0,1,49,131
2,3,0,0,1,13,132
2,3,0,0,1,73,133
2,1,99999,1,1,95,134
2,1,99999,0,1,198,135
2,4,2,0,1,4,136
2,3,1,0,0,139,137
2,1,99999,0,1,20,138
2,1,99999,1,1,144,139
2,2,3,0,0,52,140
2,1,99999,0,1,54,141
2,2,3,0,1,94,142
2,2,3,1,1,121,143
2,4,3,1,1,44,144
2,4,3,0,0,92,145
2,2,3,1,1,151,146
2,3,0,0,1,11,147
2,3,0,0,1,8,148
2,2,3,1,1,84,149
2,4,3,1,1,133,150
2,4,3,0,1,178,151
2,3,1,1,1,26,152
2,1,99999,1,1,96,153
2,3,0,0,1,175,154
2,3,1,0,1,64,155
2,4,3,0,1,130,156
2,2,3,1,1,69,157
2,4,3,0,1,98,158
2,4,3,1,1,32,159
2,4,2,0,1,107,160
2,4,2,0,1,34,161
2,2,3,1,1,23,162
2,1,99999,1,1,97,163
2,4,3,0,1,100,164
2,1,99999,0,0,190,165
2,2,3,1,1,35,166
2,4,3,1,0,48,167
2,2,3,1,1,148,168
2,4,2,0,0,102,169
2,3,1,1,1,109,170
2,3,0,0,1,158,171
2,2,3,1,0,53,172
2,1,99999,0,0,14,173
2,2,3,0,0,15,174
2,4,3,0,1,50,175
2,4,3,1,1,25,176
2,1,99999,1,1,122,177
2,4,3,1,1,7,178
2,4,3,1,1,12,179
2,1,99999,0,0,119,180
2,4,3,0,0,145,181
2,1,99999,0,0,18,182
2,1,99999,0,1,45,183
2,2,3,0,0,169,184
2,1,99999,0,0,171,185
2,3,0,0,1,72,186
2,3,0,0,1,70,187
2,4,3,0,0,128,188
2,4,3,1,0,46,189
2,2,3,1,1,112,190
2,4,2,0,0,108,191
2,1,99999,1,1,147,192
2,3,1,0,1,118,193
2,4,3,0,1,172,194
2,3,0,0,0,152,195
2,4,3,1,1,200,196
2,2,3,0,1,21,197
2,3,0,0,1,115,198
2,2,3,0,1,105,199
2,1,99999,0,0,55,200
3,2,3,0,1,6,1
3,4,3,0,1,110,2
3,1,99999,0,1,153,3
3,2,3,0,0,130,4
3,4,3,1,1,25,5
3,1,99999,0,1,56,6
3,4,1,1,1,146,7
3,4,2,0,1,159,8
3,3,2,0,1,86,9
3,3,1,1,1,109,10
3,2,3,0,0,152,11
3,4,2,0,0,40,12
3,3,1,0,1,113,13
3,3,1,0,1,91,14
3,1,99999,1,1,188,15
3,3,0,1,1,165,16
3,4,2,1,1,196,17
3,3,2,1,1,150,18
3,4,2,0,1,85,19
3,2,3,0,0,1,20
3,3,1,0,1,13,21
3,2,3,0,1,39,22
3,1,99999,0,0,167,23
3,3,1,0,0,193,24
3,4,3,1,1,92,25
3,1,99999,1,1,29,26
3,1,99999,0,0,58,27
3,2,3,1,0,18,28
3,2,3,0,0,65,29
3,2,3,0,1,174,30
3,2,3,0,1,160,31
3,3,0,1,1,122,32
3,2,3,1,0,121,33
3,1,99999,0,1,115,34
3,2,3,1,1,3,35
3,1,99999,0,1,180,36
3,4,3,0,1,24,37
3,4,3,1,1,69,38
3,4,3,0,0,9,39
3,1,99999,1,1,156,40
3,1,99999,0,1,161,41
3,4,3,1,1,60,42
3,1,99999,1,1,26,43
3,4,3,1,1,77,44
3,1,99999,1,1,104,45
3,3,1,1,1,34,46
3,2,3,0,1,166,47
3,1,99999,0,0,47,48
3,1,99999,0,1,64,49
3,3,0,0,0,155,50
3,3,1,0,1,67,51
3,2,3,0,1,168,52
3,4,3,0,1,158,53
3,4,3,0,1,116,54
3,3,0,0,1,4,55
3,1,99999,1,1,98,56
3,2,3,1,1,198,57
3,2,3,1,1,78,58
3,4,2,0,1,72,59
3,2,3,0,1,55,60
3,2,3,0,1,118,61
3,3,1,1,1,103,62
3,1,99999,1,1,27,63
3,1,99999,1,1,157,64
3,3,1,1,1,186,65
3,1,99999,0,0,142,66
3,1,99999,1,1,54,67
3,4,2,0,1,184,68
3,1,99999,1,1,19,69
3,1,99999,0,0,42,70
3,4,3,1,1,148,71
3,2,3,1,1,75,72
3,4,3,1,1,172,73
3,3,2,1,1,30,74
3,2,3,0,1,41,75
3,1,99999,0,1,93,76
3,1,99999,1,1,182,77
3,2,3,0,1,95,78
3,1,99999,1,1,177,79
3,3,2,1,1,139,80
3,4,2,1,1,163,81
3,3,0,1,1,71,82
3,2,3,0,1,189,83
3,1,99999,0,0,10,84
3,1,99999,1,1,73,85
3,2,3,1,1,5,86
3,1,99999,0,1,147,87
3,2,3,1,1,131,88
3,2,3,1,1,107,89
3,2,3,0,1,94,90
3,4,3,1,1,61,91
3,4,2,0,1,169,92
3,4,3,1,1,31,93
3,2,3,0,0,127,94
3,1,99999,0,0,53,95
3,1,99999,0,1,11,96
3,2,3,1,1,117,97
3,2,3,1,1,164,98
3,2,3,0,1,149,99
3,3,1,0,1,175,100
3,1,99999,0,1,8,101
3,4,3,1,1,12,102
3,1,99999,1,1,80,103
3,4,3,0,1,179,104
3,3,2,1,1,17,105
3,2,3,1,1,191,106
3,4,2,0,1,52,107
3,2,3,1,1,151,108
3,2,3,0,1,135,109
3,1,99999,1,1,33,110
3,1,99999,1,1,134,111
3,2,3,0,1,83,112
3,3,0,1,1,129,113
3,3,1,0,0,59,114
3,1,99999,1,1,170,115
3,3,1,1,1,84,116
3,3,1,1,1,14,117
3,3,1,0,1,43,118
3,1,99999,0,0,190,119
3,3,1,0,1,154,120
3,4,2,1,1,100,121
3,1,99999,1,1,124,122
3,4,2,0,1,66,123
3,3,1,1,1,79,124
3,4,2,0,0,199,125
3,2,3,0,0,145,126
3,4,3,1,1,187,127
3,4,3,0,1,171,128
3,3,1,0,1,126,129
3,1,99999,0,1,99,130
3,2,3,0,1,51,131
3,3,1,0,1,2,132
3,3,1,0,1,178,133
3,1,99999,1,1,181,134
3,4,2,1,1,194,135
3,4,2,0,1,162,136
3,3,1,0,1,102,137
3,2,3,1,1,89,138
3,4,2,0,1,45,139
3,1,99999,0,1,36,140
3,1,99999,1,1,7,141
3,3,0,1,1,125,142
3,2,3,1,1,50,143
3,1,99999,1,1,90,144
3,2,3,0,1,132,145
3,2,3,0,1,123,146
3,1,99999,0,1,22,147
3,3,1,0,1,49,148
3,2,3,1,1,101,149
3,2,3,0,0,136,150
3,2,3,1,1,192,151
3,3,1,0,1,15,152
3,2,2,0,1,128,153
3,4,2,1,1,21,154
3,4,3,1,1,200,155
3,3,1,1,1,35,156
3,2,3,1,1,28,157
3,4,3,0,0,197,158
3,3,0,0,0,185,159
3,1,99999,1,1,176,160
3,3,1,1,1,81,161
3,3,0,1,1,144,162
3,2,3,0,1,143,163
3,4,1,0,1,105,164
3,1,99999,0,0,108,165
3,3,1,0,1,76,166
3,2,3,0,1,119,167
3,4,3,1,1,133,168
3,1,99999,0,1,63,169
3,2,3,1,1,138,170
3,4,3,1,1,16,171
3,3,1,1,1,62,172
3,1,99999,1,1,68,173
3,1,99999,0,1,120,174
3,3,1,0,0,87,175
3,2,3,0,1,111,176
3,4,3,0,1,106,177
3,4,3,1,1,97,178
3,2,3,1,1,44,179
3,4,3,1,1,96,180
3,3,1,1,1,48,181
3,3,1,0,0,183,182
3,4,2,1,1,57,183
3,4,3,1,1,38,184
3,4,3,1,1,37,185
3,4,2,0,1,46,186
3,2,3,1,1,195,187
3,4,3,0,0,141,188
3,1,99999,0,0,70,189
3,3,1,0,1,137,190
3,3,1,0,1,23,191
3,1,99999,1,1,32,192
3,3,1,1,1,20,193
3,1,99999,0,1,173,194
3,3,2,1,1,74,195
3,3,1,1,1,88,196
3,4,3,1,1,112,197
3,3,0,0,1,82,198
3,4,3,1,1,140,199
3,3,1,1,1,114,200
4,3,1,0,1,101,1
4,2,3,0,1,176,2
4,1,99999,0,1,85,3
4,2,3,0,1,190,4
4,3,1,0,1,24,5
4,1,99999,1,1,74,6
4,1,99999,0,1,62,7
4,4,3,1,1,33,8
4,1,99999,1,1,30,9
4,2,3,0,0,185,10
4,2,3,0,1,153,11
4,1,99999,1,1,89,12
4,1,99999,0,1,137,13
4,4,3,0,0,177,14
4,3,1,0,1,83,15
4,1,99999,0,0,40,16
4,2,3,0,1,188,17
4,3,1,0,1,118,18
4,3,1,0,1,183,19
4,4,2,0,1,36,20
4,2,3,1,1,144,21
4,3,1,1,0,121,22
4,2,3,0,1,28,23
4,4,3,0,0,156,24
4,1,99999,1,1,151,25
4,3,1,0,0,10,26
4,1,99999,0,1,75,27
4,2,3,0,0,76,28
4,4,3,0,1,87,29
4,4,3,1,1,79,30
4,4,3,1,1,59,31
4,4,3,0,1,124,32
4,4,3,0,1,173,33
4,1,99999,0,1,65,34
4,3,3,0,1,93,35
4,2,3,0,1,11,36
4,2,3,1,1,5,37
4,3,1,0,1,6,38
4,1,99999,1,1,37,39
4,4,3,0,0,169,40
4,1,99999,0,0,77,41
4,3,3,0,1,179,42
4,2,3,0,1,193,43
4,4,3,0,1,50,44
4,2,3,0,1,186,45
4,1,99999,0,1,163,46
4,1,99999,1,1,192,47
4,3,1,0,1,127,48
4,2,NaN,0,1,13,49
4,3,1,0,1,199,50
4,4,2,0,0,53,51
4,2,3,0,0,132,52
4,4,3,0,0,94,53
4,1,99999,0,1,26,54
4,3,0,0,0,108,55
4,3,1,0,0,161,56
4,1,99999,0,1,172,57
4,4,2,0,1,17,58
4,2,3,0,1,73,59
4,1,99999,0,0,61,60
4,2,3,0,0,142,61
4,2,3,0,1,171,62
4,1,99999,1,1,170,63
4,2,3,0,0,64,64
4,4,3,1,1,112,65
4,3,1,0,0,141,66
4,3,1,0,1,166,67
4,4,2,0,0,162,68
4,3,1,1,1,25,69
4,2,3,0,1,152,70
4,3,1,0,1,90,71
4,1,99999,0,1,123,72
4,3,2,0,1,14,73
4,3,1,0,1,18,74
4,4,2,0,0,107,75
4,3,1,0,1,165,76
4,2,3,1,1,164,77
4,4,2,0,0,198,78
4,2,3,1,1,69,79
4,2,3,0,0,20,80
4,3,1,1,1,119,81
4,2,3,0,0,135,82
4,2,3,1,1,12,83
4,1,99999,0,1,136,84
4,1,99999,1,1,19,85
4,3,1,0,1,66,86
4,3,1,1,1,154,87
4,3,2,0,1,174,88
4,3,1,0,1,51,89
4,2,3,1,1,31,90
4,2,3,0,1,146,91
4,4,3,1,1,133,92
4,3,1,0,0,70,93
4,2,3,0,0,9,94
4,2,3,0,1,88,95
4,3,1,0,1,178,96
4,1,99999,0,0,2,97
4,2,3,1,0,181,98
4,3,0,0,0,82,99
4,1,99999,0,0,47,100
4,3,1,0,0,100,101
4,2,3,0,0,91,102
4,2,3,1,1,143,103
4,4,3,1,1,131,104
4,4,3,0,0,23,105
4,4,3,1,1,98,106
4,1,99999,0,1,86,107
4,1,99999,0,1,180,108
4,2,3,0,1,168,109
4,1,99999,0,1,22,110
4,1,99999,1,1,78,111
4,2,3,0,0,8,112
4,1,99999,1,1,149,113
4,1,99999,1,0,148,114
4,3,1,0,1,184,115
4,4,3,1,1,96,116
4,3,1,0,1,130,117
4,2,3,1,1,60,118
4,1,99999,0,1,134,119
4,1,99999,1,1,92,120
4,4,3,0,0,182,121
4,1,99999,0,0,80,122
4,3,3,0,1,111,123
4,4,3,0,1,43,124
4,1,99999,0,1,55,125
4,3,1,0,0,39,126
4,1,99999,0,1,120,127
4,4,3,0,0,128,128
4,2,3,0,1,160,129
4,4,2,0,0,167,130
4,4,2,0,1,99,131
4,1,99999,0,1,159,132
4,3,1,0,1,95,133
4,4,3,0,1,41,134
4,1,99999,1,1,157,135
4,2,3,0,0,1,136
4,4,2,1,1,54,137
4,1,99999,1,1,32,138
4,3,1,1,1,138,139
4,1,99999,1,0,48,140
4,4,3,1,1,81,141
4,3,1,1,1,71,142
4,4,3,0,1,114,143
4,4,3,0,1,115,144
4,2,3,1,1,97,145
4,4,3,0,1,38,146
4,1,99999,0,0,15,147
4,2,3,0,1,45,148
4,4,3,0,0,200,149
4,1,99999,0,1,126,150
4,3,0,0,1,67,151
4,4,3,0,1,116,152
4,3,1,0,1,49,153
4,4,2,0,1,196,154
4,1,99999,0,1,194,155
4,4,2,0,0,139,156
4,3,1,0,1,105,157
4,4,3,1,1,103,158
4,3,1,1,1,122,159
4,1,99999,1,0,7,160
4,1,99999,1,0,57,161
4,4,2,0,0,125,162
4,3,1,0,1,34,163
4,2,3,0,0,150,164
4,4,3,1,1,16,165
4,1,99999,0,0,106,166
4,2,3,0,0,21,167
4,4,3,1,1,84,168
4,3,1,1,1,35,169
4,2,3,0,0,63,170
4,1,99999,0,1,197,171
4,4,3,0,0,110,172
4,3,2,0,0,4,173
4,3,3,1,1,109,174
4,4,3,0,1,46,175
4,1,99999,0,0,155,176
4,1,99999,0,0,72,177
4,2,3,0,0,58,178
4,2,3,0,0,195,179
4,2,3,0,1,147,180
4,1,99999,0,1,191,181
4,2,3,0,0,129,182
4,4,3,0,1,68,183
4,3,1,1,1,29,184
4,2,3,1,1,44,185
4,3,1,0,0,42,186
4,4,2,1,1,189,187
4,4,3,1,1,187,188
4,2,3,0,0,52,189
4,2,3,1,1,3,190
4,3,1,1,1,175,191
4,4,3,0,0,117,192
4,3,1,0,0,56,193
4,1,99999,1,0,27,194
4,2,3,0,1,140,195
4,4,3,0,0,104,196
4,2,3,0,1,158,197
4,4,3,0,1,113,198
4,1,99999,0,0,145,199
4,3,1,0,0,102,200
5,1,99999,1,0,7,1
5,1,99999,0,1,94,2
5,3,2,1,1,50,3
5,2,2,1,1,57,4
5,3,2,0,1,26,5
5,1,99999,1,1,17,6
5,3,3,0,1,133,7
5,4,3,0,1,73,8
5,4,3,1,1,69,9
5,2,3,1,1,74,10
5,1,99999,0,1,108,11
5,1,99999,0,1,147,12
5,3,2,0,1,175,13
5,1,99999,1,1,188,14
5,4,3,0,1,154,15
5,3,2,1,1,195,16
5,4,3,1,1,199,17
5,1,99999,0,1,11,18
5,2,3,1,1,114,19
5,2,3,1,1,179,20
5,2,3,1,1,121,21
5,2,3,0,0,159,22
5,2,0,1,1,48,23
5,2,3,1,0,101,24
5,3,1,0,0,66,25
5,4,3,1,1,98,26
5,4,2,0,1,165,27
5,2,3,0,1,173,28
5,1,99999,1,1,59,29
5,1,99999,1,1,161,30
5,3,2,0,0,168,31
5,4,3,1,1,92,32
5,3,0,0,1,166,33
5,3,2,0,1,2,34
5,1,99999,1,1,14,35
5,4,2,0,0,155,36
5,2,3,1,1,96,37
5,3,0,1,1,187,38
5,2,3,0,1,47,39
5,4,2,0,1,193,40
5,3,0,1,1,15,41
5,2,3,1,1,84,42
5,2,3,0,1,53,43
5,2,3,0,1,99,44
5,4,3,1,1,164,45
5,4,3,1,1,25,46
5,4,2,0,1,46,47
5,1,99999,0,1,119,48
5,2,3,0,1,174,49
5,1,99999,0,0,110,50
5,3,3,0,0,58,51
5,2,3,0,1,120,52
5,3,2,1,1,31,53
5,1,99999,1,1,61,54
5,2,3,1,1,44,55
5,4,2,1,1,189,56
5,2,3,0,1,22,57
5,2,3,1,1,116,58
5,3,1,0,0,62,59
5,2,3,1,1,79,60
5,3,0,1,1,144,61
5,2,3,1,1,127,62
5,2,3,0,1,42,63
5,4,3,1,1,148,64
5,2,3,0,1,38,65
5,2,3,1,1,63,66
5,2,3,0,0,100,67
5,1,99999,0,1,169,68
5,2,3,0,0,33,69
5,1,99999,1,1,55,70
5,3,2,1,1,43,71
5,1,99999,0,0,39,72
5,3,2,1,1,150,73
5,3,3,0,1,24,74
5,2,3,1,1,137,75
5,4,3,0,0,140,76
5,4,3,0,0,128,77
5,1,99999,0,1,41,78
5,1,99999,0,1,88,79
5,4,3,1,1,112,80
5,2,3,0,0,190,81
5,1,99999,1,1,192,82
5,1,99999,0,1,34,83
5,3,3,1,1,12,84
5,2,3,0,1,106,85
5,1,99999,1,1,151,86
5,4,3,0,0,115,87
5,1,99999,0,1,184,88
5,1,99999,1,1,157,89
5,3,0,0,1,105,90
5,4,2,0,1,80,91
5,4,3,1,1,90,92
5,4,1,0,1,4,93
5,2,3,0,1,152,94
5,3,1,0,1,185,95
5,2,3,0,1,86,96
5,1,99999,1,1,30,97
5,3,2,0,0,134,98
5,1,99999,0,1,76,99
5,3,2,0,0,132,100
5,2,3,1,1,124,101
5,1,99999,0,1,163,102
5,3,1,0,1,51,103
5,4,3,1,1,109,104
5,1,99999,1,1,78,105
5,3,2,1,1,13,106
5,3,1,0,1,160,107
5,3,1,0,1,182,108
5,3,1,0,1,72,109
5,3,1,1,1,181,110
5,1,99999,1,1,117,111
5,4,3,0,1,136,112
5,1,99999,0,0,1,113
5,2,3,0,1,52,114
5,4,3,0,1,71,115
5,4,2,0,1,158,116
5,4,3,0,0,200,117
5,1,99999,1,1,97,118
5,2,3,1,1,95,119
5,4,3,0,1,178,120
5,2,3,0,1,123,121
5,1,99999,0,1,91,122
5,3,1,0,1,83,123
5,2,3,1,1,191,124
5,4,3,1,1,122,125
5,2,3,0,1,64,126
5,1,99999,1,1,65,127
5,1,99999,1,1,29,128
5,4,2,1,1,19,129
5,3,1,0,1,142,130
5,1,99999,1,1,60,131
5,3,1,0,1,82,132
5,4,3,1,1,89,133
5,1,99999,0,1,3,134
5,1,99999,0,1,36,135
5,3,1,1,1,149,136
5,4,3,0,1,28,137
5,3,0,1,1,8,138
5,2,3,1,1,138,139
5,3,1,1,1,194,140
5,2,3,1,1,162,141
5,3,1,1,1,167,142
5,2,3,0,1,9,143
5,1,99999,0,0,170,144
5,4,3,0,1,85,145
5,1,99999,1,1,172,146
5,3,1,1,1,16,147
5,3,0,0,1,153,148
5,2,3,1,1,45,149
5,4,2,0,0,40,150
5,1,99999,1,1,176,151
5,1,99999,0,1,75,152
5,4,2,0,1,130,153
5,1,99999,0,1,18,154
5,3,2,1,1,196,155
5,2,3,0,1,180,156
5,3,2,0,1,139,157
5,3,3,1,1,35,158
5,2,3,1,1,126,159
5,4,2,1,1,177,160
5,4,3,0,1,103,161
5,1,99999,1,1,5,162
5,4,3,1,1,102,163
5,4,3,1,1,37,164
5,3,1,0,1,54,165
5,4,3,1,1,125,166
5,3,0,0,0,70,167
5,4,2,0,1,21,168
5,3,2,1,1,23,169
5,1,99999,1,1,198,170
5,3,2,0,0,183,171
5,3,2,1,1,118,172
5,4,2,1,0,146,173
5,1,99999,0,1,6,174
5,1,99999,0,0,113,175
5,3,2,0,0,145,176
5,4,3,1,1,186,177
5,2,3,0,1,49,178
5,4,3,1,0,20,179
5,1,99999,0,1,56,180
5,2,3,0,0,135,181
5,2,3,1,1,32,182
5,3,2,0,1,143,183
5,1,99999,0,1,87,184
5,2,3,0,1,77,185
5,4,3,0,0,171,186
5,4,2,1,1,156,187
5,4,3,1,1,131,188
5,4,3,0,1,129,189
5,2,3,1,1,81,190
5,4,2,0,1,93,191
5,2,2,0,0,10,192
5,3,1,0,0,111,193
5,1,99999,1,1,68,194
5,4,3,1,1,27,195
5,1,99999,0,0,141,196
5,3,0,0,1,107,197
5,1,99999,0,1,104,198
5,2,3,0,1,67,199
5,4,3,0,0,197,200
6,4,3,0,0,185,1
6,4,2,0,0,6,2
6,1,99999,1,1,157,3
6,3,0,0,0,149,4
6,2,3,0,1,82,5
6,3,0,0,1,147,6
6,3,1,0,1,56,7
6,4,3,0,1,102,8
6,2,3,0,0,11,9
6,1,99999,0,0,42,10
6,4,3,1,1,176,11
6,3,1,1,1,137,12
6,4,3,1,1,34,13
6,2,3,0,1,70,14
6,3,2,0,0,142,15
6,4,3,0,0,191,16
6,2,3,1,1,26,17
6,4,3,0,0,43,18
6,4,0,0,1,165,19
6,2,3,0,0,110,20
6,1,99999,1,1,117,21
6,2,3,1,1,74,22
6,3,1,0,1,31,23
6,1,99999,0,1,68,24
6,1,99999,0,1,182,25
6,4,3,0,0,134,26
6,1,99999,0,1,51,27
6,1,99999,0,0,108,28
6,4,3,1,1,98,29
6,3,1,0,1,3,30
6,3,1,1,1,126,31
6,1,99999,1,1,16,32
6,1,99999,0,1,143,33
6,1,99999,0,1,101,34
6,2,3,0,1,2,35
6,1,99999,1,1,81,36
6,4,3,1,1,60,37
6,3,1,1,1,115,38
6,3,1,1,1,89,39
6,3,1,0,1,189,40
6,1,99999,0,1,62,41
6,2,3,1,1,179,42
6,1,99999,0,1,91,43
6,4,3,1,1,140,44
6,4,3,0,1,53,45
6,4,3,0,0,145,46
6,2,3,0,1,163,47
6,2,3,0,0,80,48
6,4,3,0,1,20,49
6,2,3,1,1,144,50
6,4,3,0,0,152,51
6,2,3,1,1,175,52
6,1,99999,0,0,59,53
6,1,99999,1,1,57,54
6,3,2,0,1,128,55
6,1,99999,0,1,120,56
6,1,99999,0,1,186,57
6,3,1,0,1,28,58
6,3,2,1,1,90,59
6,3,1,0,0,167,60
6,2,3,1,1,48,61
6,4,3,1,1,151,62
6,2,3,0,1,66,63
6,2,3,0,1,22,64
6,2,3,0,1,45,65
6,3,1,1,1,112,66
6,3,2,0,1,38,67
6,3,1,0,1,87,68
6,1,99999,0,1,17,69
6,2,2,0,0,150,70
6,4,2,0,1,105,71
6,2,3,0,1,133,72
6,4,3,1,1,92,73
6,3,0,1,1,195,74
6,4,2,1,1,109,75
6,2,3,0,1,73,76
6,3,0,1,1,192,77
6,2,3,0,1,132,78
6,4,3,0,1,27,79
6,1,99999,0,1,39,80
6,4,3,1,1,79,81
6,2,3,1,1,180,82
6,3,2,0,1,118,83
6,1,99999,1,1,114,84
6,4,3,0,0,1,85
6,3,0,1,1,138,86
6,2,3,1,1,97,87
6,1,99999,0,1,99,88
6,1,99999,1,1,5,89
6,1,99999,0,0,76,90
6,4,3,0,1,85,91
6,4,3,1,1,7,92
6,3,0,0,1,135,93
6,3,1,1,1,116,94
6,4,3,0,1,65,95
6,4,3,1,1,123,96
6,3,0,0,0,194,97
6,1,99999,0,1,169,98
6,2,3,0,1,119,99
6,1,99999,0,1,94,100
6,4,2,0,1,130,101
6,3,1,0,1,44,102
6,4,3,1,1,161,103
6,2,3,1,1,21,104
6,2,3,0,1,4,105
6,1,99999,0,1,64,106
6,2,3,0,1,67,107
6,1,99999,0,1,187,108
6,3,0,0,1,88,109
6,1,99999,0,1,107,110
6,3,2,1,1,13,111
6,4,3,0,0,47,112
6,1,99999,1,1,125,113
6,4,3,0,1,52,114
6,4,3,1,1,148,115
6,2,3,0,1,106,116
6,2,3,0,0,168,117
6,1,99999,1,1,104,118
6,3,0,0,1,193,119
6,2,3,1,1,30,120
6,3,0,0,1,172,121
6,2,3,0,0,162,122
6,4,2,0,1,93,123
6,4,3,1,1,69,124
6,2,3,0,0,190,125
6,2,3,0,1,183,126
6,1,99999,0,1,15,127
6,2,3,1,1,12,128
6,1,99999,0,1,24,129
6,3,2,0,1,14,130
6,1,99999,1,1,10,131
6,3,3,0,1,154,132
6,4,3,0,1,29,133
6,4,3,1,1,122,134
6,2,3,1,1,95,135
6,3,0,0,1,153,136
6,3,0,0,1,46,137
6,4,3,0,1,8,138
6,2,3,0,1,83,139
6,4,3,1,1,121,140
6,2,3,1,1,129,141
6,2,3,0,1,71,142
6,4,3,1,1,136,143
6,3,2,0,1,58,144
6,3,1,0,0,40,145
6,1,99999,0,1,49,146
6,3,3,1,1,170,147
6,3,0,0,0,146,148
6,4,3,0,1,184,149
6,1,99999,0,1,171,150
6,3,2,1,1,37,151
6,4,3,1,1,25,152
6,2,3,1,1,96,153
6,2,3,0,0,197,154
6,2,3,0,0,155,155
6,2,3,0,1,63,156
6,2,3,0,1,124,157
6,3,1,0,1,174,158
6,1,99999,0,0,18,159
6,4,3,0,0,55,160
6,4,3,1,1,35,161
6,3,1,0,1,199,162
6,1,99999,0,1,75,163
6,1,99999,0,1,72,164
6,4,3,0,1,178,165
6,3,1,1,1,32,166
6,3,1,0,0,198,167
6,4,3,0,1,158,168
6,1,99999,1,1,78,169
6,1,99999,0,1,160,170
6,1,99999,0,1,173,171
6,2,3,0,1,159,172
6,3,1,0,1,36,173
6,1,99999,1,1,177,174
6,4,3,1,1,188,175
6,4,3,1,1,196,176
6,3,1,0,1,77,177
6,2,3,1,1,139,178
6,1,99999,1,1,61,179
6,1,99999,1,1,181,180
6,2,3,1,1,100,181
6,1,99999,1,1,131,182
6,1,99999,0,1,19,183
6,3,1,1,1,41,184
6,4,3,1,1,23,185
6,2,NaN,0,0,141,186
6,3,2,0,0,113,187
6,2,3,1,1,164,188
6,2,3,1,1,103,189
6,3,1,1,1,33,190
6,2,3,0,0,9,191
6,2,3,0,0,111,192
6,1,99999,0,1,86,193
6,1,99999,1,1,127,194
6,4,3,0,1,54,195
6,3,1,1,1,156,196
6,4,3,1,1,166,197
6,1,99999,0,1,50,198
6,1,99999,1,1,84,199
6,3,1,0,0,200,200
7,3,0,0,1,199,1
7,2,3,0,0,166,2
7,2,3,0,1,53,3
7,3,3,1,1,34,4
7,3,2,1,1,121,5
7,3,2,0,1,72,6
7,3,2,1,1,186,7
7,4,3,0,1,161,8
7,4,3,1,1,49,9
7,2,3,1,1,81,10
7,2,3,0,1,178,11
7,2,NaN,0,0,155,12
7,1,99999,0,1,126,13
7,3,3,0,0,90,14
7,1,99999,0,1,143,15
7,2,3,1,1,25,16
7,1,99999,1,1,138,17
7,4,3,1,0,30,18
7,3,2,0,1,43,19
7,4,2,0,1,127,20
7,1,99999,0,1,200,21
7,2,3,0,1,52,22
7,4,3,0,1,58,23
7,2,3,1,1,55,24
7,4,3,1,1,82,25
7,1,99999,0,0,190,26
7,1,99999,0,1,11,27
7,2,NaN,0,1,154,28
7,2,3,0,1,73,29
7,4,2,0,0,197,30
7,2,3,0,1,84,31
7,4,3,0,0,191,32
7,4,3,1,1,67,33
7,2,3,0,1,29,34
7,1,99999,0,1,123,35
7,4,3,0,1,91,36
7,2,NaN,1,1,79,37
7,3,1,1,1,12,38
7,1,99999,0,0,42,39
7,3,3,1,0,97,40
7,2,3,1,0,15,41
7,3,3,0,0,172,42
7,4,3,1,0,3,43
7,1,99999,1,1,124,44
7,1,99999,0,1,93,45
7,4,3,0,0,39,46
7,2,3,1,1,88,47
7,3,2,0,1,10,48
7,2,3,1,1,89,49
7,2,NaN,0,0,185,50
7,4,3,0,1,9,51
7,2,3,1,1,179,52
7,3,2,0,0,198,53
7,2,3,0,1,120,54
7,3,2,1,1,129,55
7,1,99999,0,1,141,56
7,1,99999,0,1,83,57
7,4,3,0,0,149,58
7,4,3,1,0,96,59
7,1,99999,1,1,157,60
7,4,3,1,1,131,61
7,2,3,0,1,36,62
7,1,99999,1,1,13,63
7,2,3,1,1,189,64
7,4,2,1,1,125,65
7,4,3,0,1,159,66
7,1,99999,1,1,153,67
7,1,99999,0,1,119,68
7,3,3,0,0,20,69
7,1,99999,1,1,23,70
7,3,2,0,0,17,71
7,2,3,0,1,184,72
7,4,3,0,1,64,73
7,1,99999,0,1,137,74
7,3,3,0,1,107,75
7,2,3,0,0,94,76
7,1,99999,0,0,151,77
7,2,3,1,1,69,78
7,1,99999,0,0,22,79
7,3,3,1,1,16,80
7,4,3,0,1,65,81
7,1,99999,1,0,194,82
7,1,99999,1,1,101,83
7,3,2,0,1,174,84
7,4,3,0,0,183,85
7,2,3,0,0,122,86
7,4,3,0,0,76,87
7,2,NaN,1,1,99,88
7,4,3,0,1,46,89
7,1,99999,0,1,63,90
7,4,3,1,1,156,91
7,3,3,1,1,35,92
7,3,3,1,1,71,93
7,1,99999,0,0,6,94
7,3,2,0,1,109,95
7,2,3,0,1,19,96
7,2,3,0,0,168,97
7,1,99999,0,1,117,98
7,3,2,0,1,158,99
7,1,99999,1,1,165,100
7,4,3,1,1,38,101
7,1,99999,0,1,173,102
7,2,3,0,0,139,103
7,1,99999,0,1,45,104
7,1,99999,1,1,98,105
7,4,3,0,1,130,106
7,3,3,1,1,48,107
7,3,3,1,1,116,108
7,3,3,1,1,31,109
7,3,2,0,1,171,110
7,3,3,0,1,18,111
7,2,3,1,1,5,112
7,1,99999,0,1,163,113
7,4,3,1,1,140,114
7,2,3,1,1,187,115
7,3,2,0,1,68,116
7,1,99999,0,1,105,117
7,1,99999,0,1,80,118
7,1,99999,0,1,87,119
7,2,3,0,0,132,120
7,2,3,0,1,24,121
7,2,3,1,1,175,122
7,4,3,1,1,32,123
7,2,NaN,0,1,77,124
7,2,3,0,1,135,125
7,3,2,1,1,21,126
7,3,3,0,0,1,127
7,1,99999,1,1,196,128
7,2,3,0,1,75,129
7,3,2,0,0,152,130
7,4,3,1,1,100,131
7,2,3,0,1,27,132
7,3,3,1,1,112,133
7,4,3,0,0,145,134
7,3,2,0,0,134,135
7,2,3,0,0,44,136
7,1,99999,0,1,14,137
7,3,2,1,1,26,138
7,2,3,0,1,41,139
7,3,2,0,1,115,140
7,4,3,0,1,85,141
7,4,3,0,1,182,142
7,1,99999,0,1,144,143
7,1,99999,0,1,150,144
7,3,3,0,0,110,145
7,4,3,1,1,177,146
7,3,2,0,1,28,147
7,4,3,0,0,33,148
7,3,2,0,1,102,149
7,1,99999,0,1,188,150
7,2,3,0,1,4,151
7,1,99999,0,1,86,152
7,4,3,1,1,62,153
7,3,3,0,1,66,154
7,1,99999,0,0,113,155
7,3,3,1,1,181,156
7,2,3,0,0,70,157
7,3,2,1,1,195,158
7,1,99999,1,1,147,159
7,1,99999,1,1,104,160
7,1,99999,1,1,192,161
7,4,3,1,1,170,162
7,4,3,0,1,136,163
7,3,2,1,1,103,164
7,2,3,1,1,114,165
7,1,99999,1,1,7,166
7,4,3,1,1,133,167
7,3,1,1,0,61,168
7,4,3,0,0,2,169
7,2,3,0,0,167,170
7,4,3,1,1,164,171
7,4,3,0,0,8,172
7,4,3,0,1,95,173
7,1,99999,0,0,142,174
7,4,3,1,1,57,175
7,2,3,1,0,60,176
7,3,0,0,1,56,177
7,1,99999,1,1,176,178
7,2,3,0,0,193,179
7,3,2,0,1,162,180
7,1,99999,0,1,106,181
7,4,2,0,0,111,182
7,1,99999,1,1,74,183
7,4,3,0,0,128,184
7,3,3,0,0,54,185
7,4,2,0,0,108,186
7,2,3,0,1,51,187
7,2,NaN,1,1,92,188
7,2,3,0,1,180,189
7,3,2,1,0,148,190
7,4,2,1,1,146,191
7,3,2,0,0,40,192
7,2,3,0,1,118,193
7,4,2,0,1,160,194
7,1,99999,0,0,59,195
7,3,3,1,1,37,196
7,4,3,0,0,47,197
7,1,99999,0,1,169,198
7,4,3,1,1,50,199
7,3,2,1,1,78,200
8,1,99999,0,0,65,1
8,4,1,0,0,27,2
8,1,99999,1,0,89,3
8,1,99999,0,0,189,4
8,1,99999,0,0,13,5
8,3,0,0,0,186,6
8,2,3,0,1,41,7
8,4,3,0,1,64,8
8,1,99999,1,1,81,9
8,3,0,0,0,171,10
8,4,3,0,1,88,11
8,2,3,1,0,124,12
8,2,2,0,1,4,13
8,1,99999,0,1,178,14
8,2,3,0,0,193,15
8,1,99999,0,1,160,16
8,4,3,1,1,176,17
8,3,0,0,0,162,18
8,2,3,0,1,34,19
8,1,99999,0,0,66,20
8,3,0,1,1,79,21
8,2,3,1,1,35,22
8,3,0,0,1,127,23
8,3,0,1,1,192,24
8,2,3,0,0,195,25
8,1,99999,1,1,156,26
8,3,0,1,1,131,27
8,4,1,1,1,5,28
8,3,0,0,1,56,29
8,2,3,1,1,98,30
8,1,99999,0,1,45,31
8,3,0,0,0,135,32
8,1,99999,0,1,120,33
8,4,1,0,0,53,34
8,3,0,0,0,37,35
8,3,0,0,1,26,36
8,1,99999,0,0,47,37
8,3,0,0,1,14,38
8,1,99999,0,1,99,39
8,3,0,0,1,165,40
8,1,99999,1,1,69,41
8,3,0,0,0,102,42
8,4,1,0,0,21,43
8,1,99999,0,1,146,44
8,3,0,0,1,8,45
8,2,3,1,1,198,46
8,4,3,0,1,39,47
8,4,2,0,1,136,48
8,2,3,0,0,145,49
8,1,99999,0,1,9,50
8,3,0,0,0,199,51
8,2,3,0,1,179,52
8,2,3,0,1,121,53
8,3,0,1,1,74,54
8,2,3,0,0,59,55
8,1,99999,0,1,11,56
8,2,3,0,0,143,57
8,1,99999,0,0,110,58
8,4,3,1,1,54,59
8,4,2,0,0,118,60
8,1,99999,0,1,116,61
8,1,99999,0,1,113,62
8,4,3,1,0,170,63
8,2,3,0,1,115,64
8,4,3,0,1,119,65
8,3,0,0,1,75,66
8,4,1,0,1,85,67
8,4,2,0,0,67,68
8,3,0,0,0,103,69
8,3,0,0,1,60,70
8,2,3,0,1,167,71
8,4,2,0,0,61,72
8,4,3,0,0,168,73
8,3,0,0,0,70,74
8,4,1,1,1,175,75
8,2,3,0,0,23,76
8,1,99999,0,1,93,77
8,2,3,0,0,180,78
8,1,99999,0,0,111,79
8,3,0,0,1,46,80
8,1,99999,0,1,83,81
8,3,0,0,1,15,82
8,2,3,0,0,148,83
8,4,2,0,1,52,84
8,1,99999,0,1,182,85
8,3,1,0,1,107,86
8,3,0,0,1,104,87
8,4,3,0,1,95,88
8,3,0,0,0,87,89
8,3,0,0,1,174,90
8,2,3,0,1,43,91
8,2,2,0,1,163,92
8,4,3,1,1,200,93
8,4,2,0,0,190,94
8,1,99999,0,0,18,95
8,3,0,0,1,164,96
8,1,99999,0,0,94,97
8,3,0,1,1,114,98
8,1,99999,0,0,1,99
8,1,99999,1,1,97,100
8,4,1,0,1,100,101
8,2,3,0,0,155,102
8,4,3,1,1,62,103
8,2,3,1,1,7,104
8,4,1,1,1,32,105
8,1,99999,0,1,71,106
8,4,1,1,1,82,107
8,4,2,1,1,36,108
8,2,2,0,0,183,109
8,3,0,0,0,188,110
8,2,3,0,0,173,111
8,1,99999,0,1,68,112
8,1,99999,0,0,31,113
8,2,3,0,0,42,114
8,3,0,0,1,191,115
8,3,0,1,0,187,116
8,4,2,0,1,197,117
8,4,3,1,1,112,118
8,2,3,0,0,20,119
8,1,99999,0,1,130,120
8,1,99999,1,1,3,121
8,3,0,0,1,181,122
8,1,99999,1,1,50,123
8,2,3,0,0,40,124
8,2,3,0,0,30,125
8,1,99999,0,1,24,126
8,3,1,0,1,38,127
8,4,2,0,1,125,128
8,3,0,0,1,142,129
8,3,0,0,1,196,130
8,3,0,0,1,105,131
8,4,3,0,0,73,132
8,4,3,0,0,140,133
8,1,99999,0,0,78,134
8,4,1,1,1,138,135
8,4,3,1,1,12,136
8,1,99999,0,1,154,137
8,1,99999,0,0,6,138
8,3,0,0,0,108,139
8,1,99999,1,0,17,140
8,3,0,0,0,134,141
8,4,2,0,1,126,142
8,4,2,0,1,109,143
8,3,0,0,1,159,144
8,2,3,0,1,150,145
8,4,2,0,0,2,146
8,4,3,1,1,177,147
8,4,1,0,1,137,148
8,1,99999,0,1,144,149
8,2,3,1,1,101,150
8,3,0,0,0,194,151
8,1,99999,0,1,158,152
8,4,2,0,1,55,153
8,2,3,0,1,63,154
8,2,3,0,0,76,155
8,1,99999,0,1,84,156
8,1,99999,0,1,141,157
8,3,0,0,1,33,158
8,4,2,1,1,16,159
8,2,3,0,1,28,160
8,2,3,0,0,153,161
8,2,3,0,1,123,162
8,1,99999,0,1,152,163
8,3,0,1,1,25,164
8,3,0,0,0,58,165
8,2,3,1,0,48,166
8,2,3,0,1,157,167
8,1,99999,0,1,149,168
8,3,0,0,1,57,169
8,4,1,0,1,122,170
8,1,99999,0,1,106,171
8,4,2,0,1,80,172
8,4,3,0,1,117,173
8,4,3,1,1,22,174
8,3,0,0,0,169,175
8,4,3,0,1,10,176
8,4,3,0,1,129,177
8,3,0,0,0,172,178
8,2,3,0,1,184,179
8,2,3,1,1,44,180
8,2,3,1,1,92,181
8,4,2,0,1,96,182
8,2,3,0,1,29,183
8,3,0,0,0,132,184
8,2,3,0,1,166,185
8,2,3,0,1,90,186
8,3,0,1,1,77,187
8,2,2,0,0,185,188
8,1,99999,0,1,86,189
8,1,99999,0,0,147,190
8,2,3,0,1,72,191
8,2,3,0,0,91,192
8,2,3,0,1,19,193
8,1,99999,0,0,128,194
8,2,3,0,0,133,195
8,1,99999,0,1,49,196
8,3,0,0,1,161,197
8,4,3,0,1,51,198
8,2,3,1,0,151,199
8,4,2,0,1,139,200
9,2,3,0,1,77,1
9,2,3,0,1,70,2
9,4,2,0,0,169,3
9,2,3,0,1,181,4
9,4,3,0,1,126,5
9,4,2,1,1,65,6
9,4,3,1,1,122,7
9,1,99999,0,1,62,8
9,1,99999,0,0,104,9
9,3,2,1,0,161,10
9,2,3,1,1,71,11
9,1,99999,0,1,31,12
9,2,3,0,1,168,13
9,4,3,1,1,92,14
9,4,3,1,1,137,15
9,3,1,0,0,179,16
9,2,3,0,1,94,17
9,1,99999,0,1,198,18
9,4,3,1,1,12,19
9,3,2,0,1,11,20
9,1,99999,1,0,148,21
9,2,3,1,1,194,22
9,3,1,1,1,195,23
9,2,3,0,1,21,24
9,3,1,1,1,141,25
9,2,3,1,0,191,26
9,1,99999,0,1,43,27
9,1,99999,1,1,97,28
9,3,2,1,1,3,29
9,3,2,1,1,101,30
9,1,99999,0,0,49,31
9,4,2,0,0,159,32
9,4,3,1,1,188,33
9,4,3,0,1,85,34
9,3,1,0,1,120,35
9,2,3,0,1,1,36
9,1,99999,0,1,14,37
9,3,2,1,1,38,38
9,1,99999,1,1,98,39
9,1,99999,0,1,17,40
9,4,2,0,0,135,41
9,2,3,0,1,155,42
9,2,3,0,1,111,43
9,3,1,0,1,45,44
9,2,3,0,1,29,45
9,2,3,1,1,74,46
9,2,3,0,1,118,47
9,1,99999,1,1,30,48
9,2,3,1,1,25,49
9,1,99999,0,0,134,50
9,2,3,0,1,136,51
9,1,99999,0,0,88,52
9,1,99999,0,0,183,53
9,1,99999,0,1,145,54
9,1,99999,0,1,142,55
9,2,3,1,1,34,56
9,1,99999,0,0,115,57
9,3,1,0,0,162,58
9,4,2,0,1,36,59
9,4,2,0,0,153,60
9,4,3,1,0,10,61
9,3,2,1,1,170,62
9,4,3,0,0,180,63
9,4,3,0,1,171,64
9,2,3,0,0,40,65
9,2,3,0,0,79,66
9,2,3,1,1,157,67
9,4,2,0,0,139,68
9,1,99999,1,1,116,69
9,4,3,1,1,81,70
9,2,3,0,1,67,71
9,3,2,1,1,129,72
9,1,99999,0,1,199,73
9,1,99999,0,0,197,74
9,3,2,1,1,55,75
9,2,3,1,1,119,76
9,4,3,1,1,200,77
9,4,3,1,1,100,78
9,3,1,0,1,175,79
9,2,3,0,1,99,80
9,2,3,0,1,128,81
9,2,3,0,0,152,82
9,2,3,0,1,73,83
9,3,2,0,1,28,84
9,3,3,0,1,64,85
9,3,1,0,1,60,86
9,1,99999,0,1,56,87
9,1,99999,1,1,2,88
9,4,3,0,1,54,89
9,2,3,1,1,121,90
9,1,99999,0,1,52,91
9,3,1,0,1,109,92
9,3,2,0,1,143,93
9,3,1,1,1,196,94
9,1,99999,1,0,48,95
9,1,99999,0,0,185,96
9,4,3,0,1,190,97
9,3,1,0,1,144,98
9,4,3,0,1,33,99
9,1,99999,0,0,83,100
9,4,2,0,1,75,101
9,3,1,1,1,112,102
9,4,1,0,1,189,103
9,2,3,1,1,124,104
9,4,3,0,0,47,105
9,1,99999,0,1,132,106
9,4,2,1,1,156,107
9,3,1,1,1,68,108
9,1,99999,0,0,61,109
9,4,3,1,1,84,110
9,3,2,0,1,58,111
9,1,99999,0,1,186,112
9,1,99999,1,1,13,113
9,4,2,1,1,158,114
9,1,99999,0,0,51,115
9,2,3,0,1,63,116
9,1,99999,0,0,87,117
9,2,3,0,1,117,118
9,3,1,0,1,66,119
9,3,2,0,1,172,120
9,3,1,0,1,127,121
9,3,1,0,0,160,122
9,4,3,1,1,32,123
9,2,3,1,1,140,124
9,2,3,0,1,80,125
9,1,99999,1,1,167,126
9,3,2,0,0,86,127
9,1,99999,1,1,114,128
9,4,3,1,1,82,129
9,2,3,1,1,50,130
9,1,99999,0,1,113,131
9,1,99999,0,1,76,132
9,4,2,0,1,154,133
9,1,99999,0,0,110,134
9,3,1,0,1,182,135
9,4,3,1,1,131,136
9,3,1,0,1,16,137
9,4,3,0,1,44,138
9,4,3,0,1,8,139
9,2,3,0,0,42,140
9,1,99999,1,1,89,141
9,2,3,1,1,133,142
9,2,3,1,0,151,143
9,1,99999,1,1,192,144
9,3,0,0,1,130,145
9,1,99999,0,0,39,146
9,3,2,1,1,103,147
9,4,2,1,1,57,148
9,2,3,1,1,138,149
9,4,3,1,1,23,150
9,4,3,0,1,163,151
9,4,3,1,1,27,152
9,2,3,0,1,90,153
9,4,2,1,1,146,154
9,3,0,0,0,6,155
9,2,3,1,1,37,156
9,2,3,1,1,41,157
9,3,2,0,1,46,158
9,3,1,0,1,78,159
9,4,2,0,0,91,160
9,1,99999,0,0,24,161
9,3,1,0,1,18,162
9,4,3,0,0,187,163
9,3,1,1,1,19,164
9,2,3,0,1,178,165
9,3,1,1,1,96,166
9,3,1,0,1,149,167
9,3,2,0,1,4,168
9,2,3,1,1,69,169
9,2,3,1,0,20,170
9,1,99999,0,1,106,171
9,4,2,1,1,7,172
9,2,3,0,1,193,173
9,2,3,0,1,184,174
9,4,3,0,0,59,175
9,2,3,1,1,102,176
9,4,2,0,0,108,177
9,1,99999,0,0,95,178
9,3,1,1,1,72,179
9,2,3,1,1,5,180
9,1,99999,1,1,35,181
9,3,1,1,1,177,182
9,4,3,0,0,26,183
9,1,99999,0,1,173,184
9,1,99999,0,1,147,185
9,3,1,0,1,107,186
9,4,3,0,1,22,187
9,1,99999,0,0,93,188
9,2,3,0,0,9,189
9,3,1,0,1,15,190
9,3,1,0,1,123,191
9,2,3,1,1,164,192
9,3,2,1,1,125,193
9,4,2,0,0,53,194
9,4,3,0,1,166,195
9,3,2,0,0,105,196
9,4,2,0,1,174,197
9,1,99999,1,1,165,198
9,1,99999,1,1,176,199
9,3,2,0,0,150,200
10,2,3,1,1,35,1
10,4,3,1,1,3,2
10,1,99999,1,1,164,3
10,3,1,0,1,108,4
10,1,99999,1,1,122,5
10,1,99999,0,0,111,6
10,2,3,0,1,129,7
10,3,1,0,0,120,8
10,4,3,1,1,113,9
10,1,99999,0,0,1,10
10,1,99999,0,1,5,11
10,2,3,0,1,118,12
10,3,2,1,1,181,13
10,4,3,0,1,57,14
10,3,1,1,1,48,15
10,4,3,1,1,15,16
10,1,99999,0,1,67,17
10,2,3,0,1,76,18
10,2,3,1,1,43,19
10,4,3,1,1,69,20
10,4,3,0,1,136,21
10,4,3,1,1,49,22
10,1,99999,1,1,98,23
10,2,3,0,1,184,24
10,1,99999,0,0,127,25
10,1,99999,0,0,80,26
10,2,3,0,1,186,27
10,4,3,0,0,46,28
10,4,3,0,1,2,29
10,3,2,1,1,77,30
10,4,3,1,1,26,31
10,1,99999,0,0,86,32
10,3,0,0,1,53,33
10,2,3,1,0,65,34
10,3,1,0,0,140,35
10,1,99999,0,0,10,36
10,4,3,0,1,171,37
10,3,1,0,1,56,38
10,3,0,0,1,106,39
10,4,3,0,1,154,40
10,2,3,0,1,135,41
10,4,3,1,1,126,42
10,2,NaN,0,1,160,43
10,2,3,0,1,168,44
10,3,1,0,0,87,45
10,3,1,0,0,166,46
10,4,3,0,1,115,47
10,1,99999,0,1,153,48
10,4,3,0,1,47,49
10,4,3,1,1,100,50
10,4,NaN,0,1,147,51
10,1,99999,1,1,142,52
10,3,1,0,1,130,53
10,1,99999,1,1,191,54
10,2,3,0,1,4,55
10,4,3,1,1,8,56
10,3,0,0,1,193,57
10,3,2,0,1,165,58
10,1,99999,0,0,139,59
10,2,3,1,1,176,60
10,4,3,0,1,162,61
10,2,3,0,0,42,62
10,2,3,1,1,14,63
10,4,3,0,0,145,64
10,1,99999,0,0,123,65
10,3,1,1,1,157,66
10,3,1,0,0,20,67
10,2,2,0,1,52,68
10,4,3,0,1,185,69
10,1,99999,1,1,23,70
10,2,3,0,1,55,71
10,1,99999,0,1,34,72
10,3,2,1,1,148,73
10,1,99999,1,1,16,74
10,2,3,0,0,150,75
10,3,1,1,0,79,76
10,2,3,0,1,64,77
10,2,3,0,1,117,78
10,3,0,0,0,146,79
10,1,99999,0,0,200,80
10,4,3,1,1,128,81
10,2,3,0,1,174,82
10,3,1,1,1,37,83
10,1,99999,1,1,192,84
10,2,3,1,1,172,85
10,4,3,1,1,41,86
10,3,0,0,0,6,87
10,4,3,0,1,88,88
10,4,3,0,1,18,89
10,1,99999,1,1,68,90
10,3,0,0,1,84,91
10,4,3,0,0,31,92
10,2,3,1,1,155,93
10,4,3,1,1,13,94
10,4,3,0,1,137,95
10,1,99999,1,1,112,96
10,1,99999,0,1,24,97
10,1,99999,0,1,124,98
10,3,2,1,1,188,99
10,3,1,0,1,72,100
10,3,1,1,1,44,101
10,2,3,1,1,134,102
10,4,3,0,1,9,103
10,1,99999,1,1,50,104
10,2,NaN,1,1,187,105
10,3,2,0,0,132,106
10,1,99999,0,0,93,107
10,2,3,0,0,197,108
10,2,3,1,1,119,109
10,3,1,1,0,194,110
10,2,3,1,1,195,111
10,3,1,0,1,169,112
10,4,3,1,1,114,113
10,4,3,1,1,74,114
10,1,99999,1,1,156,115
10,2,3,0,0,163,116
10,3,1,1,1,198,117
10,3,0,0,0,196,118
10,1,99999,1,1,89,119
10,3,1,0,1,116,120
10,2,NaN,0,1,91,121
10,1,99999,0,1,40,122
10,2,3,0,0,22,123
10,2,3,0,1,144,124
10,3,1,1,1,149,125
10,4,3,0,1,177,126
10,1,99999,1,1,179,127
10,4,3,1,1,33,128
10,4,3,0,1,180,129
10,3,2,0,0,167,130
10,3,1,1,1,125,131
10,1,99999,1,1,121,132
10,4,3,0,1,70,133
10,3,1,1,1,131,134
10,4,3,0,1,85,135
10,3,2,0,1,17,136
10,2,3,0,0,92,137
10,2,3,0,1,82,138
10,4,3,0,0,71,139
10,3,1,1,1,190,140
10,1,99999,1,1,38,141
10,2,NaN,0,1,182,142
10,1,99999,1,1,102,143
10,4,3,1,1,104,144
10,2,3,0,1,51,145
10,1,99999,1,1,101,146
10,2,3,0,1,161,147
10,3,1,0,0,152,148
10,4,3,1,1,151,149
10,2,NaN,1,1,19,150
10,2,3,1,1,61,151
10,2,3,0,1,94,152
10,4,3,0,1,11,153
10,3,1,0,1,173,154
10,1,99999,1,1,28,155
10,2,NaN,1,1,78,156
10,2,3,1,1,90,157
10,1,99999,1,1,30,158
10,2,3,1,1,32,159
10,3,1,1,1,60,160
10,1,99999,0,0,110,161
10,3,0,0,0,105,162
10,1,99999,1,1,7,163
10,4,3,1,1,170,164
10,4,3,0,1,62,165
10,2,3,1,1,138,166
10,1,99999,0,1,58,167
10,3,1,0,1,99,168
10,3,0,1,1,141,169
10,4,3,1,1,159,170
10,2,3,0,1,36,171
10,3,2,0,0,178,172
10,2,3,1,1,109,173
10,4,3,1,1,175,174
10,1,99999,1,1,143,175
10,1,99999,0,1,81,176
10,2,3,0,1,75,177
10,1,99999,1,1,29,178
10,4,3,0,1,39,179
10,1,99999,0,1,83,180
10,2,3,1,1,133,181
10,1,99999,1,1,96,182
10,3,1,1,0,59,183
10,4,3,0,1,54,184
10,4,2,1,0,21,185
10,4,3,1,1,97,186
10,3,1,1,1,189,187
10,2,3,0,1,183,188
10,1,99999,0,1,45,189
10,3,1,0,1,73,190
10,3,1,1,1,25,191
10,1,99999,1,1,12,192
10,4,3,1,1,107,193
10,2,3,0,1,103,194
10,3,1,1,0,95,195
10,1,99999,0,1,158,196
10,4,3,0,1,66,197
10,1,99999,0,1,63,198
10,1,99999,0,1,199,199
10,3,1,1,1,27,200
11,3,0,0,1,53,1
11,2,3,0,1,176,2
11,2,3,0,1,47,3
11,2,3,1,1,8,4
11,1,99999,0,1,173,5
11,2,3,1,0,105,6
11,2,3,1,1,148,7
11,3,0,0,1,154,8
11,2,3,0,0,10,9
11,1,99999,0,1,90,10
11,1,99999,1,1,181,11
11,1,99999,1,1,23,12
11,4,3,1,1,3,13
11,1,99999,0,1,56,14
11,1,99999,1,1,112,15
11,2,3,0,1,13,16
11,4,3,0,1,55,17
11,1,99999,0,1,43,18
11,3,0,0,1,160,19
11,4,3,0,1,178,20
11,3,0,1,1,130,21
11,3,0,0,1,28,22
11,3,0,1,1,189,23
11,1,99999,0,1,70,24
11,4,3,1,1,74,25
11,3,0,1,1,172,26
11,1,99999,1,1,170,27
11,4,3,1,1,151,28
11,1,99999,0,0,145,29
11,2,3,0,1,54,30
11,4,3,1,1,116,31
11,4,3,1,1,109,32
11,3,0,1,1,27,33
11,1,99999,0,1,183,34
11,3,0,0,1,18,35
11,1,99999,0,0,40,36
11,2,3,0,0,143,37
11,4,2,0,1,30,38
11,3,0,0,0,180,39
11,2,3,0,1,21,40
11,1,99999,0,1,140,41
11,1,99999,0,1,63,42
11,1,99999,0,1,84,43
11,4,3,0,1,67,44
11,1,99999,0,0,167,45
11,1,99999,0,0,94,46
11,2,3,1,1,131,47
11,3,0,0,1,2,48
11,4,3,0,1,72,49
11,4,3,1,1,35,50
11,3,0,0,0,76,51
11,1,99999,1,1,79,52
11,3,0,0,1,159,53
11,2,3,1,1,97,54
11,4,3,0,0,93,55
11,1,99999,0,1,162,56
11,3,0,0,1,193,57
11,1,99999,1,1,125,58
11,3,0,0,1,174,59
11,4,3,1,1,25,60
11,4,3,0,1,168,61
11,1,99999,0,1,80,62
11,2,3,1,1,37,63
11,2,3,0,1,158,64
11,2,3,0,1,85,65
11,2,3,0,0,110,66
11,4,3,1,1,38,67
11,2,3,1,1,81,68
11,1,99999,0,1,6,69
11,2,NaN,0,1,44,70
11,4,2,0,0,11,71
11,1,99999,0,1,24,72
11,2,3,0,0,58,73
11,1,99999,0,1,64,74
11,1,99999,0,0,179,75
11,4,3,1,1,122,76
11,3,0,0,1,57,77
11,3,0,0,1,66,78
11,3,0,1,1,188,79
11,3,0,0,0,127,80
11,3,0,0,1,152,81
11,2,3,1,1,192,82
11,1,99999,0,1,49,83
11,2,3,1,1,92,84
11,3,0,0,1,22,85
11,3,0,1,1,100,86
11,4,3,1,1,16,87
11,4,3,1,1,199,88
11,1,99999,1,1,175,89
11,1,99999,1,1,103,90
11,4,3,0,0,141,91
11,3,0,1,0,65,92
11,2,3,0,1,165,93
11,2,3,1,1,29,94
11,2,3,0,1,126,95
11,4,3,0,1,182,96
11,4,3,1,1,19,97
11,4,3,1,1,68,98
11,2,3,0,0,33,99
11,2,3,0,1,46,100
11,2,3,0,1,184,101
11,3,0,1,1,60,102
11,1,99999,0,1,120,103
11,1,99999,1,1,89,104
11,2,3,1,1,117,105
11,3,0,1,1,75,106
11,4,2,0,1,102,107
11,1,99999,1,1,12,108
11,1,99999,1,1,113,109
11,3,0,1,1,48,110
11,3,0,1,1,138,111
11,2,3,1,1,77,112
11,1,99999,1,1,196,113
11,3,0,0,0,31,114
11,1,99999,1,1,114,115
11,3,0,1,0,194,116
11,1,99999,0,0,42,117
11,1,99999,1,0,155,118
11,2,3,0,1,200,119
11,4,1,0,1,108,120
11,2,NaN,1,1,32,121
11,2,3,1,1,96,122
11,2,3,1,1,164,123
11,3,0,1,1,149,124
11,2,3,0,1,156,125
11,3,0,0,1,147,126
11,1,99999,0,1,104,127
11,4,3,0,0,73,128
11,4,3,0,1,71,129
11,4,3,1,1,5,130
11,1,99999,0,1,115,131
11,2,3,0,1,51,132
11,4,3,1,1,106,133
11,3,0,1,1,50,134
11,2,3,0,1,166,135
11,3,0,0,1,197,136
11,1,99999,0,0,134,137
11,2,3,1,1,78,138
11,4,3,0,0,171,139
11,3,0,0,1,26,140
11,4,3,0,0,163,141
11,1,99999,0,1,17,142
11,1,99999,0,1,34,143
11,4,3,0,1,95,144
11,3,0,0,0,169,145
11,1,99999,0,1,136,146
11,3,0,0,1,150,147
11,2,3,0,0,187,148
11,3,0,0,0,142,149
11,4,3,0,1,121,150
11,2,3,0,0,190,151
11,1,99999,1,1,88,152
11,3,1,1,1,62,153
11,3,0,0,0,9,154
11,3,0,1,1,69,155
11,2,3,1,0,195,156
11,4,2,0,0,111,157
11,4,3,0,1,87,158
11,4,3,1,1,107,159
11,2,3,1,1,157,160
11,4,3,1,1,15,161
11,3,0,1,1,124,162
11,2,NaN,0,1,198,163
11,4,3,1,1,82,164
11,4,3,0,1,86,165
11,1,99999,0,0,14,166
11,4,3,0,1,129,167
11,3,3,0,1,161,168
11,3,0,0,1,61,169
11,4,2,0,1,139,170
11,1,99999,1,1,144,171
11,1,99999,1,0,7,172
11,2,3,0,0,52,173
11,2,3,0,0,153,174
11,3,0,0,1,101,175
11,4,3,1,1,133,176
11,1,99999,0,1,36,177
11,4,3,1,1,98,178
11,3,0,0,1,39,179
11,4,3,0,1,191,180
11,4,3,0,1,185,181
11,4,3,1,1,99,182
11,3,0,0,0,132,183
11,4,3,1,1,137,184
11,2,3,0,1,135,185
11,2,3,0,1,20,186
11,4,3,0,1,59,187
11,3,0,0,1,186,188
11,3,0,0,1,45,189
11,1,99999,0,1,91,190
11,2,3,0,1,123,191
11,2,3,0,1,41,192
11,3,0,1,1,146,193
11,1,99999,0,1,128,194
11,1,99999,0,1,4,195
11,2,3,1,1,119,196
11,4,2,0,1,83,197
11,4,3,1,1,177,198
11,3,0,0,1,118,199
11,2,3,0,0,1,200
12,3,1,0,1,56,1
12,4,3,1,1,186,2
12,1,99999,0,0,52,3
12,3,0,0,1,177,4
12,2,3,0,0,15,5
12,1,99999,0,0,2,6
12,2,2,0,1,163,7
12,1,99999,0,1,75,8
12,2,3,1,1,175,9
12,2,3,1,1,28,10
12,1,99999,0,1,105,11
12,1,99999,1,1,198,12
12,4,3,0,0,153,13
12,3,1,0,1,1,14
12,2,3,1,1,27,15
12,2,3,1,1,50,16
12,3,1,0,1,111,17
12,2,3,1,1,57,18
12,2,3,1,1,161,19
12,4,2,0,1,98,20
12,1,99999,0,0,91,21
12,1,99999,0,1,124,22
12,2,3,0,1,165,23
12,2,3,1,1,192,24
12,1,99999,0,1,63,25
12,4,2,0,1,11,26
12,2,3,0,0,4,27
12,2,3,0,0,53,28
12,4,3,1,1,92,29
12,2,3,0,0,83,30
12,2,3,0,0,69,31
12,2,3,1,0,30,32
12,4,3,0,1,85,33
12,4,3,0,1,99,34
12,2,3,0,0,43,35
12,4,3,0,0,178,36
12,1,99999,0,0,185,37
12,1,99999,0,0,61,38
12,3,1,1,0,117,39
12,1,99999,0,0,120,40
12,4,3,1,1,67,41
12,2,3,1,1,49,42
12,4,3,1,1,37,43
12,3,1,0,0,147,44
12,4,3,0,0,24,45
12,4,3,1,1,68,46
12,4,2,0,1,184,47
12,2,3,0,0,82,48
12,1,99999,0,0,18,49
12,2,3,0,0,31,50
12,4,3,0,1,19,51
12,2,3,0,0,100,52
12,2,3,0,0,51,53
12,3,1,0,1,13,54
12,3,2,1,1,29,55
12,4,2,0,0,36,56
12,4,3,1,1,157,57
12,4,1,0,0,108,58
12,4,3,1,1,140,59
12,3,1,0,1,76,60
12,4,2,1,0,125,61
12,3,1,1,1,10,62
12,3,1,0,0,151,63
12,1,99999,0,1,113,64
12,3,3,1,0,5,65
12,1,99999,0,0,32,66
12,2,3,0,1,152,67
12,1,99999,0,1,71,68
12,2,3,0,1,106,69
12,1,99999,1,1,146,70
12,1,99999,0,1,94,71
12,4,3,1,1,48,72
12,3,1,0,1,102,73
12,4,2,0,1,45,74
12,4,3,0,0,34,75
12,2,3,1,1,164,76
12,1,99999,0,1,20,77
12,1,99999,0,0,86,78
12,2,3,0,0,133,79
12,1,99999,0,0,6,80
12,1,99999,0,0,160,81
12,1,99999,1,1,116,82
12,2,3,0,0,72,83
12,2,3,1,1,25,84
12,1,99999,1,1,188,85
12,4,2,0,1,180,86
12,2,3,0,1,64,87
12,2,3,0,0,141,88
12,4,3,1,1,122,89
12,1,99999,0,1,87,90
12,3,1,0,0,119,91
12,2,3,1,1,84,92
12,3,1,1,1,89,93
12,1,99999,0,1,158,94
12,4,3,0,0,168,95
12,2,3,0,1,104,96
12,1,99999,0,0,197,97
12,1,99999,0,1,73,98
12,4,3,1,1,74,99
12,3,1,1,1,35,100
12,2,3,0,1,176,101
12,3,1,0,1,66,102
12,1,99999,0,1,103,103
12,4,3,0,0,187,104
12,4,3,1,0,16,105
12,3,1,0,1,171,106
12,3,2,1,0,65,107
12,3,1,0,0,47,108
12,1,99999,0,1,170,109
12,4,3,1,1,142,110
12,3,1,0,1,126,111
12,2,3,0,1,193,112
12,3,1,0,0,135,113
12,2,3,0,1,96,114
12,1,99999,0,1,162,115
12,4,3,1,1,62,116
12,2,3,0,0,40,117
12,3,3,1,0,12,118
12,4,3,0,0,150,119
12,1,99999,0,0,139,120
12,1,99999,1,0,172,121
12,1,99999,0,0,118,122
12,3,1,0,1,8,123
12,3,1,0,1,132,124
12,2,3,0,0,179,125
12,1,99999,0,0,123,126
12,4,3,0,0,130,127
12,1,99999,1,1,144,128
12,1,99999,0,0,9,129
12,3,1,0,1,155,130
12,1,99999,1,1,77,131
12,3,2,0,1,194,132
12,2,3,0,0,17,133
12,4,3,0,1,22,134
12,1,99999,1,1,41,135
12,1,99999,1,1,23,136
12,2,3,0,0,174,137
12,3,1,1,0,148,138
12,3,1,1,1,181,139
12,3,3,0,0,143,140
12,3,1,1,0,81,141
12,2,3,0,0,93,142
12,2,3,0,0,200,143
12,4,3,0,1,137,144
12,3,1,0,1,115,145
12,1,99999,0,1,173,146
12,2,3,0,0,58,147
12,1,99999,0,1,44,148
12,2,3,1,1,121,149
12,3,1,0,0,21,150
12,3,1,0,1,159,151
12,2,3,0,0,131,152
12,2,3,1,1,7,153
12,1,99999,0,1,127,154
12,3,1,0,0,90,155
12,2,3,0,1,166,156
12,2,3,0,1,14,157
12,3,1,0,0,59,158
12,3,1,0,1,196,159
12,4,2,0,0,169,160
12,1,99999,0,0,107,161
12,4,1,0,1,101,162
12,1,99999,1,1,138,163
12,4,3,1,1,88,164
12,1,99999,0,1,55,165
12,3,1,1,1,78,166
12,4,2,0,0,189,167
12,3,1,0,1,38,168
12,4,3,1,1,79,169
12,3,1,0,1,199,170
12,1,99999,1,0,195,171
12,3,1,0,1,39,172
12,2,2,1,0,128,173
12,4,3,0,1,136,174
12,1,99999,0,1,129,175
12,4,2,0,1,46,176
12,3,1,0,0,167,177
12,3,1,1,1,114,178
12,3,1,1,1,156,179
12,3,1,0,1,112,180
12,4,3,0,0,95,181
12,1,99999,1,1,60,182
12,4,3,1,0,182,183
12,3,1,1,0,154,184
12,3,1,0,0,134,185
12,4,3,0,0,42,186
12,4,3,1,1,109,187
12,1,99999,0,1,70,188
12,2,3,0,1,80,189
12,2,3,0,1,190,190
12,4,3,1,1,33,191
12,1,99999,0,1,145,192
12,4,3,0,0,183,193
12,4,3,1,0,97,194
12,4,3,0,1,191,195
12,4,2,0,1,3,196
12,3,1,0,1,110,197
12,3,2,0,1,26,198
12,2,3,0,1,54,199
12,3,1,0,1,149,200
13,1,99999,0,1,165,1
13,4,1,0,1,120,2
13,1,99999,0,1,29,3
13,3,0,0,0,98,4
13,4,3,1,0,3,5
13,2,3,0,0,176,6
13,3,0,0,1,177,7
13,4,3,0,0,193,8
13,2,3,0,1,168,9
13,2,NaN,0,1,55,10
13,3,0,0,0,56,11
13,3,0,0,1,122,12
13,2,3,0,0,132,13
13,4,3,0,1,4,14
13,4,3,0,0,57,15
13,3,0,0,1,67,16
13,4,3,0,1,23,17
13,1,99999,1,0,109,18
13,4,3,0,1,39,19
13,3,0,0,0,155,20
13,1,99999,0,0,158,21
13,2,3,0,1,159,22
13,3,0,0,0,167,23
13,3,0,1,1,13,24
13,2,3,1,1,114,25
13,1,99999,1,0,149,26
13,3,0,0,0,164,27
13,4,NaN,0,1,72,28
13,4,3,0,1,187,29
13,3,0,1,1,121,30
13,1,99999,1,1,96,31
13,4,3,1,1,138,32
13,3,0,0,1,63,33
13,2,3,0,1,62,34
13,1,99999,1,1,195,35
13,3,0,0,1,5,36
13,4,3,0,0,180,37
13,1,99999,0,0,15,38
13,4,3,0,0,61,39
13,2,3,0,1,99,40
13,4,3,0,0,70,41
13,1,99999,0,0,137,42
13,3,0,0,0,42,43
13,3,0,1,1,97,44
13,1,99999,0,0,41,45
13,1,99999,1,1,74,46
13,4,3,1,1,88,47
13,2,3,0,1,171,48
13,3,0,0,1,54,49
13,4,3,1,1,27,50
13,4,3,1,1,151,51
13,1,99999,1,0,34,52
13,4,3,1,1,196,53
13,1,99999,0,1,64,54
13,4,3,0,0,153,55
13,2,3,0,0,26,56
13,3,0,0,0,169,57
13,1,99999,0,1,38,58
13,3,0,0,1,194,59
13,1,99999,1,1,25,60
13,1,99999,1,1,60,61
13,2,3,1,1,37,62
13,3,NaN,0,1,188,63
13,3,0,1,1,69,64
13,3,0,0,1,49,65
13,3,0,0,0,2,66
13,4,3,0,1,22,67
13,2,NaN,0,0,134,68
13,2,3,0,1,128,69
13,2,3,1,1,116,70
13,4,2,1,1,144,71
13,4,NaN,0,0,110,72
13,4,1,0,0,53,73
13,1,99999,0,0,197,74
13,2,NaN,0,1,163,75
13,2,3,0,0,142,76
13,3,0,0,0,190,77
13,1,99999,0,0,181,78
13,4,3,0,1,161,79
13,2,3,0,1,198,80
13,3,0,0,1,141,81
13,4,3,0,1,43,82
13,2,3,0,0,93,83
13,2,NaN,0,0,6,84
13,1,99999,0,0,130,85
13,4,2,0,0,83,86
13,3,2,1,1,133,87
13,2,3,1,1,182,88
13,3,3,0,1,90,89
13,2,3,0,1,172,90
13,4,3,0,0,183,91
13,3,0,0,0,73,92
13,2,3,0,0,173,93
13,2,3,0,0,47,94
13,1,99999,0,0,87,95
13,4,1,0,0,108,96
13,2,3,0,1,199,97
13,4,3,0,0,91,98
13,4,3,0,1,113,99
13,2,3,0,1,150,100
13,2,3,0,1,154,101
13,1,99999,0,1,136,102
13,1,99999,0,1,111,103
13,2,3,0,0,185,104
13,3,0,1,1,101,105
13,4,3,0,1,166,106
13,3,0,1,1,192,107
13,1,99999,1,1,170,108
13,1,99999,0,0,174,109
13,2,2,0,0,24,110
13,1,99999,1,1,89,111
13,4,3,1,1,77,112
13,1,99999,0,1,145,113
13,3,0,1,1,68,114
13,2,1,1,1,78,115
13,3,0,0,1,189,116
13,2,3,1,1,7,117
13,4,1,0,0,52,118
13,2,NaN,1,1,124,119
13,3,0,0,1,95,120
13,4,3,0,1,126,121
13,1,99999,0,1,17,122
13,1,99999,0,1,75,123
13,1,99999,1,0,33,124
13,3,0,0,0,50,125
13,4,3,1,1,79,126
13,1,99999,1,1,31,127
13,3,1,0,0,58,128
13,2,0,1,0,117,129
13,4,3,0,1,186,130
13,4,2,0,0,139,131
13,4,3,1,1,18,132
13,2,3,0,0,9,133
13,4,3,1,1,92,134
13,3,0,0,0,85,135
13,3,0,0,1,10,136
13,1,99999,0,1,44,137
13,3,1,0,0,107,138
13,1,99999,0,0,81,139
13,1,99999,0,1,14,140
13,4,3,0,0,8,141
13,2,3,0,1,175,142
13,1,99999,0,0,179,143
13,1,99999,1,1,200,144
13,1,99999,1,1,19,145
13,2,3,0,1,191,146
13,1,99999,1,1,148,147
13,3,1,1,1,127,148
13,1,99999,1,1,35,149
13,2,NaN,1,1,103,150
13,4,3,0,1,129,151
13,1,99999,0,1,105,152
13,1,99999,0,0,125,153
13,2,NaN,0,0,86,154
13,2,NaN,1,1,48,155
13,2,3,0,1,131,156
13,4,3,1,1,28,157
13,3,0,0,0,160,158
13,3,0,1,1,119,159
13,1,99999,0,0,80,160
13,1,99999,1,1,84,161
13,4,3,1,1,140,162
13,4,3,1,0,20,163
13,4,3,0,0,51,164
13,2,3,0,1,45,165
13,4,3,0,1,100,166
13,3,0,0,1,157,167
13,1,99999,0,0,178,168
13,1,99999,0,1,143,169
13,2,3,0,1,76,170
13,1,99999,0,1,11,171
13,2,3,0,0,135,172
13,1,99999,0,0,94,173
13,2,3,0,1,146,174
13,2,3,1,1,32,175
13,2,3,0,1,123,176
13,3,0,0,1,115,177
13,1,99999,1,1,112,178
13,3,0,0,0,59,179
13,3,0,0,1,147,180
13,3,0,0,0,118,181
13,1,99999,0,1,46,182
13,2,NaN,0,0,106,183
13,4,3,0,0,40,184
13,2,3,0,1,184,185
13,4,3,0,0,66,186
13,4,1,0,1,21,187
13,2,3,1,0,16,188
13,3,0,1,1,36,189
13,2,3,0,1,102,190
13,3,0,0,0,82,191
13,3,0,1,1,156,192
13,3,1,0,1,1,193
13,1,99999,0,0,65,194
13,1,99999,1,1,12,195
13,2,3,0,1,104,196
13,4,3,0,0,71,197
13,3,0,0,0,30,198
13,3,0,0,1,162,199
13,4,3,0,1,152,200
14,1,99999,0,0,168,1
14,2,3,0,0,107,2
14,2,3,0,1,103,3
14,3,3,0,0,158,4
14,3,1,0,1,135,5
14,1,99999,0,1,116,6
14,2,3,0,0,190,7
14,1,99999,0,1,162,8
14,3,2,0,1,124,9
14,4,3,1,1,10,10
14,2,3,0,1,34,11
14,1,99999,0,0,132,12
14,3,1,1,1,114,13
14,4,3,1,1,89,14
14,1,99999,1,1,7,15
14,1,99999,0,1,139,16
14,1,99999,1,1,8,17
14,4,3,1,1,97,18
14,4,3,1,1,16,19
14,4,3,0,1,125,20
14,3,2,0,0,159,21
14,2,3,1,1,144,22
14,1,99999,0,0,199,23
14,4,2,0,1,118,24
14,2,3,1,1,143,25
14,3,2,0,0,92,26
14,2,3,0,0,156,27
14,3,1,0,0,66,28
14,3,1,0,1,120,29
14,3,1,1,1,78,30
14,1,99999,0,1,183,31
14,4,3,0,1,178,32
14,2,3,0,1,94,33
14,2,3,0,1,82,34
14,3,1,1,1,32,35
14,4,3,1,1,84,36
14,3,1,0,1,13,37
14,2,3,0,0,93,38
14,2,3,0,1,96,39
14,3,1,1,1,192,40
14,1,99999,1,1,37,41
14,2,3,0,1,154,42
14,3,1,1,1,88,43
14,2,3,0,1,18,44
14,3,1,1,1,181,45
14,1,99999,0,0,198,46
14,4,3,1,1,98,47
14,4,3,0,1,155,48
14,1,99999,0,1,141,49
14,4,3,1,1,179,50
14,4,2,1,1,19,51
14,1,99999,0,0,9,52
14,1,99999,0,0,108,53
14,3,1,0,1,105,54
14,4,3,0,0,41,55
14,4,2,0,1,189,56
14,3,3,1,1,104,57
14,1,99999,0,1,57,58
14,3,1,0,1,149,59
14,2,3,1,1,170,60
14,1,99999,0,1,100,61
14,4,2,0,1,83,62
14,4,3,1,1,5,63
14,4,3,1,1,131,64
14,1,99999,0,0,110,65
14,4,3,0,1,147,66
14,1,99999,0,0,20,67
14,2,3,0,1,43,68
14,2,3,1,0,48,69
14,2,3,1,1,186,70
14,2,3,0,1,137,71
14,4,3,1,1,138,72
14,1,99999,0,1,80,73
14,4,3,0,0,73,74
14,4,3,0,0,173,75
14,4,3,1,1,75,76
14,1,99999,0,1,40,77
14,1,99999,0,1,72,78
14,2,3,0,1,22,79
14,3,1,0,1,122,80
14,3,1,0,1,85,81
14,4,3,0,1,113,82
14,4,3,0,0,164,83
14,3,1,0,0,102,84
14,1,99999,0,0,21,85
14,1,99999,0,1,111,86
14,3,1,0,1,17,87
14,3,0,0,1,56,88
14,4,3,0,1,51,89
14,1,99999,0,0,1,90
14,1,99999,1,1,81,91
14,2,3,0,1,95,92
14,3,1,0,0,185,93
14,1,99999,0,1,163,94
14,4,3,0,0,33,95
14,1,99999,0,0,53,96
14,2,3,0,0,171,97
14,4,3,0,0,42,98
14,2,3,0,0,128,99
14,3,1,0,1,55,100
14,2,3,1,1,161,101
14,3,1,1,1,157,102
14,1,99999,0,1,169,103
14,4,3,0,0,150,104
14,4,3,0,1,31,105
14,4,3,0,1,180,106
14,1,99999,1,1,65,107
14,2,3,0,1,11,108
14,1,99999,0,1,87,109
14,3,3,1,1,195,110
14,4,3,1,1,126,111
14,2,3,0,1,64,112
14,4,3,1,0,140,113
14,2,3,0,1,52,114
14,2,3,1,1,35,115
14,2,3,0,1,134,116
14,2,2,0,1,127,117
14,4,3,1,1,90,118
14,3,1,0,1,39,119
14,4,2,0,1,193,120
14,3,1,0,1,46,121
14,1,99999,0,1,86,122
14,2,3,1,1,71,123
14,4,3,1,1,38,124
14,1,99999,0,1,191,125
14,2,3,0,1,45,126
14,2,3,1,1,182,127
14,1,99999,0,1,145,128
14,3,1,0,1,115,129
14,2,3,1,1,6,130
14,3,0,0,1,165,131
14,2,3,0,1,44,132
14,4,3,1,1,79,133
14,4,3,1,1,188,134
14,1,99999,0,0,152,135
14,1,99999,1,1,61,136
14,1,99999,0,1,166,137
14,2,3,0,1,184,138
14,1,99999,0,1,62,139
14,3,1,0,0,58,140
14,2,3,0,0,197,141
14,1,99999,0,1,47,142
14,3,1,0,1,59,143
14,2,3,0,1,172,144
14,4,3,1,1,129,145
14,2,3,1,1,12,146
14,3,1,0,1,76,147
14,4,2,0,1,36,148
14,1,99999,0,1,174,149
14,3,1,1,1,23,150
14,4,3,1,1,74,151
14,4,2,0,0,146,152
14,3,1,0,0,30,153
14,4,3,1,1,29,154
14,2,3,0,1,28,155
14,3,3,1,1,133,156
14,1,99999,0,1,99,157
14,2,3,1,1,26,158
14,3,1,0,1,123,159
14,4,2,1,1,101,160
14,3,2,1,1,121,161
14,4,3,1,1,49,162
14,4,3,1,1,25,163
14,4,3,0,1,106,164
14,1,99999,0,0,167,165
14,1,99999,0,1,91,166
14,1,99999,1,1,3,167
14,3,1,0,1,77,168
14,4,3,0,1,117,169
14,3,3,1,1,151,170
14,2,3,1,1,112,171
14,3,1,0,1,24,172
14,3,1,0,1,15,173
14,2,3,1,1,196,174
14,1,99999,1,1,68,175
14,3,3,1,1,69,176
14,2,3,0,1,187,177
14,1,99999,1,1,27,178
14,2,3,1,1,194,179
14,3,1,1,1,177,180
14,2,3,1,1,148,181
14,2,3,0,1,2,182
14,3,0,0,1,130,183
14,3,1,1,1,119,184
14,1,99999,0,1,4,185
14,3,1,0,1,60,186
14,1,99999,0,1,63,187
14,2,3,1,1,109,188
14,3,1,0,1,136,189
14,2,3,1,1,50,190
14,1,99999,0,0,70,191
14,4,3,0,0,200,192
14,4,3,0,1,54,193
14,2,3,0,1,160,194
14,2,3,0,1,153,195
14,4,3,1,1,175,196
14,3,1,0,1,67,197
14,1,99999,0,0,14,198
14,3,2,0,0,142,199
14,1,99999,0,0,176,200
15,4,3,1,1,158,1
15,3,1,1,1,27,2
15,1,99999,0,1,45,3
15,3,2,1,1,112,4
15,3,0,0,1,153,5
15,1,99999,1,1,172,6
15,2,3,1,1,97,7
15,4,3,1,1,7,8
15,1,99999,1,1,69,9
15,2,3,1,1,68,10
15,3,0,0,0,18,11
15,4,2,0,1,199,12
15,2,3,0,0,197,13
15,1,99999,1,1,16,14
15,2,3,0,1,147,15
15,1,99999,1,1,164,16
15,4,3,0,1,86,17
15,3,0,0,1,175,18
15,3,0,1,1,151,19
15,1,99999,0,1,22,20
15,4,3,1,1,121,21
15,2,3,0,0,185,22
15,2,3,0,1,11,23
15,2,2,1,1,34,24
15,1,99999,0,1,87,25
15,4,1,0,0,135,26
15,4,3,0,1,66,27
15,4,2,1,1,6,28
15,1,99999,1,1,196,29
15,1,99999,1,1,79,30
15,2,3,0,0,111,31
15,2,3,0,1,132,32
15,4,3,1,1,43,33
15,3,0,0,0,168,34
15,2,3,0,1,75,35
15,2,3,0,1,90,36
15,2,3,1,1,99,37
15,3,0,1,1,182,38
15,2,3,1,0,155,39
15,3,0,0,0,152,40
15,1,99999,0,1,85,41
15,3,0,0,1,49,42
15,4,1,1,1,101,43
15,1,99999,1,1,138,44
15,2,3,0,1,188,45
15,4,3,1,1,187,46
15,3,0,1,1,19,47
15,1,99999,1,1,103,48
15,4,3,1,1,154,49
15,2,3,1,1,48,50
15,4,3,0,0,59,51
15,3,0,1,0,61,52
15,4,2,0,1,186,53
15,2,3,1,1,177,54
15,3,NaN,1,1,14,55
15,1,99999,0,1,171,56
15,1,99999,0,0,40,57
15,4,1,0,1,160,58
15,1,99999,1,1,57,59
15,3,1,0,1,126,60
15,1,99999,1,1,32,61
15,2,3,0,0,162,62
15,4,3,0,0,58,63
15,1,99999,0,1,174,64
15,3,0,0,1,67,65
15,1,99999,0,1,107,66
15,1,99999,0,1,137,67
15,2,3,0,1,24,68
15,1,99999,0,1,93,69
15,2,3,0,1,141,70
15,4,3,1,1,195,71
15,4,3,0,0,198,72
15,4,1,1,1,181,73
15,1,99999,1,1,143,74
15,1,99999,0,1,56,75
15,4,3,0,0,9,76
15,2,3,0,1,8,77
15,3,0,0,0,53,78
15,4,2,0,1,88,79
15,3,1,0,0,108,80
15,1,99999,1,1,192,81
15,2,3,0,1,119,82
15,1,99999,1,1,200,83
15,1,99999,1,1,33,84
15,2,3,1,1,23,85
15,2,3,1,1,65,86
15,2,3,0,1,193,87
15,1,99999,0,0,1,88
15,1,99999,1,1,60,89
15,1,99999,0,0,39,90
15,2,3,1,1,157,91
15,1,99999,1,1,125,92
15,1,99999,0,0,173,93
15,4,3,1,1,12,94
15,4,3,0,0,72,95
15,4,3,1,0,123,96
15,2,3,1,1,71,97
15,3,1,0,0,70,98
15,1,99999,1,1,98,99
15,3,0,1,1,3,100
15,3,1,0,1,80,101
15,3,1,1,1,44,102
15,4,3,0,1,163,103
15,3,1,0,1,94,104
15,3,1,1,1,84,105
15,1,99999,0,0,142,106
15,3,1,1,1,5,107
15,3,0,0,0,31,108
15,3,0,0,1,46,109
15,2,3,0,1,159,110
15,4,3,0,0,42,111
15,2,3,1,1,26,112
15,4,3,0,1,64,113
15,4,1,1,1,109,114
15,4,3,0,1,4,115
15,3,1,1,1,13,116
15,1,99999,0,1,95,117
15,2,3,1,0,194,118
15,1,99999,1,1,30,119
15,2,NaN,0,1,83,120
15,4,3,0,1,110,121
15,4,3,0,1,17,122
15,3,0,1,1,96,123
15,2,3,0,1,130,124
15,2,3,1,1,127,125
15,1,99999,1,1,55,126
15,2,3,1,1,36,127
15,4,2,1,1,63,128
15,1,99999,0,0,183,129
15,3,1,1,1,114,130
15,2,3,1,1,89,131
15,4,1,1,1,37,132
15,2,3,0,1,178,133
15,4,3,1,1,176,134
15,1,99999,1,1,148,135
15,2,3,1,1,139,136
15,3,2,0,1,73,137
15,3,0,0,1,161,138
15,2,3,1,1,91,139
15,3,0,1,1,156,140
15,4,3,1,1,38,141
15,2,3,0,1,115,142
15,1,99999,1,1,129,143
15,1,99999,0,1,166,144
15,3,0,0,0,128,145
15,3,0,1,1,165,146
15,2,3,1,1,74,147
15,4,3,0,0,28,148
15,2,3,0,1,140,149
15,4,2,0,1,102,150
15,4,3,0,1,106,151
15,3,0,0,1,150,152
15,2,3,0,0,191,153
15,3,1,1,1,167,154
15,1,99999,0,0,76,155
15,2,3,0,1,118,156
15,1,99999,1,1,35,157
15,2,3,1,1,15,158
15,4,2,0,1,41,159
15,1,99999,0,1,136,160
15,4,2,0,1,180,161
15,3,0,1,1,10,162
15,3,1,1,1,131,163
15,3,0,1,1,189,164
15,1,99999,0,0,113,165
15,4,2,1,1,122,166
15,3,0,0,0,145,167
15,4,2,1,1,52,168
15,2,3,1,1,25,169
15,1,99999,1,1,81,170
15,3,0,1,1,149,171
15,3,2,1,1,77,172
15,1,99999,1,1,54,173
15,4,2,1,1,82,174
15,3,0,0,1,184,175
15,3,0,1,1,100,176
15,3,0,1,1,78,177
15,1,99999,1,1,20,178
15,4,1,0,1,120,179
15,1,99999,0,1,117,180
15,1,99999,0,1,47,181
15,3,0,0,1,2,182
15,2,3,1,1,179,183
15,1,99999,1,1,144,184
15,4,3,1,1,50,185
15,4,3,1,1,104,186
15,2,3,0,1,21,187
15,2,3,1,1,133,188
15,3,1,0,1,169,189
15,4,3,1,1,170,190
15,4,3,0,1,51,191
15,2,3,1,1,146,192
15,3,0,0,1,116,193
15,2,3,1,1,62,194
15,4,2,1,1,124,195
15,2,3,1,1,105,196
15,4,3,1,1,134,197
15,1,99999,1,1,29,198
15,3,0,1,1,190,199
15,3,1,0,0,92,200
16,1,99999,0,0,104,1
16,2,3,1,1,10,2
16,4,2,0,1,169,3
16,3,1,1,1,179,4
16,1,99999,0,0,111,5
16,4,2,1,1,105,6
16,1,99999,0,1,49,7
16,4,3,0,0,84,8
16,4,3,1,1,66,9
16,2,3,0,0,143,10
16,3,1,0,1,62,11
16,2,3,0,0,52,12
16,4,3,1,0,175,13
16,1,99999,0,0,99,14
16,1,99999,1,0,121,15
16,3,1,1,0,177,16
16,2,3,0,0,158,17
16,3,1,0,0,110,18
16,3,0,0,0,73,19
16,2,3,1,1,2,20
16,4,3,0,0,152,21
16,3,1,0,0,128,22
16,1,99999,0,0,153,23
16,4,3,0,0,70,24
16,1,99999,0,0,134,25
16,3,0,0,0,108,26
16,2,3,0,0,53,27
16,3,1,0,0,174,28
16,3,0,0,0,160,29
16,4,2,0,0,130,30
16,1,99999,0,1,129,31
16,3,0,1,1,164,32
16,3,0,0,0,183,33
16,2,3,1,1,17,34
16,1,99999,1,1,196,35
16,3,2,1,1,38,36
16,1,99999,0,1,166,37
16,2,3,1,1,74,38
16,4,2,1,1,103,39
16,3,0,1,1,192,40
16,1,99999,1,1,19,41
16,2,3,0,0,145,42
16,1,99999,1,1,60,43
16,2,3,0,0,190,44
16,1,99999,0,0,113,45
16,1,99999,1,1,68,46
16,4,3,1,1,75,47
16,3,1,1,1,21,48
16,2,3,0,1,120,49
16,3,0,1,1,7,50
16,1,99999,0,0,39,51
16,4,3,1,1,43,52
16,2,3,1,1,69,53
16,3,1,1,1,54,54
16,4,3,1,1,146,55
16,4,2,0,1,83,56
16,4,3,1,1,25,57
16,1,99999,0,1,117,58
16,4,3,1,1,170,59
16,1,99999,1,1,31,60
16,1,99999,1,1,26,61
16,4,2,0,1,139,62
16,3,1,0,1,87,63
16,4,3,1,1,56,64
16,4,3,1,1,82,65
16,4,3,1,1,157,66
16,4,3,0,1,72,67
16,2,3,1,1,195,68
16,2,3,0,1,168,69
16,3,1,0,1,137,70
16,3,1,0,0,40,71
16,3,0,1,1,29,72
16,4,3,1,1,86,73
16,3,2,1,1,191,74
16,1,99999,1,1,12,75
16,4,3,1,1,79,76
16,4,3,1,1,101,77
16,1,99999,0,1,51,78
16,4,3,1,1,28,79
16,2,3,1,1,77,80
16,1,99999,0,1,199,81
16,2,3,1,1,187,82
16,2,3,0,1,93,83
16,1,99999,0,1,50,84
16,4,3,0,0,90,85
16,3,0,1,1,46,86
16,1,99999,0,1,159,87
16,2,3,1,1,149,88
16,2,3,1,0,48,89
16,3,0,0,1,125,90
16,2,3,1,1,109,91
16,2,3,1,1,92,92
16,3,1,1,1,3,93
16,4,3,1,1,107,94
16,1,99999,1,1,16,95
16,4,2,1,1,81,96
16,3,0,0,1,88,97
16,1,99999,1,1,172,98
16,2,3,1,1,22,99
16,2,3,0,1,67,100
16,2,3,1,1,148,101
16,4,3,1,0,20,102
16,3,1,0,1,150,103
16,2,3,0,1,186,104
16,1,99999,0,0,42,105
16,1,99999,0,1,36,106
16,2,3,1,1,27,107
16,2,3,0,0,167,108
16,3,1,0,1,58,109
16,3,1,0,1,161,110
16,2,3,0,1,106,111
16,1,99999,1,1,189,112
16,2,3,0,0,30,113
16,1,99999,1,1,176,114
16,4,2,1,1,6,115
16,2,3,1,1,131,116
16,3,1,1,1,200,117
16,2,3,1,1,114,118
16,4,3,1,1,59,119
16,4,3,0,0,155,120
16,2,3,0,1,61,121
16,3,0,0,1,91,122
16,4,3,1,1,100,123
16,3,1,0,1,8,124
16,3,0,0,0,197,125
16,4,3,1,1,182,126
16,3,1,1,1,151,127
16,4,3,0,1,45,128
16,2,3,0,1,115,129
16,4,3,1,1,32,130
16,4,3,1,1,124,131
16,4,3,1,1,18,132
16,1,99999,1,1,97,133
16,3,2,0,0,185,134
16,2,3,1,1,126,135
16,1,99999,1,1,71,136
16,2,3,1,1,144,137
16,2,3,1,1,188,138
16,2,3,1,1,78,139
16,3,1,0,1,136,140
16,3,1,0,1,63,141
16,1,99999,1,0,122,142
16,2,3,1,1,102,143
16,1,99999,1,1,156,144
16,3,1,1,1,116,145
16,1,99999,0,1,11,146
16,2,3,0,1,47,147
16,2,3,1,1,89,148
16,1,99999,1,1,112,149
16,2,3,1,1,96,150
16,2,3,0,1,119,151
16,1,99999,0,1,64,152
16,4,2,0,0,198,153
16,3,1,0,0,141,154
16,3,1,0,0,193,155
16,1,99999,1,1,165,156
16,2,3,1,1,85,157
16,4,3,0,1,154,158
16,1,99999,1,1,35,159
16,1,99999,0,1,135,160
16,2,3,0,1,171,161
16,1,99999,1,0,194,162
16,2,3,0,1,178,163
16,3,1,0,1,123,164
16,1,99999,1,1,33,165
16,4,3,1,1,140,166
16,4,2,0,1,180,167
16,1,99999,0,1,24,168
16,4,3,1,1,133,169
16,4,3,1,1,23,170
16,1,99999,0,0,142,171
16,4,3,0,1,80,172
16,1,99999,0,1,94,173
16,4,3,1,1,98,174
16,4,3,0,1,9,175
16,2,3,1,1,13,176
16,2,3,0,0,14,177
16,4,3,1,1,15,178
16,1,99999,0,1,55,179
16,2,3,1,1,138,180
16,3,1,0,0,132,181
16,1,99999,0,0,65,182
16,1,99999,0,1,4,183
16,3,1,0,1,162,184
16,3,0,1,1,127,185
16,4,2,1,1,57,186
16,1,99999,0,1,163,187
16,4,3,0,1,173,188
16,2,3,0,1,41,189
16,3,1,0,1,184,190
16,4,3,1,1,95,191
16,2,3,1,1,44,192
16,1,99999,0,0,1,193
16,1,99999,1,1,181,194
16,3,1,0,1,118,195
16,3,1,1,1,5,196
16,3,1,1,1,37,197
16,3,1,0,1,34,198
16,3,1,0,1,147,199
16,3,0,0,1,76,200
17,4,3,1,1,97,1
17,2,3,0,1,46,2
17,3,1,1,1,192,3
17,3,1,1,1,16,4
17,2,NaN,1,1,109,5
17,1,99999,0,1,39,6
17,2,3,1,1,12,7
17,1,99999,0,1,159,8
17,4,3,0,0,42,9
17,1,99999,1,1,10,10
17,2,3,1,1,75,11
17,2,3,1,1,175,12
17,1,99999,1,1,68,13
17,4,3,0,0,178,14
17,3,1,0,1,154,15
17,4,2,0,1,118,16
17,2,3,1,1,43,17
17,3,1,1,1,77,18
17,3,1,0,1,72,19
17,1,99999,1,1,2,20
17,1,99999,0,1,198,21
17,1,99999,1,0,65,22
17,2,3,0,0,40,23
17,1,99999,0,1,120,24
17,3,1,1,1,121,25
17,1,99999,0,1,194,26
17,3,1,1,1,14,27
17,1,99999,1,1,48,28
17,3,1,0,1,169,29
17,2,3,0,0,47,30
17,4,3,1,1,150,31
17,4,2,1,1,30,32
17,4,3,1,1,81,33
17,1,99999,0,1,141,34
17,3,1,0,1,136,35
17,4,3,0,0,53,36
17,2,3,0,1,8,37
17,2,3,1,0,76,38
17,3,1,0,0,110,39
17,3,1,0,1,104,40
17,1,99999,0,1,95,41
17,1,99999,1,1,146,42
17,2,3,1,1,170,43
17,2,3,0,1,45,44
17,3,2,1,1,79,45
17,3,1,1,1,165,46
17,4,3,1,1,73,47
17,4,3,0,1,70,48
17,2,3,1,1,74,49
17,3,3,0,0,191,50
17,4,3,1,1,62,51
17,4,3,0,0,134,52
17,3,1,0,1,105,53
17,2,3,0,1,50,54
17,1,99999,1,1,114,55
17,4,3,0,0,86,56
17,3,2,0,0,113,57
17,2,3,0,1,55,58
17,3,1,1,1,37,59
17,3,3,0,1,34,60
17,2,3,0,1,139,61
17,3,1,0,0,153,62
17,2,3,0,1,180,63
17,4,3,0,1,186,64
17,4,2,0,1,99,65
17,2,3,0,1,199,66
17,1,99999,0,1,54,67
17,3,1,0,0,128,68
17,2,3,0,1,182,69
17,1,99999,1,1,172,70
17,4,3,0,0,115,71
17,1,99999,1,1,96,72
17,2,3,0,0,190,73
17,1,99999,1,1,164,74
17,1,99999,1,1,61,75
17,1,99999,0,1,91,76
17,4,3,0,0,24,77
17,3,2,1,1,38,78
17,1,99999,1,1,124,79
17,2,3,0,1,137,80
17,2,3,0,0,193,81
17,4,3,1,1,57,82
17,4,3,1,1,85,83
17,4,3,0,1,63,84
17,2,3,0,1,161,85
17,1,99999,1,1,125,86
17,3,2,1,1,188,87
17,3,1,1,1,3,88
17,3,1,1,1,149,89
17,1,99999,0,1,196,90
17,1,99999,1,1,162,91
17,2,3,1,1,156,92
17,2,3,0,0,108,93
17,2,3,0,0,87,94
17,1,99999,0,1,173,95
17,1,99999,1,1,92,96
17,2,3,0,1,64,97
17,1,99999,1,1,33,98
17,4,3,1,1,25,99
17,2,3,0,1,44,100
17,3,1,0,1,130,101
17,2,3,1,1,138,102
17,3,1,0,1,200,103
17,3,3,1,1,147,104
17,2,3,0,1,102,105
17,3,3,0,0,179,106
17,1,99999,0,0,58,107
17,4,3,1,0,28,108
17,1,99999,1,0,155,109
17,2,3,0,1,132,110
17,1,99999,0,1,1,111
17,4,3,1,1,148,112
17,4,3,0,0,6,113
17,1,99999,0,1,142,114
17,4,3,0,0,183,115
17,3,1,1,1,144,116
17,4,3,0,1,41,117
17,4,3,0,1,117,118
17,3,2,1,1,69,119
17,3,1,0,1,29,120
17,2,3,1,1,78,121
17,4,3,0,1,107,122
17,4,3,0,1,18,123
17,2,3,0,0,168,124
17,4,2,1,0,90,125
17,1,99999,0,1,83,126
17,3,1,0,1,36,127
17,3,1,1,1,32,128
17,1,99999,0,1,184,129
17,2,3,0,0,80,130
17,1,99999,0,1,49,131
17,4,3,1,1,17,132
17,4,3,0,0,119,133
17,4,2,0,1,135,134
17,4,2,0,1,111,135
17,4,3,0,1,174,136
17,3,1,0,0,152,137
17,3,1,0,1,189,138
17,3,2,1,1,13,139
17,4,3,1,1,26,140
17,3,1,1,1,60,141
17,1,99999,1,1,89,142
17,3,1,0,1,166,143
17,4,3,0,0,9,144
17,3,1,0,1,11,145
17,4,3,0,1,143,146
17,1,99999,1,1,133,147
17,3,2,1,1,112,148
17,4,3,1,1,19,149
17,4,3,1,1,177,150
17,3,1,0,1,140,151
17,3,1,0,1,197,152
17,2,3,1,1,116,153
17,1,99999,1,1,176,154
17,2,3,0,1,51,155
17,4,3,0,1,157,156
17,2,3,0,0,59,157
17,1,99999,0,1,88,158
17,1,99999,0,1,185,159
17,1,99999,0,0,151,160
17,2,3,0,0,127,161
17,2,3,0,1,163,162
17,3,1,1,1,167,163
17,4,2,1,1,35,164
17,2,3,0,0,171,165
17,1,99999,1,1,131,166
17,2,3,0,0,20,167
17,4,3,1,1,145,168
17,1,99999,1,1,84,169
17,1,99999,0,1,67,170
17,3,0,0,0,31,171
17,2,3,1,1,122,172
17,1,99999,0,1,158,173
17,2,3,1,1,100,174
17,2,3,0,1,5,175
17,4,3,1,1,7,176
17,3,1,1,1,27,177
17,1,99999,1,1,23,178
17,1,99999,1,1,181,179
17,2,3,0,0,52,180
17,1,99999,0,0,126,181
17,2,3,0,1,15,182
17,1,99999,0,1,129,183
17,3,0,0,1,22,184
17,1,99999,1,1,71,185
17,4,3,1,1,195,186
17,3,1,1,1,101,187
17,3,1,0,1,66,188
17,4,3,1,0,21,189
17,3,1,0,1,103,190
17,4,3,1,1,123,191
17,4,3,0,1,56,192
17,3,3,0,1,98,193
17,4,3,0,1,106,194
17,2,3,0,1,4,195
17,4,3,0,1,160,196
17,2,3,0,1,82,197
17,2,3,0,1,94,198
17,2,3,1,1,187,199
17,1,99999,0,1,93,200
18,4,3,0,0,71,1
18,4,3,0,0,113,2
18,2,3,1,1,187,3
18,2,3,0,0,197,4
18,2,3,1,1,14,5
18,4,3,1,0,36,6
18,2,3,0,1,18,7
18,3,0,0,1,57,8
18,3,0,0,0,20,9
18,2,3,0,0,90,10
18,3,0,0,1,184,11
18,3,0,0,1,123,12
18,4,3,0,1,195,13
18,3,1,1,0,194,14
18,1,99999,0,1,102,15
18,1,99999,0,1,73,16
18,2,2,0,1,11,17
18,3,0,0,0,9,18
18,1,99999,1,1,181,19
18,4,3,0,1,64,20
18,3,0,1,1,189,21
18,2,3,0,1,139,22
18,1,99999,1,1,37,23
18,1,99999,0,0,152,24
18,4,2,0,1,169,25
18,1,99999,0,0,155,26
18,3,2,1,1,97,27
18,3,1,0,1,62,28
18,4,3,1,1,81,29
18,2,3,1,1,26,30
18,4,3,1,1,106,31
18,4,0,0,1,105,32
18,3,1,0,0,132,33
18,1,99999,1,1,96,34
18,2,3,1,1,148,35
18,3,0,0,1,98,36
18,1,99999,0,1,136,37
18,4,3,1,1,49,38
18,4,3,0,1,128,39
18,2,3,1,1,75,40
18,2,3,0,0,61,41
18,2,3,0,1,199,42
18,4,3,0,1,180,43
18,1,99999,1,1,127,44
18,1,99999,0,0,193,45
18,3,0,1,1,165,46
18,2,3,0,1,88,47
18,3,0,0,0,185,48
18,3,0,0,0,52,49
18,1,99999,1,1,29,50
18,4,3,0,0,118,51
18,1,99999,0,1,200,52
18,4,3,0,1,43,53
18,3,1,1,1,125,54
18,2,3,0,0,42,55
18,3,0,0,1,154,56
18,4,3,1,1,16,57
18,2,3,1,1,117,58
18,3,0,1,1,3,59
18,1,99999,0,0,167,60
18,4,3,0,1,175,61
18,3,1,1,1,124,62
18,4,3,1,0,15,63
18,4,3,1,1,8,64
18,3,2,1,1,38,65
18,3,1,0,1,191,66
18,2,3,0,0,115,67
18,3,2,0,1,45,68
18,4,3,0,1,120,69
18,2,3,0,1,162,70
18,3,0,1,1,78,71
18,4,3,1,1,121,72
18,2,3,0,1,63,73
18,4,3,0,0,6,74
18,2,3,1,1,50,75
18,2,3,1,1,13,76
18,4,3,0,0,59,77
18,4,3,1,1,12,78
18,2,3,1,1,68,79
18,2,3,0,0,168,80
18,1,99999,1,1,79,81
18,3,0,0,1,177,82
18,1,99999,0,1,51,83
18,1,99999,1,1,19,84
18,4,3,1,0,133,85
18,3,0,0,1,94,86
18,4,3,0,0,82,87
18,1,99999,0,1,44,88
18,1,99999,0,1,56,89
18,3,0,1,1,103,90
18,1,99999,1,1,156,91
18,3,0,1,1,188,92
18,3,0,1,1,131,93
18,1,99999,1,1,54,94
18,2,3,0,1,174,95
18,3,1,1,0,60,96
18,1,99999,0,1,166,97
18,3,0,0,1,67,98
18,1,99999,1,1,55,99
18,4,3,0,0,130,100
18,1,99999,0,0,111,101
18,2,3,1,1,104,102
18,4,3,0,1,41,103
18,2,3,0,1,190,104
18,4,3,1,1,143,105
18,3,0,0,1,144,106
18,2,3,0,0,108,107
18,2,3,0,1,198,108
18,2,2,0,0,10,109
18,4,3,1,1,99,110
18,3,0,0,0,24,111
18,2,3,1,1,84,112
18,1,99999,0,1,172,113
18,2,3,1,1,95,114
18,1,99999,0,1,196,115
18,3,0,1,1,114,116
18,2,2,0,1,160,117
18,2,3,0,1,1,118
18,3,0,1,1,109,119
18,4,3,0,1,186,120
18,3,0,1,1,112,121
18,4,3,1,1,5,122
18,1,99999,0,1,100,123
18,4,3,1,0,7,124
18,4,3,0,0,110,125
18,4,3,1,1,147,126
18,4,3,0,1,153,127
18,1,99999,0,1,137,128
18,1,99999,1,0,32,129
18,3,0,1,1,28,130
18,1,99999,1,1,164,131
18,3,0,1,1,149,132
18,3,0,1,1,80,133
18,2,3,1,1,74,134
18,1,99999,0,0,183,135
18,2,3,0,0,145,136
18,3,0,1,1,138,137
18,3,0,1,0,89,138
18,1,99999,1,1,170,139
18,4,2,1,1,21,140
18,4,3,1,1,192,141
18,1,99999,0,0,47,142
18,4,3,0,0,159,143
18,1,99999,1,1,17,144
18,1,99999,1,1,69,145
18,2,3,1,1,34,146
18,4,3,1,0,31,147
18,1,99999,1,1,179,148
18,1,99999,1,1,140,149
18,2,3,0,1,87,150
18,1,99999,1,1,33,151
18,3,0,0,1,135,152
18,2,3,0,1,91,153
18,1,99999,1,1,27,154
18,1,99999,0,1,158,155
18,1,99999,0,0,4,156
18,1,99999,0,0,2,157
18,1,99999,1,1,77,158
18,1,99999,1,1,126,159
18,3,0,0,1,76,160
18,1,99999,1,1,101,161
18,4,3,0,1,161,162
18,3,0,0,1,86,163
18,1,99999,0,1,119,164
18,3,2,1,1,146,165
18,2,3,0,1,46,166
18,4,3,0,0,58,167
18,3,0,0,1,178,168
18,2,3,1,1,65,169
18,4,3,0,1,150,170
18,2,3,0,0,92,171
18,2,3,0,1,176,172
18,4,3,0,0,107,173
18,1,99999,1,1,48,174
18,1,99999,0,1,22,175
18,2,3,0,1,30,176
18,3,0,0,1,85,177
18,4,1,0,1,83,178
18,4,3,1,1,134,179
18,4,3,0,1,173,180
18,3,0,0,0,116,181
18,2,3,1,1,23,182
18,1,99999,0,1,66,183
18,3,2,1,1,151,184
18,2,3,1,1,122,185
18,2,3,1,1,25,186
18,4,3,1,1,35,187
18,1,99999,0,0,40,188
18,4,3,1,1,182,189
18,4,3,0,0,93,190
18,3,0,0,0,142,191
18,4,3,1,1,70,192
18,2,3,0,1,163,193
18,2,3,0,1,171,194
18,1,99999,0,0,39,195
18,3,0,0,0,141,196
18,2,3,1,1,157,197
18,2,3,0,1,129,198
18,2,3,0,1,53,199
18,3,0,1,1,72,200
19,1,99999,0,1,90,1
19,2,3,0,0,150,2
19,4,2,0,1,53,3
19,4,3,1,1,95,4
19,2,3,0,0,79,5
19,1,99999,0,0,119,6
19,3,0,0,0,162,7
19,3,1,1,1,101,8
19,2,3,1,1,109,9
19,3,0,0,0,61,10
19,4,3,0,1,93,11
19,4,3,0,0,194,12
19,2,3,1,1,5,13
19,2,3,0,1,3,14
19,2,2,1,1,176,15
19,3,0,0,0,161,16
19,1,99999,0,0,120,17
19,4,2,0,1,160,18
19,3,0,0,0,18,19
19,4,3,0,1,181,20
19,4,2,0,0,21,21
19,4,3,1,1,177,22
19,3,1,0,1,165,23
19,4,3,1,0,78,24
19,1,99999,0,1,51,25
19,1,99999,0,1,84,26
19,1,99999,1,1,25,27
19,2,NaN,0,0,107,28
19,4,3,1,1,138,29
19,1,99999,1,1,69,30
19,3,0,0,1,126,31
19,4,2,1,1,89,32
19,1,99999,1,1,97,33
19,4,3,1,1,98,34
19,3,1,0,1,130,35
19,1,99999,0,0,49,36
19,2,NaN,0,0,100,37
19,2,3,1,0,65,38
19,4,3,0,1,163,39
19,4,3,1,1,164,40
19,4,3,1,1,77,41
19,2,3,0,0,185,42
19,4,3,1,0,46,43
19,1,99999,0,0,8,44
19,3,0,0,0,76,45
19,3,1,0,1,88,46
19,4,2,0,1,82,47
19,1,99999,1,1,54,48
19,4,3,1,1,31,49
19,4,2,0,1,143,50
19,2,3,0,0,72,51
19,1,99999,1,1,59,52
19,3,1,0,0,44,53
19,3,1,0,1,83,54
19,1,99999,0,1,158,55
19,3,3,1,1,12,56
19,1,99999,0,1,75,57
19,4,2,0,0,50,58
19,2,2,0,1,106,59
19,4,3,0,0,178,60
19,4,3,1,1,195,61
19,1,99999,0,0,81,62
19,1,99999,0,0,171,63
19,2,3,0,1,13,64
19,2,3,0,1,147,65
19,3,1,0,0,190,66
19,2,3,0,1,34,67
19,2,3,1,1,156,68
19,1,99999,1,1,74,69
19,3,0,1,1,121,70
19,2,3,0,0,134,71
19,1,99999,0,0,24,72
19,4,3,0,1,139,73
19,1,99999,1,1,148,74
19,1,99999,1,1,20,75
19,4,3,0,0,141,76
19,2,3,0,0,128,77
19,4,2,0,1,197,78
19,1,99999,0,1,43,79
19,4,3,1,1,23,80
19,1,99999,0,1,56,81
19,1,99999,0,1,136,82
19,3,3,0,1,64,83
19,2,3,0,0,80,84
19,2,3,0,1,111,85
19,2,3,0,0,152,86
19,1,99999,1,1,63,87
19,2,2,1,1,7,88
19,4,3,0,0,22,89
19,4,2,0,0,66,90
19,2,3,1,1,114,91
19,2,3,0,1,19,92
19,2,NaN,1,1,186,93
19,2,3,0,1,41,94
19,3,3,0,1,200,95
19,3,0,1,1,35,96
19,4,3,0,1,55,97
19,3,0,0,0,108,98
19,2,3,1,1,140,99
19,3,1,1,1,112,100
19,4,3,0,0,153,101
19,4,3,1,0,30,102
19,4,3,0,1,94,103
19,3,1,1,1,131,104
19,2,3,0,0,193,105
19,4,2,0,1,166,106
19,1,99999,0,0,172,107
19,2,3,0,0,99,108
19,3,1,0,0,47,109
19,3,1,1,1,62,110
19,3,1,0,0,52,111
19,2,3,1,1,104,112
19,3,0,0,0,174,113
19,2,3,0,0,115,114
19,2,3,0,0,179,115
19,3,0,0,0,169,116
19,3,0,0,1,175,117
19,3,0,0,1,188,118
19,2,3,0,1,38,119
19,4,3,0,0,184,120
19,3,2,1,1,124,121
19,4,3,1,1,36,122
19,1,99999,0,0,198,123
19,2,3,0,1,39,124
19,2,2,0,1,159,125
19,3,0,1,1,37,126
19,2,3,1,1,182,127
19,1,99999,0,1,132,128
19,1,99999,1,1,68,129
19,1,99999,0,0,11,130
19,2,3,1,1,60,131
19,2,3,0,0,10,132
19,1,99999,0,0,42,133
19,2,3,0,1,29,134
19,4,3,0,0,191,135
19,3,1,0,1,32,136
19,1,99999,0,1,189,137
19,3,0,1,1,117,138
19,3,0,0,1,196,139
19,3,1,0,1,113,140
19,2,3,0,0,133,141
19,1,99999,1,1,27,142
19,3,0,0,1,129,143
19,2,3,0,0,180,144
19,3,0,0,0,70,145
19,2,3,0,1,57,146
19,1,99999,0,0,4,147
19,4,3,1,1,118,148
19,1,99999,0,1,14,149
19,1,99999,0,0,110,150
19,3,0,0,0,91,151
19,4,3,0,1,87,152
19,1,99999,1,0,155,153
19,2,3,0,0,137,154
19,1,99999,0,1,125,155
19,3,0,0,1,168,156
19,3,0,1,1,122,157
19,2,NaN,0,0,2,158
19,4,3,0,0,1,159
19,3,0,0,1,183,160
19,4,2,0,1,40,161
19,3,2,1,1,16,162
19,1,99999,0,0,127,163
19,3,0,1,1,33,164
19,1,99999,0,1,154,165
19,1,99999,1,1,48,166
19,2,3,0,1,123,167
19,4,3,0,1,96,168
19,1,99999,0,1,28,169
19,1,99999,1,1,157,170
19,4,2,1,1,187,171
19,3,0,0,1,135,172
19,1,99999,1,1,92,173
19,1,99999,0,1,103,174
19,1,99999,0,1,45,175
19,2,3,1,1,192,176
19,1,99999,0,1,67,177
19,1,99999,0,0,142,178
19,4,3,0,1,17,179
19,4,3,0,0,86,180
19,4,3,0,0,85,181
19,3,0,0,0,15,182
19,2,3,0,0,9,183
19,3,3,1,1,170,184
19,4,3,1,1,151,185
19,3,0,0,0,6,186
19,2,3,1,1,144,187
19,2,3,0,1,73,188
19,3,2,0,0,167,189
19,4,3,1,1,173,190
19,1,99999,0,1,149,191
19,1,99999,1,1,71,192
19,3,3,0,0,58,193
19,4,3,0,0,26,194
19,2,2,0,1,116,195
19,4,3,0,0,199,196
19,3,0,0,1,145,197
19,3,1,0,0,102,198
19,4,3,0,1,105,199
19,1,99999,0,0,146,200
20,4,3,1,1,3,1
20,1,99999,1,1,100,2
20,3,2,0,0,108,3
20,2,3,0,0,143,4
20,2,3,1,0,172,5
20,1,99999,0,0,43,6
20,3,1,1,0,82,7
20,4,3,0,0,128,8
20,1,99999,0,0,66,9
20,4,3,1,1,142,10
20,4,2,0,1,163,11
20,1,99999,1,1,200,12
20,1,99999,0,0,113,13
20,1,99999,0,1,63,14
20,3,2,1,1,96,15
20,4,3,0,1,54,16
20,1,99999,0,1,171,17
20,3,3,1,1,69,18
20,3,2,0,1,147,19
20,4,2,1,0,2,20
20,1,99999,1,1,27,21
20,2,3,1,1,109,22
20,3,0,0,1,158,23
20,2,3,0,0,191,24
20,4,3,1,1,61,25
20,2,3,0,0,99,26
20,2,3,1,1,25,27
20,4,2,1,1,157,28
20,4,2,1,1,36,29
20,3,1,0,1,29,30
20,3,1,0,1,117,31
20,4,2,0,0,120,32
20,3,3,0,0,47,33
20,1,99999,0,1,167,34
20,4,2,1,1,57,35
20,4,3,1,1,190,36
20,3,2,0,0,42,37
20,2,3,0,1,53,38
20,3,2,0,1,22,39
20,2,3,0,1,11,40
20,2,3,0,0,198,41
20,2,3,0,1,104,42
20,1,99999,1,0,60,43
20,1,99999,0,1,77,44
20,1,99999,1,1,33,45
20,4,2,0,0,21,46
20,2,3,1,1,168,47
20,2,3,0,0,183,48
20,3,2,1,1,71,49
20,3,2,1,1,182,50
20,4,3,1,1,16,51
20,2,3,0,1,161,52
20,4,3,0,0,92,53
20,4,2,0,1,91,54
20,1,99999,1,1,8,55
20,1,99999,1,0,195,56
20,1,99999,0,1,118,57
20,4,3,1,1,28,58
20,3,1,1,0,122,59
20,4,3,0,0,1,60
20,1,99999,0,1,23,61
20,2,3,0,1,83,62
20,2,3,0,1,141,63
20,3,2,1,1,84,64
20,3,1,0,1,196,65
20,4,2,0,1,75,66
20,3,2,0,1,146,67
20,4,2,0,1,105,68
20,3,2,1,1,67,69
20,2,3,0,1,10,70
20,2,3,0,0,119,71
20,4,2,1,1,166,72
20,4,3,0,1,177,73
20,3,2,1,1,20,74
20,2,2,0,1,4,75
20,1,99999,1,1,26,76
20,4,3,0,1,95,77
20,3,3,1,1,121,78
20,4,2,0,1,76,79
20,2,3,0,1,184,80
20,4,3,1,1,176,81
20,3,2,0,0,111,82
20,1,99999,0,0,139,83
20,3,2,0,1,197,84
20,2,3,0,1,41,85
20,3,2,0,0,94,86
20,2,3,0,0,6,87
20,4,3,0,1,80,88
20,3,1,0,0,138,89
20,3,2,1,1,114,90
20,2,3,1,1,48,91
20,2,3,1,1,186,92
20,2,3,1,1,164,93
20,2,3,1,1,126,94
20,4,3,0,1,137,95
20,1,99999,1,1,37,96
20,3,2,1,1,124,97
20,3,2,0,0,9,98
20,2,3,1,1,79,99
20,4,3,0,1,15,100
20,3,1,0,1,131,101
20,2,3,0,0,32,102
20,3,2,0,1,179,103
20,4,2,0,1,159,104
20,1,99999,0,0,65,105
20,3,1,1,1,51,106
20,3,1,0,1,101,107
20,1,99999,0,0,162,108
20,2,3,1,1,170,109
20,2,3,0,1,14,110
20,3,3,1,1,140,111
20,4,3,1,1,44,112
20,1,99999,0,0,58,113
20,2,3,0,1,17,114
20,2,3,0,1,178,115
20,3,2,0,1,189,116
20,3,2,0,1,103,117
20,4,3,1,1,156,118
20,1,99999,0,0,40,119
20,3,2,1,0,7,120
20,4,3,1,1,173,121
20,1,99999,0,1,49,122
20,4,3,0,0,187,123
20,4,3,0,1,68,124
20,2,3,0,0,39,125
20,2,3,0,0,34,126
20,2,3,0,0,107,127
20,2,3,0,1,73,128
20,4,2,0,1,149,129
20,1,99999,0,0,130,130
20,2,3,0,1,110,131
20,3,2,1,1,112,132
20,2,2,0,0,160,133
20,1,99999,1,1,81,134
20,4,3,1,1,188,135
20,3,2,0,0,151,136
20,3,2,1,1,5,137
20,3,2,0,1,35,138
20,1,99999,0,1,72,139
20,1,99999,0,0,133,140
20,3,3,1,1,12,141
20,1,99999,0,1,70,142
20,2,3,0,1,199,143
20,3,1,1,1,13,144
20,1,99999,0,0,175,145
20,3,2,0,1,123,146
20,2,3,0,1,18,147
20,2,3,1,1,97,148
20,1,99999,0,1,174,149
20,2,3,0,1,88,150
20,2,3,0,1,135,151
20,3,1,1,1,98,152
20,4,3,0,0,59,153
20,4,3,1,1,116,154
20,3,2,1,0,194,155
20,1,99999,0,0,152,156
20,3,2,0,1,106,157
20,1,99999,0,1,115,158
20,1,99999,0,1,132,159
20,4,3,1,1,181,160
20,3,1,1,1,153,161
20,4,2,0,0,127,162
20,1,99999,0,1,134,163
20,1,99999,0,1,129,164
20,2,3,0,1,85,165
20,1,99999,0,1,62,166
20,1,99999,0,1,55,167
20,4,3,0,0,24,168
20,4,3,1,1,155,169
20,1,99999,0,1,193,170
20,1,99999,0,1,38,171
20,1,99999,1,1,50,172
20,2,3,0,1,30,173
20,2,3,0,1,102,174
20,2,3,1,1,78,175
20,4,2,0,0,180,176
20,3,2,1,1,89,177
20,4,2,1,1,144,178
20,1,99999,1,1,165,179
20,4,2,0,1,52,180
20,3,3,0,1,64,181
20,4,2,0,0,169,182
20,4,3,1,1,192,183
20,1,99999,0,1,136,184
20,1,99999,1,1,74,185
20,3,2,1,1,31,186
20,4,2,0,1,45,187
20,2,3,1,1,148,188
20,1,99999,0,1,150,189
20,1,99999,0,1,90,190
20,1,99999,0,1,56,191
20,4,2,0,0,93,192
20,2,3,1,1,125,193
20,1,99999,0,1,154,194
20,1,99999,0,1,185,195
20,4,2,0,0,145,196
20,2,3,0,1,19,197
20,2,2,0,1,86,198
20,3,2,0,1,87,199
20,1,99999,0,1,46,200
21,2,3,0,1,174,1
21,1,99999,0,0,56,2
21,1,99999,0,0,135,3
21,3,1,0,0,173,4
21,4,2,1,1,89,5
21,3,0,0,0,155,6
21,3,2,1,1,192,7
21,4,3,0,1,39,8
21,1,99999,0,1,101,9
21,4,3,1,1,15,10
21,4,3,1,1,74,11
21,2,3,0,1,72,12
21,1,99999,1,1,37,13
21,3,1,1,1,186,14
21,4,3,0,1,133,15
21,2,3,1,1,138,16
21,1,99999,1,1,149,17
21,2,3,1,1,12,18
21,2,3,1,1,75,19
21,3,0,1,1,19,20
21,2,3,1,1,122,21
21,3,2,0,1,57,22
21,1,99999,0,1,24,23
21,3,1,0,1,51,24
21,2,3,0,1,182,25
21,3,3,1,1,113,26
21,3,0,0,0,190,27
21,4,3,1,1,164,28
21,4,3,1,1,43,29
21,3,2,0,1,55,30
21,3,1,0,1,147,31
21,4,3,1,1,49,32
21,4,3,1,1,170,33
21,4,2,0,1,178,34
21,3,1,0,0,40,35
21,4,3,1,1,151,36
21,1,99999,0,0,94,37
21,3,1,0,1,166,38
21,2,3,1,1,156,39
21,1,99999,0,1,66,40
21,1,99999,1,1,32,41
21,3,1,1,1,13,42
21,3,1,0,0,102,43
21,4,1,0,1,103,44
21,1,99999,1,1,194,45
21,3,1,1,1,7,46
21,1,99999,1,1,116,47
21,1,99999,0,1,169,48
21,1,99999,0,1,189,49
21,1,99999,1,1,30,50
21,3,0,0,1,137,51
21,4,3,1,1,17,52
21,1,99999,1,1,71,53
21,4,3,0,1,34,54
21,2,3,1,1,109,55
21,3,1,1,1,92,56
21,1,99999,1,1,179,57
21,4,1,0,1,139,58
21,2,3,1,1,77,59
21,3,1,1,1,3,60
21,1,99999,0,1,64,61
21,1,99999,0,1,177,62
21,3,1,0,1,159,63
21,1,99999,0,0,80,64
21,4,3,0,1,62,65
21,4,2,0,1,65,66
21,3,1,0,1,127,67
21,1,99999,0,1,82,68
21,3,3,1,1,69,69
21,2,3,0,1,11,70
21,2,3,0,1,41,71
21,2,3,0,0,132,72
21,1,99999,1,1,38,73
21,2,3,1,1,16,74
21,3,1,0,1,106,75
21,2,3,1,1,35,76
21,2,3,1,1,29,77
21,2,3,0,0,197,78
21,4,3,1,1,188,79
21,1,99999,0,1,14,80
21,2,3,1,1,10,81
21,1,99999,0,0,162,82
21,3,2,0,1,180,83
21,4,3,1,1,76,84
21,1,99999,1,1,104,85
21,2,3,1,1,26,86
21,4,3,0,1,87,87
21,1,99999,1,1,33,88
21,4,3,1,1,131,89
21,1,99999,1,1,21,90
21,2,3,1,1,146,91
21,3,2,0,0,191,92
21,4,2,0,1,184,93
21,2,3,1,1,27,94
21,4,2,1,1,199,95
21,3,3,1,1,124,96
21,1,99999,1,1,125,97
21,2,3,1,1,112,98
21,3,1,1,1,31,99
21,4,3,1,1,195,100
21,1,99999,1,1,118,101
21,3,2,0,1,141,102
21,4,2,0,0,145,103
21,3,2,1,1,28,104
21,1,99999,0,0,128,105
21,3,3,0,0,59,106
21,3,0,0,1,67,107
21,3,0,0,1,153,108
21,1,99999,0,1,45,109
21,4,3,0,1,60,110
21,2,3,1,1,90,111
21,4,3,1,1,99,112
21,4,3,0,0,9,113
21,2,3,1,1,97,114
21,2,3,0,0,58,115
21,2,3,0,1,198,116
21,4,3,0,1,143,117
21,3,3,0,1,100,118
21,1,99999,0,1,83,119
21,3,3,1,1,8,120
21,3,2,0,0,110,121
21,2,3,0,1,120,122
21,2,3,1,1,196,123
21,3,1,1,1,119,124
21,4,3,1,1,129,125
21,2,1,0,1,165,126
21,3,1,0,1,142,127
21,4,3,0,1,117,128
21,4,3,1,1,68,129
21,1,99999,0,0,108,130
21,1,99999,1,1,181,131
21,4,3,1,1,114,132
21,1,99999,0,1,86,133
21,3,3,0,0,47,134
21,1,99999,1,1,50,135
21,3,2,1,1,95,136
21,4,3,1,1,25,137
21,3,2,0,1,154,138
21,2,2,1,1,52,139
21,4,2,0,1,93,140
21,3,2,0,1,54,141
21,1,99999,0,1,111,142
21,2,3,0,1,22,143
21,3,1,0,1,96,144
21,3,2,1,1,84,145
21,2,3,0,1,158,146
21,3,1,1,1,70,147
21,2,3,1,1,123,148
21,4,3,1,1,176,149
21,2,3,0,1,126,150
21,2,3,1,1,167,151
21,4,3,1,0,20,152
21,4,3,1,1,98,153
21,1,99999,0,1,175,154
21,3,1,1,1,5,155
21,2,3,0,1,85,156
21,2,3,0,1,115,157
21,4,3,1,1,81,158
21,4,0,1,0,53,159
21,1,99999,0,1,160,160
21,2,3,0,1,2,161
21,2,3,1,1,121,162
21,1,99999,0,1,63,163
21,2,3,0,1,136,164
21,4,3,1,1,157,165
21,2,3,0,0,185,166
21,4,2,0,1,73,167
21,4,3,1,1,79,168
21,3,3,1,1,200,169
21,3,0,1,1,91,170
21,4,3,0,1,18,171
21,1,99999,0,1,46,172
21,2,3,0,1,171,173
21,4,1,0,0,183,174
21,2,3,1,1,44,175
21,1,99999,1,1,61,176
21,1,99999,0,1,161,177
21,1,99999,0,1,105,178
21,1,99999,0,1,150,179
21,1,99999,0,0,152,180
21,2,3,1,1,144,181
21,1,99999,1,1,23,182
21,1,99999,0,1,163,183
21,3,2,1,1,78,184
21,4,3,1,1,187,185
21,4,3,0,0,1,186
21,4,3,0,1,4,187
21,2,3,0,1,168,188
21,2,3,1,0,148,189
21,2,3,0,1,88,190
21,3,0,0,0,193,191
21,4,2,0,1,36,192
21,4,2,0,1,6,193
21,1,99999,0,0,42,194
21,2,3,0,1,172,195
21,2,3,1,1,107,196
21,2,3,0,1,130,197
21,3,2,1,1,48,198
21,1,99999,0,1,134,199
21,1,99999,1,0,140,200
22,2,3,0,1,119,1
22,1,99999,0,1,88,2
22,1,99999,1,1,31,3
22,2,3,1,1,125,4
22,2,3,1,1,144,5
22,2,3,0,0,195,6
22,2,3,1,1,27,7
22,4,2,1,1,6,8
22,2,3,1,1,117,9
22,2,3,1,1,84,10
22,2,3,0,1,44,11
22,3,2,0,0,47,12
22,2,3,1,1,164,13
22,4,3,0,0,51,14
22,4,2,1,1,186,15
22,2,3,0,1,118,16
22,4,3,0,0,173,17
22,4,2,1,1,114,18
22,3,1,0,1,75,19
22,1,99999,0,0,94,20
22,2,3,0,0,60,21
22,4,3,0,1,14,22
22,2,3,0,0,8,23
22,2,3,0,0,96,24
22,2,3,0,0,100,25
22,3,1,0,1,189,26
22,3,0,0,1,65,27
22,4,2,1,0,148,28
22,1,99999,0,0,128,29
22,3,0,0,0,40,30
22,1,99999,0,0,138,31
22,4,1,0,0,108,32
22,2,3,0,0,87,33
22,1,99999,1,1,19,34
22,3,1,1,1,77,35
22,1,99999,0,0,58,36
22,4,2,1,1,57,37
22,2,0,0,1,146,38
22,1,99999,1,1,37,39
22,4,3,1,1,50,40
22,4,3,0,1,2,41
22,1,99999,0,0,180,42
22,1,99999,1,1,156,43
22,3,1,1,1,48,44
22,1,99999,0,1,116,45
22,3,0,0,1,162,46
22,3,0,0,1,123,47
22,4,2,0,1,127,48
22,2,2,0,1,140,49
22,2,3,1,1,139,50
22,4,3,0,1,150,51
22,4,2,0,1,93,52
22,2,3,0,1,115,53
22,3,0,0,0,161,54
22,1,99999,0,1,45,55
22,4,3,1,1,68,56
22,2,3,0,1,147,57
22,2,3,1,1,179,58
22,3,1,0,1,198,59
22,1,99999,0,0,194,60
22,3,1,0,0,113,61
22,4,3,0,1,120,62
22,4,3,0,0,134,63
22,2,3,0,1,64,64
22,4,3,0,1,4,65
22,3,1,0,0,9,66
22,4,3,1,1,133,67
22,2,3,0,0,153,68
22,2,3,1,1,101,69
22,2,3,0,1,10,70
22,2,3,0,1,193,71
22,3,1,1,1,35,72
22,3,1,0,0,24,73
22,3,0,1,1,81,74
22,3,2,0,0,132,75
22,4,3,0,1,191,76
22,4,3,1,1,97,77
22,4,3,1,1,33,78
22,1,99999,1,1,192,79
22,1,99999,1,0,121,80
22,4,3,1,1,90,81
22,4,3,1,0,12,82
22,3,0,0,1,137,83
22,4,3,1,1,61,84
22,3,1,0,1,166,85
22,3,1,0,0,42,86
22,4,2,0,0,152,87
22,2,3,1,1,25,88
22,3,1,0,1,154,89
22,1,99999,0,1,200,90
22,2,3,0,1,174,91
22,4,3,0,1,73,92
22,3,0,1,1,182,93
22,1,99999,1,1,112,94
22,2,3,1,1,103,95
22,4,3,1,1,26,96
22,2,3,0,1,181,97
22,1,99999,0,0,199,98
22,4,3,1,1,55,99
22,1,99999,0,0,70,100
22,3,1,1,1,43,101
22,3,0,0,0,110,102
22,3,1,0,1,159,103
22,4,3,1,1,196,104
22,1,99999,1,0,78,105
22,1,99999,0,1,13,106
22,3,0,1,1,175,107
22,3,2,0,1,145,108
22,2,3,1,1,170,109
22,1,99999,1,1,16,110
22,3,0,0,1,149,111
22,4,3,1,1,5,112
22,1,99999,0,1,178,113
22,1,99999,0,1,76,114
22,4,3,1,1,188,115
22,4,0,0,1,83,116
22,3,0,1,1,22,117
22,3,1,1,1,92,118
22,4,2,0,1,130,119
22,1,99999,0,1,17,120
22,2,3,0,0,85,121
22,2,3,0,1,34,122
22,2,3,0,1,38,123
22,3,0,0,0,20,124
22,1,99999,0,0,169,125
22,3,1,1,1,89,126
22,2,3,1,1,7,127
22,2,3,0,1,21,128
22,1,99999,0,1,98,129
22,3,1,0,0,155,130
22,2,3,0,1,49,131
22,2,3,0,0,32,132
22,1,99999,1,1,28,133
22,1,99999,1,1,62,134
22,1,99999,1,1,165,135
22,1,99999,0,1,172,136
22,2,3,1,1,126,137
22,1,99999,0,1,171,138
22,2,3,1,1,167,139
22,4,3,0,1,184,140
22,3,1,1,1,29,141
22,4,3,1,1,122,142
22,4,2,0,0,52,143
22,3,NaN,0,1,82,144
22,3,1,0,1,163,145
22,3,1,0,0,66,146
22,1,99999,0,1,104,147
22,2,3,0,1,36,148
22,2,3,0,1,11,149
22,3,1,1,1,15,150
22,3,0,0,1,67,151
22,4,3,0,0,185,152
22,4,2,0,1,41,153
22,3,0,0,0,141,154
22,4,3,1,1,176,155
22,4,3,1,1,151,156
22,4,3,1,1,59,157
22,2,3,0,1,18,158
22,4,3,0,0,39,159
22,2,3,0,0,63,160
22,4,2,0,1,111,161
22,4,0,0,1,80,162
22,1,99999,0,0,1,163
22,3,2,0,1,136,164
22,1,99999,0,1,72,165
22,3,1,1,0,187,166
22,4,3,0,0,86,167
22,2,NaN,0,1,168,168
22,4,2,0,1,102,169
22,1,99999,1,1,131,170
22,4,3,0,1,142,171
22,1,99999,0,0,124,172
22,1,99999,0,1,106,173
22,2,3,0,1,177,174
22,2,3,1,1,99,175
22,1,99999,0,0,53,176
22,1,99999,1,1,71,177
22,4,3,0,1,56,178
22,3,0,0,0,91,179
22,1,99999,1,1,74,180
22,3,1,0,1,95,181
22,2,3,0,0,46,182
22,1,99999,0,1,158,183
22,1,99999,1,1,109,184
22,3,0,0,1,105,185
22,3,1,1,1,3,186
22,4,2,0,1,160,187
22,1,99999,0,0,107,188
22,2,3,0,0,190,189
22,1,99999,0,1,54,190
22,3,2,1,1,183,191
22,3,1,1,1,157,192
22,2,3,1,1,23,193
22,1,99999,1,1,129,194
22,1,99999,0,0,197,195
22,3,1,0,1,30,196
22,1,99999,1,1,79,197
22,3,1,0,0,143,198
22,1,99999,0,1,135,199
22,1,99999,1,1,69,200
23,4,NaN,0,0,91,1
23,1,99999,1,0,125,2
23,3,NaN,0,0,15,3
23,2,NaN,1,0,179,4
23,3,NaN,0,0,41,5
23,3,NaN,0,0,36,6
23,4,NaN,1,0,32,7
23,2,NaN,1,0,177,8
23,3,NaN,0,0,19,9
23,4,NaN,0,0,98,10
23,3,NaN,0,0,9,11
23,1,99999,0,0,76,12
23,2,NaN,0,0,123,13
23,1,99999,1,0,84,14
23,2,NaN,0,0,43,15
23,1,99999,1,0,50,16
23,4,NaN,0,0,65,17
23,3,NaN,1,0,75,18
23,2,NaN,0,0,42,19
23,2,NaN,1,0,62,20
23,4,NaN,1,0,23,21
23,4,NaN,0,0,58,22
23,2,NaN,0,0,14,23
23,4,NaN,1,0,25,24
23,2,NaN,0,0,169,25
23,3,NaN,0,0,172,26
23,3,NaN,0,0,67,27
23,3,NaN,0,0,13,28
23,2,NaN,0,0,21,29
23,2,NaN,1,0,198,30
23,3,NaN,0,0,119,31
23,2,NaN,1,0,192,32
23,1,99999,0,0,30,33
23,4,NaN,0,0,90,34
23,3,NaN,0,0,6,35
23,2,NaN,0,0,129,36
23,3,NaN,0,0,124,37
23,4,NaN,0,0,163,38
23,1,99999,0,0,180,39
23,3,NaN,0,0,193,40
23,3,NaN,0,0,145,41
23,4,NaN,0,0,11,42
23,2,NaN,0,0,137,43
23,3,NaN,0,0,155,44
23,2,NaN,0,0,151,45
23,2,NaN,1,0,109,46
23,2,NaN,0,0,63,47
23,2,NaN,0,0,116,48
23,3,NaN,0,0,161,49
23,2,NaN,1,0,188,50
23,3,NaN,0,0,181,51
23,3,NaN,0,0,173,52
23,4,NaN,1,0,31,53
23,1,99999,1,0,68,54
23,2,NaN,0,0,52,55
23,1,99999,0,0,141,56
23,1,99999,0,0,159,57
23,1,99999,0,0,85,58
23,3,NaN,1,0,156,59
23,3,NaN,0,0,160,60
23,4,NaN,1,0,38,61
23,4,NaN,1,0,18,62
23,4,NaN,1,0,103,63
23,1,99999,0,0,60,64
23,4,NaN,1,0,165,65
23,4,NaN,1,0,121,66
23,2,NaN,0,0,46,67
23,2,NaN,0,0,10,68
23,1,99999,1,0,49,69
23,2,NaN,1,0,148,70
23,1,99999,0,0,127,71
23,4,NaN,1,0,78,72
23,4,NaN,0,0,191,73
23,2,NaN,1,0,27,74
23,1,99999,1,0,71,75
23,3,NaN,1,0,12,76
23,1,99999,1,0,88,77
23,2,NaN,0,0,199,78
23,1,99999,0,0,176,79
23,3,NaN,0,0,69,80
23,4,NaN,1,0,81,81
23,1,99999,0,0,128,82
23,1,99999,0,0,95,83
23,3,NaN,0,0,105,84
23,4,NaN,0,0,80,85
23,1,99999,1,0,5,86
23,1,99999,0,0,113,87
23,1,99999,0,0,22,88
23,3,NaN,0,0,100,89
23,2,NaN,0,0,37,90
23,4,NaN,1,0,77,91
23,2,NaN,0,0,167,92
23,4,NaN,0,0,106,93
23,1,99999,0,0,64,94
23,1,99999,0,0,66,95
23,1,99999,0,0,135,96
23,2,NaN,1,0,74,97
23,4,NaN,0,0,72,98
23,2,NaN,0,0,61,99
23,3,NaN,1,0,48,100
23,4,NaN,1,0,89,101
23,2,NaN,1,0,112,102
23,3,NaN,0,0,139,103
23,3,NaN,0,0,115,104
23,2,NaN,1,0,194,105
23,3,NaN,0,0,8,106
23,2,NaN,1,0,170,107
23,2,NaN,0,0,108,108
23,1,99999,0,0,86,109
23,4,NaN,0,0,166,110
23,3,NaN,1,0,97,111
23,3,NaN,0,0,185,112
23,4,NaN,1,0,33,113
23,3,NaN,1,0,182,114
23,4,NaN,0,0,118,115
23,3,NaN,1,0,195,116
23,4,NaN,0,0,196,117
23,4,NaN,1,0,200,118
23,2,NaN,0,0,117,119
23,4,NaN,0,0,133,120
23,2,NaN,0,0,120,121
23,3,NaN,0,0,104,122
23,1,99999,0,0,59,123
23,1,99999,0,0,70,124
23,3,NaN,0,0,126,125
23,4,NaN,1,0,138,126
23,4,NaN,0,0,99,127
23,3,NaN,0,0,178,128
23,1,99999,0,0,184,129
23,2,NaN,0,0,150,130
23,4,NaN,0,0,143,131
23,3,NaN,0,0,39,132
23,4,NaN,1,0,3,133
23,2,NaN,0,0,83,134
23,2,NaN,1,0,186,135
23,4,NaN,0,0,45,136
23,1,99999,1,0,131,137
23,4,NaN,1,0,35,138
23,4,NaN,0,0,134,139
23,3,NaN,0,0,102,140
23,1,99999,0,0,40,141
23,1,99999,0,0,136,142
23,2,NaN,1,0,57,143
23,4,NaN,0,0,174,144
23,1,99999,1,0,101,145
23,4,NaN,0,0,28,146
23,1,99999,0,0,29,147
23,3,NaN,1,0,122,148
23,2,NaN,1,0,96,149
23,4,NaN,0,0,157,150
23,1,99999,1,0,79,151
23,2,NaN,1,0,142,152
23,4,NaN,0,0,147,153
23,1,99999,0,0,130,154
23,3,NaN,0,0,92,155
23,1,99999,0,0,171,156
23,3,NaN,0,0,168,157
23,1,99999,1,0,7,158
23,2,NaN,0,0,26,159
23,3,NaN,1,0,164,160
23,1,99999,1,0,175,161
23,3,NaN,1,0,44,162
23,3,NaN,0,0,17,163
23,3,NaN,0,0,54,164
23,1,99999,1,0,144,165
23,3,NaN,0,0,107,166
23,2,NaN,0,0,53,167
23,1,99999,1,0,140,168
23,4,NaN,0,0,1,169
23,2,NaN,0,0,153,170
23,1,99999,0,0,197,171
23,1,99999,1,0,187,172
23,3,NaN,0,0,73,173
23,2,NaN,0,0,132,174
23,3,NaN,0,0,110,175
23,1,99999,0,0,152,176
23,2,NaN,0,0,87,177
23,4,NaN,0,0,93,178
23,2,NaN,0,0,82,179
23,2,NaN,0,0,162,180
23,1,99999,0,0,190,181
23,3,NaN,0,0,24,182
23,1,99999,0,0,146,183
23,2,NaN,1,0,154,184
23,1,99999,0,0,34,185
23,4,NaN,0,0,149,186
23,1,99999,0,0,4,187
23,2,NaN,1,0,16,188
23,4,NaN,0,0,47,189
23,2,NaN,0,0,114,190
23,4,NaN,0,0,94,191
23,1,99999,0,0,51,192
23,4,NaN,1,0,55,193
23,1,99999,0,0,158,194
23,3,NaN,0,0,111,195
23,4,NaN,0,0,20,196
23,1,99999,0,0,189,197
23,4,NaN,0,0,56,198
23,4,NaN,0,0,2,199
23,3,NaN,0,0,183,200
24,1,99999,0,0,42,1
24,4,2,0,0,179,2
24,2,2,0,1,44,3
24,1,99999,0,0,194,4
24,3,1,1,1,60,5
24,3,1,1,1,170,6
24,2,3,0,1,158,7
24,1,99999,1,1,176,8
24,1,99999,0,1,119,9
24,1,99999,1,0,187,10
24,4,2,0,0,137,11
24,1,99999,0,0,99,12
24,4,2,0,1,155,13
24,1,99999,1,1,69,14
24,1,99999,1,1,27,15
24,1,99999,1,1,12,16
24,2,1,0,1,102,17
24,4,1,0,1,53,18
24,1,99999,0,0,130,19
24,2,2,0,1,161,20
24,4,3,0,0,47,21
24,2,2,0,1,193,22
24,2,3,0,0,127,23
24,3,1,0,1,106,24
24,3,3,0,1,58,25
24,2,2,0,1,49,26
24,3,2,1,1,79,27
24,4,2,1,1,68,28
24,3,0,1,1,186,29
24,4,1,0,1,196,30
24,4,2,0,1,87,31
24,3,1,0,0,40,32
24,4,1,0,1,72,33
24,4,1,1,1,30,34
24,1,99999,0,1,95,35
24,2,3,1,1,25,36
24,3,1,1,1,181,37
24,3,1,0,0,178,38
24,2,2,0,1,4,39
24,2,1,1,1,144,40
24,3,1,0,0,168,41
24,1,99999,0,1,46,42
24,3,1,0,0,150,43
24,1,99999,1,1,38,44
24,2,3,0,0,145,45
24,2,2,0,0,61,46
24,2,2,1,1,18,47
24,3,1,0,0,20,48
24,2,3,1,1,164,49
24,3,1,1,0,8,50
24,3,1,0,1,94,51
24,4,3,1,1,34,52
24,4,2,0,0,111,53
24,3,1,0,0,163,54
24,3,1,0,1,131,55
24,4,3,0,1,175,56
24,3,1,0,1,118,57
24,1,99999,0,0,172,58
24,2,3,1,1,89,59
24,1,99999,1,1,5,60
24,4,1,0,1,173,61
24,2,2,0,1,45,62
24,1,99999,0,1,84,63
24,1,99999,0,0,1,64
24,4,2,1,1,197,65
24,4,2,0,1,132,66
24,3,1,1,1,15,67
24,1,99999,0,1,86,68
24,3,1,0,0,134,69
24,2,3,0,1,115,70
24,3,NaN,0,1,199,71
24,1,99999,0,1,67,72
24,2,2,0,1,117,73
24,2,2,0,0,73,74
24,2,2,1,1,57,75
24,3,1,0,1,17,76
24,4,2,1,0,90,77
24,4,2,0,0,184,78
24,1,99999,1,1,64,79
24,2,1,0,1,147,80
24,3,1,0,1,174,81
24,1,99999,0,1,154,82
24,4,1,0,1,139,83
24,3,1,0,1,123,84
24,4,3,0,0,9,85
24,4,1,0,1,41,86
24,4,1,0,1,162,87
24,3,1,0,1,28,88
24,1,99999,1,1,80,89
24,2,1,0,0,146,90
24,1,99999,1,1,81,91
24,3,1,1,1,138,92
24,4,3,0,1,143,93
24,4,2,1,1,188,94
24,1,99999,0,1,93,95
24,1,99999,1,1,29,96
24,3,1,0,1,165,97
24,2,3,1,1,195,98
24,1,99999,0,1,66,99
24,1,99999,0,1,180,100
24,1,99999,1,0,35,101
24,3,1,0,1,63,102
24,3,2,0,1,159,103
24,2,1,0,1,171,104
24,3,1,0,1,136,105
24,1,99999,0,0,128,106
24,3,1,0,0,71,107
24,3,1,1,1,151,108
24,1,99999,0,1,62,109
24,4,2,0,1,24,110
24,4,2,0,1,113,111
24,1,99999,0,0,152,112
24,3,1,0,1,141,113
24,2,1,0,1,105,114
24,2,2,0,1,43,115
24,2,2,0,0,125,116
24,2,3,1,1,48,117
24,2,2,0,1,65,118
24,2,3,1,1,32,119
24,1,99999,0,0,39,120
24,4,3,0,1,75,121
24,3,1,1,1,109,122
24,2,3,1,1,124,123
24,4,3,0,0,191,124
24,2,3,0,1,59,125
24,4,2,0,1,126,126
24,4,2,1,1,140,127
24,3,1,1,1,189,128
24,2,3,1,1,10,129
24,4,2,0,1,129,130
24,3,1,1,1,122,131
24,3,1,0,1,91,132
24,2,3,1,1,133,133
24,4,3,0,1,177,134
24,4,3,0,1,85,135
24,3,2,1,1,14,136
24,2,2,0,1,182,137
24,1,99999,0,1,190,138
24,3,1,0,1,114,139
24,1,99999,0,1,96,140
24,4,3,1,1,55,141
24,2,3,0,0,153,142
24,4,3,1,0,103,143
24,4,1,0,1,107,144
24,2,3,0,1,166,145
24,2,2,0,0,198,146
24,2,0,0,1,70,147
24,4,2,1,1,101,148
24,4,3,1,1,148,149
24,2,3,1,1,88,150
24,1,99999,0,0,36,151
24,2,3,1,1,97,152
24,3,2,0,1,11,153
24,3,1,1,1,23,154
24,4,3,0,0,33,155
24,1,99999,0,1,149,156
24,3,1,0,1,183,157
24,2,3,1,1,157,158
24,1,99999,1,0,37,159
24,3,1,1,1,78,160
24,1,99999,1,0,167,161
24,2,3,0,0,185,162
24,3,1,1,1,156,163
24,1,99999,1,1,31,164
24,3,0,0,0,82,165
24,4,1,0,0,76,166
24,1,99999,1,1,6,167
24,2,2,1,1,3,168
24,4,2,1,1,192,169
24,3,1,0,1,2,170
24,2,2,1,1,104,171
24,4,1,0,1,21,172
24,1,99999,0,1,116,173
24,1,99999,0,1,51,174
24,4,1,1,1,19,175
24,1,99999,0,0,26,176
24,1,99999,0,1,54,177
24,1,99999,0,1,50,178
24,4,1,0,0,169,179
24,3,1,0,0,110,180
24,1,99999,0,1,52,181
24,1,99999,0,1,56,182
24,3,1,0,1,120,183
24,1,99999,0,1,135,184
24,2,2,1,1,112,185
24,3,2,1,1,121,186
24,4,3,0,1,200,187
24,3,0,0,1,83,188
24,1,99999,1,1,13,189
24,4,2,1,0,92,190
24,2,3,1,1,74,191
24,4,1,0,1,22,192
24,4,1,0,1,160,193
24,2,2,1,1,77,194
24,2,3,1,0,7,195
24,2,3,1,1,98,196
24,1,99999,1,1,100,197
24,4,1,0,0,108,198
24,3,1,0,0,142,199
24,4,3,0,0,16,200
