subject,condition,named,afc,whichItem,trial
1,1,1,0,161,1
1,4,1,0,177,2
1,1,1,0,124,3
1,4,0,0,107,4
1,2,0,0,86,5
1,2,0,1,3,6
1,3,0,0,118,7
1,3,1,1,181,8
1,1,0,1,100,9
1,1,0,1,163,10
1,4,1,1,179,11
1,2,1,1,29,12
1,4,0,0,64,13
1,2,0,0,6,14
1,3,0,1,184,15
1,3,0,1,115,16
1,1,1,0,183,17
1,4,1,0,102,18
1,2,0,0,37,19
1,3,0,1,189,20
1,3,0,1,111,21
1,1,0,0,137,22
1,2,0,1,85,23
1,4,0,1,166,24
1,1,0,0,185,25
1,3,0,1,125,26
1,3,0,1,19,27
1,2,1,0,25,28
1,4,0,0,129,29
1,2,1,1,112,30
1,1,0,1,28,31
1,4,0,1,110,32
1,3,1,1,31,33
1,4,0,1,66,34
1,3,0,0,52,35
1,1,1,1,192,36
1,4,0,1,30,37
1,2,0,0,147,38
1,1,0,1,126,39
1,2,0,0,61,40
1,1,0,1,167,41
1,4,1,0,69,42
1,4,0,1,95,43
1,2,0,1,121,44
1,3,0,0,47,45
1,1,0,0,133,46
1,3,1,1,26,47
1,2,0,1,146,48
1,1,0,1,80,49
1,1,1,0,139,50
1,4,0,0,155,51
1,3,1,1,99,52
1,4,1,1,7,53
1,2,0,1,34,54
1,2,0,1,113,55
1,3,1,1,187,56
1,1,0,0,14,57
1,2,0,1,76,58
1,1,1,1,50,59
1,2,1,0,4,60
1,4,0,1,119,61
1,3,1,0,2,62
1,3,0,0,56,63
1,4,0,0,141,64
1,3,0,0,71,65
1,4,0,0,103,66
1,2,0,1,88,67
1,3,1,1,143,68
1,2,0,0,150,69
1,1,1,1,32,70
1,4,0,0,98,71
1,1,0,1,44,72
1,1,1,0,43,73
1,2,0,1,156,74
1,2,0,0,40,75
1,3,0,0,128,76
1,4,1,0,78,77
1,1,1,0,122,78
1,3,0,1,20,79
1,4,1,1,11,80
1,3,0,1,154,81
1,3,1,1,165,82
1,4,0,1,62,83
1,2,0,0,72,84
1,1,1,0,79,85
1,4,0,0,104,86
1,2,0,1,13,87
1,1,0,1,174,88
1,1,1,0,59,89
1,1,1,0,131,90
1,3,0,1,176,91
1,3,0,1,45,92
1,4,1,0,123,93
1,2,0,1,89,94
1,2,1,1,16,95
1,4,0,1,1,96
1,1,0,0,145,97
1,4,1,0,60,98
1,2,1,1,90,99
1,1,0,1,188,100
1,4,1,1,172,101
1,2,0,0,53,102
1,3,0,0,58,103
1,3,0,0,117,104
1,4,1,1,170,105
1,2,1,1,23,106
1,4,0,0,191,107
1,2,0,0,57,108
1,3,0,0,135,109
1,1,0,1,15,110
1,3,1,1,74,111
1,1,0,0,186,112
1,4,1,1,81,113
1,2,1,0,39,114
1,3,1,1,144,115
1,1,0,0,8,116
1,4,1,0,151,117
1,1,0,1,73,118
1,2,0,1,159,119
1,3,0,1,157,120
1,3,1,1,33,121
1,1,1,1,68,122
1,1,0,1,153,123
1,2,0,0,18,124
1,4,1,0,97,125
1,4,1,1,96,126
1,3,1,1,140,127
1,2,1,0,162,128
2,4,1,1,181,1
2,3,0,1,86,2
2,1,0,0,107,3
2,1,1,1,177,4
2,3,0,1,3,5
2,4,0,1,118,6
2,2,1,1,124,7
2,2,1,1,161,8
2,2,0,1,163,9
2,4,0,1,184,10
2,1,0,0,64,11
2,3,0,1,29,12
2,4,0,1,115,13
2,2,0,0,100,14
2,3,1,0,6,15
2,1,1,0,179,16
2,4,0,1,111,17
2,1,1,1,102,18
2,1,1,0,166,19
2,3,0,0,85,20
2,4,1,1,189,21
2,3,1,1,37,22
2,2,0,0,183,23
2,2,1,1,137,24
2,3,1,1,112,25
2,1,0,1,129,26
2,3,1,1,25,27
2,4,0,1,19,28
2,1,0,1,110,29
2,4,1,0,125,30
2,2,0,1,185,31
2,2,0,1,28,32
2,1,1,1,30,33
2,3,0,1,61,34
2,3,1,1,147,35
2,4,1,1,31,36
2,2,1,1,192,37
2,4,0,1,52,38
2,2,0,0,126,39
2,1,0,0,66,40
2,1,0,0,69,41
2,3,1,1,121,42
2,2,1,1,167,43
2,3,1,1,146,44
2,1,1,0,95,45
2,2,1,1,133,46
2,4,0,1,26,47
2,4,0,1,47,48
2,1,0,1,155,49
2,3,0,1,113,50
2,4,0,1,99,51
2,3,1,1,34,52
2,4,0,1,187,53
2,2,1,1,80,54
2,1,1,1,7,55
2,2,1,1,139,56
2,3,0,1,76,57
2,2,1,1,14,58
2,2,1,1,50,59
2,1,0,1,141,60
2,4,0,1,56,61
2,3,0,1,4,62
2,4,1,1,2,63
2,1,0,1,119,64
2,4,0,0,143,65
2,3,1,1,88,66
2,1,0,0,98,67
2,3,0,1,150,68
2,4,0,0,71,69
2,2,1,1,44,70
2,1,0,1,103,71
2,2,1,1,32,72
2,4,0,1,128,73
2,2,1,1,122,74
2,3,0,0,40,75
2,3,1,1,156,76
2,1,1,0,78,77
2,1,0,0,11,78
2,2,1,1,43,79
2,4,0,1,20,80
2,3,1,1,72,81
2,4,0,1,154,82
2,2,0,1,174,83
2,1,1,1,62,84
2,4,1,1,165,85
2,3,1,1,13,86
2,2,1,1,79,87
2,1,1,0,104,88
2,4,0,1,45,89
2,1,0,1,123,90
2,4,1,1,176,91
2,1,1,1,1,92
2,2,1,1,131,93
2,2,0,0,59,94
2,3,1,1,89,95
2,3,1,1,16,96
2,2,1,0,145,97
2,1,1,0,60,98
2,2,0,1,188,99
2,4,0,0,58,100
2,4,0,1,117,101
2,1,0,1,172,102
2,3,0,0,53,103
2,3,0,1,90,104
2,3,1,1,23,105
2,2,0,1,186,106
2,1,0,0,191,107
2,4,0,1,135,108
2,1,0,0,170,109
2,4,1,1,74,110
2,3,1,1,57,111
2,2,1,1,15,112
2,2,0,1,8,113
2,4,1,1,144,114
2,1,1,0,81,115
2,1,1,1,151,116
2,2,0,1,73,117
2,3,0,1,159,118
2,4,1,1,157,119
2,3,0,1,39,120
2,2,0,1,153,121
2,3,0,0,162,122
2,1,1,1,97,123
2,2,1,1,68,124
2,1,1,0,96,125
2,4,1,1,140,126
2,3,0,1,18,127
2,4,0,0,33,128
3,2,0,1,107,1
3,1,0,1,118,2
3,2,0,0,177,3
3,1,1,1,181,4
3,4,0,0,3,5
3,4,0,1,86,6
3,3,0,1,161,7
3,3,1,1,124,8
3,2,1,1,179,9
3,1,0,1,115,10
3,3,1,1,163,11
3,4,1,1,29,12
3,1,1,0,184,13
3,2,1,1,64,14
3,3,1,1,100,15
3,4,1,1,6,16
3,2,1,0,102,17
3,4,1,1,37,18
3,3,1,0,137,19
3,1,1,0,111,20
3,3,0,0,183,21
3,4,1,1,85,22
3,2,0,1,166,23
3,1,1,1,189,24
3,3,1,1,28,25
3,3,0,0,185,26
3,4,1,1,112,27
3,2,0,0,110,28
3,1,0,1,19,29
3,4,1,1,25,30
3,1,1,1,125,31
3,2,1,1,129,32
3,3,1,1,126,33
3,4,1,1,147,34
3,1,1,0,31,35
3,4,1,0,61,36
3,2,1,1,30,37
3,3,1,1,192,38
3,1,0,1,52,39
3,2,0,0,66,40
3,4,1,1,121,41
3,1,0,1,26,42
3,2,1,1,95,43
3,3,0,0,133,44
3,2,1,1,69,45
3,4,1,1,146,46
3,3,1,1,167,47
3,1,0,0,47,48
3,3,1,1,139,49
3,4,1,1,113,50
3,2,1,1,155,51
3,2,0,1,7,52
3,1,1,0,99,53
3,1,0,1,187,54
3,3,0,1,80,55
3,4,1,0,34,56
3,3,1,1,50,57
3,1,0,0,56,58
3,3,0,1,14,59
3,1,1,0,2,60
3,4,1,1,4,61
3,4,1,0,76,62
3,2,0,1,141,63
3,2,0,0,119,64
3,1,0,0,71,65
3,4,0,1,150,66
3,2,1,1,103,67
3,3,1,1,32,68
3,2,0,1,98,69
3,1,1,0,143,70
3,4,0,1,88,71
3,3,1,1,44,72
3,2,0,1,11,73
3,3,1,1,122,74
3,1,1,1,20,75
3,3,1,1,43,76
3,1,0,0,128,77
3,4,0,0,40,78
3,4,0,1,156,79
3,2,1,1,78,80
3,4,1,1,72,81
3,3,1,1,79,82
3,4,0,1,13,83
3,1,0,0,165,84
3,1,0,0,154,85
3,2,0,1,62,86
3,2,1,1,104,87
3,3,0,1,174,88
3,3,0,0,59,89
3,4,1,1,89,90
3,1,0,1,45,91
3,1,1,0,176,92
3,2,0,1,123,93
3,2,1,1,1,94
3,4,0,0,16,95
3,3,1,1,131,96
3,1,0,0,58,97
3,2,1,1,60,98
3,4,0,1,90,99
3,3,1,1,188,100
3,1,0,1,117,101
3,4,0,1,53,102
3,2,1,1,172,103
3,3,0,0,145,104
3,4,1,1,23,105
3,3,1,1,15,106
3,1,1,1,74,107
3,3,1,1,186,108
3,2,1,1,170,109
3,1,0,0,135,110
3,4,1,1,57,111
3,2,0,1,191,112
3,3,1,1,73,113
3,1,1,1,144,114
3,4,0,1,159,115
3,2,1,1,151,116
3,2,1,1,81,117
3,4,0,1,39,118
3,3,1,1,8,119
3,1,1,1,157,120
3,3,1,1,68,121
3,1,1,0,140,122
3,3,0,0,153,123
3,4,0,0,162,124
3,4,1,1,18,125
3,1,1,0,33,126
3,2,1,0,97,127
3,2,1,1,96,128
4,4,0,0,107,1
4,4,1,1,177,2
4,3,0,0,118,3
4,1,1,0,124,4
4,1,0,1,161,5
4,2,0,0,86,6
4,2,0,0,3,7
4,3,1,1,181,8
4,1,0,1,163,9
4,4,0,0,179,10
4,3,0,1,115,11
4,3,0,1,184,12
4,1,1,1,100,13
4,4,0,1,64,14
4,2,0,0,6,15
4,2,0,1,29,16
4,3,1,1,189,17
4,4,0,1,166,18
4,3,0,1,111,19
4,2,1,1,37,20
4,2,0,1,85,21
4,1,0,1,183,22
4,1,0,1,137,23
4,4,0,1,102,24
4,4,0,0,110,25
4,4,1,0,129,26
4,2,1,1,112,27
4,1,0,0,185,28
4,1,1,0,28,29
4,3,1,1,125,30
4,3,0,1,19,31
4,2,1,1,25,32
4,1,0,1,126,33
4,2,1,0,147,34
4,4,0,1,30,35
4,1,1,0,192,36
4,3,0,1,31,37
4,3,0,0,52,38
4,2,1,0,61,39
4,4,1,1,66,40
4,3,1,1,26,41
4,4,1,1,69,42
4,1,1,1,167,43
4,2,0,1,146,44
4,3,0,1,47,45
4,4,1,1,95,46
4,2,1,1,121,47
4,1,1,1,133,48
4,3,1,1,99,49
4,4,1,0,155,50
4,1,0,0,80,51
4,4,1,1,7,52
4,3,0,1,187,53
4,2,0,0,113,54
4,2,1,1,34,55
4,1,1,1,139,56
4,1,0,1,14,57
4,2,0,0,76,58
4,4,0,1,141,59
4,3,0,0,56,60
4,2,1,1,4,61
4,3,0,1,2,62
4,1,1,0,50,63
4,4,0,1,119,64
4,3,1,1,143,65
4,4,1,1,103,66
4,3,0,1,71,67
4,2,0,0,150,68
4,1,1,1,32,69
4,1,0,1,44,70
4,4,1,1,98,71
4,2,0,1,88,72
4,2,1,1,156,73
4,1,1,0,43,74
4,4,0,1,11,75
4,1,1,0,122,76
4,3,0,1,128,77
4,4,1,1,78,78
4,2,0,0,40,79
4,3,0,0,20,80
4,3,0,1,154,81
4,2,1,1,72,82
4,4,1,1,62,83
4,4,1,1,104,84
4,1,1,1,79,85
4,1,0,0,174,86
4,2,0,1,13,87
4,3,1,1,165,88
4,3,1,1,176,89
4,2,1,1,16,90
4,4,0,0,1,91
4,1,1,0,59,92
4,3,1,1,45,93
4,2,1,1,89,94
4,1,1,0,131,95
4,4,0,1,123,96
4,4,0,1,60,97
4,1,1,0,188,98
4,3,0,0,117,99
4,1,0,0,145,100
4,3,1,1,58,101
4,2,1,0,90,102
4,4,1,0,172,103
4,2,0,0,53,104
4,4,0,0,170,105
4,1,1,0,186,106
4,2,0,1,57,107
4,4,1,1,191,108
4,1,1,1,15,109
4,3,1,1,74,110
4,2,1,1,23,111
4,3,0,1,135,112
4,3,1,1,157,113
4,1,0,0,73,114
4,3,1,1,144,115
4,4,1,1,151,116
4,1,1,0,8,117
4,2,0,1,159,118
4,4,1,1,81,119
4,2,0,0,39,120
4,2,0,1,18,121
4,3,1,1,140,122
4,1,0,0,153,123
4,2,0,0,162,124
4,3,1,1,33,125
4,1,1,1,68,126
4,4,0,1,96,127
4,4,1,1,97,128
5,3,0,0,86,1
5,2,0,1,161,2
5,3,0,0,3,3
5,2,0,1,124,4
5,1,0,1,177,5
5,1,1,0,107,6
5,4,1,1,181,7
5,4,0,1,118,8
5,4,0,1,115,9
5,3,1,1,6,10
5,3,0,1,29,11
5,1,1,1,179,12
5,4,0,1,184,13
5,1,1,0,64,14
5,2,1,1,100,15
5,2,1,1,163,16
5,1,1,1,102,17
5,1,1,1,166,18
5,3,0,1,85,19
5,3,1,1,37,20
5,2,0,0,183,21
5,2,1,1,137,22
5,4,0,0,111,23
5,4,0,1,189,24
5,4,0,1,125,25
5,4,0,1,19,26
5,2,0,1,28,27
5,2,0,0,185,28
5,3,0,1,112,29
5,1,1,1,129,30
5,1,0,1,110,31
5,3,1,1,25,32
5,3,0,1,147,33
5,3,1,0,61,34
5,4,1,1,31,35
5,2,1,0,126,36
5,4,1,1,52,37
5,1,1,0,30,38
5,2,1,1,192,39
5,1,0,0,66,40
5,2,0,0,167,41
5,1,1,0,95,42
5,2,0,1,133,43
5,3,1,0,146,44
5,1,1,1,69,45
5,4,0,1,47,46
5,4,1,1,26,47
5,3,1,1,121,48
5,1,0,1,155,49
5,2,0,1,139,50
5,4,1,1,187,51
5,1,1,1,7,52
5,3,1,0,34,53
5,2,1,1,80,54
5,4,0,1,99,55
5,3,0,1,113,56
5,1,0,1,119,57
5,3,0,1,4,58
5,4,0,1,56,59
5,1,0,1,141,60
5,3,1,0,76,61
5,2,0,0,14,62
5,2,1,1,50,63
5,4,0,1,2,64
5,1,1,1,98,65
5,4,0,1,71,66
5,3,0,1,88,67
5,1,0,1,103,68
5,4,1,1,143,69
5,3,0,1,150,70
5,2,1,1,44,71
5,2,1,1,32,72
5,4,0,0,20,73
5,3,0,0,40,74
5,4,1,1,128,75
5,2,0,1,43,76
5,2,1,1,122,77
5,1,1,0,11,78
5,3,1,1,156,79
5,1,1,1,78,80
5,3,1,1,72,81
5,2,0,1,174,82
5,4,1,1,165,83
5,3,0,1,13,84
5,1,0,0,104,85
5,4,1,1,154,86
5,2,1,1,79,87
5,1,1,1,62,88
5,2,0,1,59,89
5,3,1,1,89,90
5,1,1,1,1,91
5,1,0,1,123,92
5,4,1,1,176,93
5,3,1,1,16,94
5,2,1,1,131,95
5,4,0,1,45,96
5,3,0,1,90,97
5,2,1,1,145,98
5,2,1,1,188,99
5,4,0,0,117,100
5,4,1,0,58,101
5,1,1,0,172,102
5,1,1,1,60,103
5,3,0,0,53,104
5,2,0,1,15,105
5,4,1,1,74,106
5,4,1,1,135,107
5,1,0,0,191,108
5,3,1,1,23,109
5,3,1,1,57,110
5,1,0,1,170,111
5,2,1,1,186,112
5,1,1,1,151,113
5,4,1,1,144,114
5,1,1,0,81,115
5,2,1,1,8,116
5,3,0,1,39,117
5,4,1,1,157,118
5,3,0,1,159,119
5,2,0,1,73,120
5,2,0,1,153,121
5,1,1,1,97,122
5,3,0,0,18,123
5,2,1,1,68,124
5,1,0,0,96,125
5,3,0,1,162,126
5,4,1,1,33,127
5,4,1,1,140,128
6,4,1,0,86,1
6,2,1,1,177,2
6,3,1,1,124,3
6,3,0,1,161,4
6,1,1,1,181,5
6,2,1,1,107,6
6,4,0,1,3,7
6,1,0,1,118,8
6,1,0,1,184,9
6,3,1,1,100,10
6,4,0,1,29,11
6,4,1,1,6,12
6,2,0,0,179,13
6,2,1,1,64,14
6,3,0,1,163,15
6,1,0,0,115,16
6,3,0,0,183,17
6,1,1,1,189,18
6,3,1,1,137,19
6,4,0,1,85,20
6,2,0,1,166,21
6,4,1,1,37,22
6,2,1,1,102,23
6,1,0,1,111,24
6,1,0,1,19,25
6,2,1,0,110,26
6,4,0,0,112,27
6,1,1,0,125,28
6,4,1,1,25,29
6,3,0,0,185,30
6,3,0,1,28,31
6,2,1,1,129,32
6,3,0,1,126,33
6,2,1,1,30,34
6,4,1,0,61,35
6,1,0,1,52,36
6,3,1,1,192,37
6,2,0,1,66,38
6,4,1,1,147,39
6,1,0,0,31,40
6,2,1,0,69,41
6,1,0,1,26,42
6,4,1,1,121,43
6,3,1,1,167,44
6,1,0,0,47,45
6,3,1,1,133,46
6,2,0,0,95,47
6,4,1,1,146,48
6,4,0,1,34,49
6,3,0,1,80,50
6,4,0,1,113,51
6,1,0,1,99,52
6,2,1,0,7,53
6,2,0,0,155,54
6,3,0,1,139,55
6,1,0,0,187,56
6,4,0,1,76,57
6,3,1,1,14,58
6,2,0,0,141,59
6,3,1,1,50,60
6,1,1,0,2,61
6,1,0,1,56,62
6,4,0,0,4,63
6,2,0,1,119,64
6,1,0,1,71,65
6,1,0,1,143,66
6,3,1,1,32,67
6,2,0,0,98,68
6,4,0,1,150,69
6,3,1,1,44,70
6,2,1,1,103,71
6,4,1,1,88,72
6,3,0,1,43,73
6,1,0,0,128,74
6,3,1,1,122,75
6,4,0,1,40,76
6,2,1,1,78,77
6,2,0,1,11,78
6,4,1,1,156,79
6,1,0,0,20,80
6,4,0,1,72,81
6,4,0,1,13,82
6,1,1,1,165,83
6,3,0,1,174,84
6,3,0,0,79,85
6,2,0,1,62,86
6,2,0,0,104,87
6,1,0,0,154,88
6,3,1,1,131,89
6,2,0,1,1,90
6,1,0,1,45,91
6,4,1,1,16,92
6,4,1,1,89,93
6,2,0,1,123,94
6,3,1,1,59,95
6,1,1,0,176,96
6,3,0,1,188,97
6,2,1,0,60,98
6,2,0,1,172,99
6,4,1,1,90,100
6,1,0,0,58,101
6,4,0,1,53,102
6,3,0,1,145,103
6,1,0,0,117,104
6,1,0,1,135,105
6,3,0,1,15,106
6,3,0,0,186,107
6,2,1,1,170,108
6,2,0,1,191,109
6,1,1,0,74,110
6,4,1,0,57,111
6,4,1,1,23,112
6,1,1,0,144,113
6,1,1,0,157,114
6,2,0,1,151,115
6,3,0,0,73,116
6,3,0,0,8,117
6,4,0,1,39,118
6,4,0,1,159,119
6,2,0,0,81,120
6,3,0,0,153,121
6,2,1,1,97,122
6,4,0,0,18,123
6,4,0,0,162,124
6,3,1,1,68,125
6,1,0,1,33,126
6,1,1,1,140,127
6,2,1,1,96,128
7,4,0,0,107,1
7,2,1,0,86,2
7,2,0,1,3,3
7,4,0,0,177,4
7,3,1,1,181,5
7,1,0,0,161,6
7,1,1,1,124,7
7,3,0,1,118,8
7,1,1,0,163,9
7,3,0,0,115,10
7,4,0,1,64,11
7,2,0,1,29,12
7,1,1,1,100,13
7,2,1,1,6,14
7,4,0,1,179,15
7,3,0,1,184,16
7,3,1,1,189,17
7,2,1,1,37,18
7,4,0,1,102,19
7,4,0,1,166,20
7,1,0,0,183,21
7,3,0,1,111,22
7,1,1,0,137,23
7,2,0,0,85,24
7,1,0,0,185,25
7,4,0,0,129,26
7,3,0,1,19,27
7,4,0,0,110,28
7,2,1,1,25,29
7,2,1,1,112,30
7,1,0,1,28,31
7,3,0,0,125,32
7,2,1,1,147,33
7,4,0,0,66,34
7,4,1,1,30,35
7,3,0,0,52,36
7,2,0,0,61,37
7,1,1,1,192,38
7,3,0,0,31,39
7,1,0,0,126,40
7,3,0,1,26,41
7,1,0,0,167,42
7,1,0,0,133,43
7,4,1,1,95,44
7,2,0,1,146,45
7,2,1,1,121,46
7,3,0,0,47,47
7,4,1,0,69,48
7,1,0,0,80,49
7,1,1,0,139,50
7,2,0,0,34,51
7,2,0,1,113,52
7,4,1,0,7,53
7,4,0,0,155,54
7,3,1,1,187,55
7,3,0,0,99,56
7,1,1,1,50,57
7,4,0,1,119,58
7,4,0,1,141,59
7,1,0,0,14,60
7,2,1,1,4,61
7,3,0,0,2,62
7,2,1,1,76,63
7,3,0,1,56,64
7,4,0,0,103,65
7,1,1,1,44,66
7,2,1,1,150,67
7,1,1,1,32,68
7,3,0,1,71,69
7,2,1,1,88,70
7,3,0,1,143,71
7,4,1,0,98,72
7,3,0,1,128,73
7,1,1,0,43,74
7,2,0,0,40,75
7,1,1,0,122,76
7,3,0,1,20,77
7,4,1,1,11,78
7,4,1,1,78,79
7,2,1,1,156,80
7,1,0,1,174,81
7,2,1,1,13,82
7,1,1,1,79,83
7,4,0,1,62,84
7,3,1,0,165,85
7,4,1,1,104,86
7,3,1,1,154,87
7,2,1,1,72,88
7,2,1,1,89,89
7,3,1,1,176,90
7,4,1,1,1,91
7,2,1,1,16,92
7,1,0,0,59,93
7,4,1,1,123,94
7,1,1,1,131,95
7,3,0,1,45,96
7,3,1,1,117,97
7,2,0,1,90,98
7,4,0,0,172,99
7,4,1,1,60,100
7,3,0,1,58,101
7,2,0,0,53,102
7,1,0,0,145,103
7,1,0,1,188,104
7,4,1,1,191,105
7,2,1,1,57,106
7,1,1,1,186,107
7,3,1,1,74,108
7,3,0,0,135,109
7,2,1,1,23,110
7,1,1,1,15,111
7,4,0,0,170,112
7,1,0,1,73,113
7,2,1,1,39,114
7,3,1,1,157,115
7,1,1,1,8,116
7,2,0,1,159,117
7,4,1,1,81,118
7,4,1,1,151,119
7,3,1,1,144,120
7,2,1,1,18,121
7,1,0,0,153,122
7,3,1,1,140,123
7,1,1,1,68,124
7,4,1,1,97,125
7,4,1,1,96,126
7,3,1,1,33,127
7,2,0,0,162,128
8,4,0,0,86,1
8,2,1,0,177,2
8,3,0,0,161,3
8,1,0,0,181,4
8,1,0,1,118,5
8,3,0,0,124,6
8,2,0,0,107,7
8,4,0,0,3,8
8,1,0,1,115,9
8,4,1,1,29,10
8,1,0,0,184,11
8,2,0,1,179,12
8,3,0,1,163,13
8,2,0,0,64,14
8,3,0,1,100,15
8,4,0,0,6,16
8,1,0,0,111,17
8,1,0,1,189,18
8,3,0,1,183,19
8,4,1,1,37,20
8,2,0,1,102,21
8,4,1,1,85,22
8,3,0,0,137,23
8,2,0,1,166,24
8,3,0,0,185,25
8,2,0,0,129,26
8,4,0,0,25,27
8,4,1,1,112,28
8,3,1,1,28,29
8,1,0,1,19,30
8,1,0,1,125,31
8,2,0,0,110,32
8,1,0,1,52,33
8,1,1,0,31,34
8,4,0,1,61,35
8,2,0,1,66,36
8,4,0,1,147,37
8,3,1,1,126,38
8,2,0,0,30,39
8,3,1,1,192,40
8,3,0,0,167,41
8,2,1,1,95,42
8,1,0,0,47,43
8,4,1,1,121,44
8,4,1,1,146,45
8,2,0,1,69,46
8,1,0,1,26,47
8,3,1,1,133,48
8,2,1,1,7,49
8,1,0,1,187,50
8,2,1,0,155,51
8,3,1,1,80,52
8,3,0,0,139,53
8,4,1,1,113,54
8,1,1,0,99,55
8,4,0,1,34,56
8,2,0,0,119,57
8,2,0,0,141,58
8,1,0,1,2,59
8,4,0,0,4,60
8,4,0,1,76,61
8,3,1,1,50,62
8,3,0,1,14,63
8,1,0,1,56,64
8,3,1,1,32,65
8,2,0,1,103,66
8,4,0,1,150,67
8,1,1,1,143,68
8,4,0,1,88,69
8,2,0,0,98,70
8,1,0,0,71,71
8,3,1,1,44,72
8,4,0,0,40,73
8,1,0,0,20,74
8,2,1,1,78,75
8,4,0,1,156,76
8,3,1,1,43,77
8,1,0,1,128,78
8,2,1,1,11,79
8,3,1,0,122,80
8,2,0,1,62,81
8,1,0,1,165,82
8,4,0,1,13,83
8,3,0,1,174,84
8,2,1,1,104,85
8,4,1,1,72,86
8,1,0,0,154,87
8,3,1,0,79,88
8,4,1,1,16,89
8,3,0,0,59,90
8,2,0,0,123,91
8,4,1,1,89,92
8,2,0,0,1,93
8,1,0,0,45,94
8,1,0,0,176,95
8,3,1,1,131,96
8,1,0,0,117,97
8,2,1,1,60,98
8,4,0,1,53,99
8,4,1,1,90,100
8,3,0,0,145,101
8,3,1,1,188,102
8,1,0,0,58,103
8,2,0,1,172,104
8,4,1,1,57,105
8,4,1,1,23,106
8,2,0,0,191,107
8,2,1,1,170,108
8,1,0,1,135,109
8,1,1,0,74,110
8,3,0,1,186,111
8,3,1,1,15,112
8,2,1,1,81,113
8,2,1,0,151,114
8,1,0,0,144,115
8,3,0,1,73,116
8,4,0,0,39,117
8,1,1,1,157,118
8,3,1,1,8,119
8,4,0,0,159,120
8,3,1,1,153,121
8,4,0,1,18,122
8,4,0,0,162,123
8,3,0,0,68,124
8,2,1,1,96,125
8,1,0,0,33,126
8,2,1,1,97,127
8,1,0,0,140,128
9,4,0,1,161,1
9,3,0,1,107,2
9,1,0,0,3,3
9,2,0,0,118,4
9,4,1,1,124,5
9,1,0,1,86,6
9,3,1,1,177,7
9,2,1,1,181,8
9,1,1,0,6,9
9,2,0,1,115,10
9,3,1,1,179,11
9,1,0,0,29,12
9,3,0,1,64,13
9,4,0,1,100,14
9,2,0,1,184,15
9,4,0,1,163,16
9,1,1,0,37,17
9,4,1,1,137,18
9,2,0,1,189,19
9,3,0,1,102,20
9,3,0,1,166,21
9,2,0,0,111,22
9,4,0,0,183,23
9,1,0,0,85,24
9,4,0,1,185,25
9,2,0,1,19,26
9,1,1,1,112,27
9,1,1,0,25,28
9,2,0,1,125,29
9,3,0,1,129,30
9,3,0,0,110,31
9,4,1,1,28,32
9,3,1,1,30,33
9,1,0,0,61,34
9,4,0,1,126,35
9,1,1,0,147,36
9,2,0,0,31,37
9,4,1,1,192,38
9,3,0,0,66,39
9,2,0,1,52,40
9,1,1,0,121,41
9,4,1,1,167,42
9,3,1,1,95,43
9,2,0,1,26,44
9,4,1,1,133,45
9,1,0,1,146,46
9,3,1,0,69,47
9,2,0,1,47,48
9,4,1,1,139,49
9,2,1,1,187,50
9,4,0,1,80,51
9,3,1,0,7,52
9,3,0,0,155,53
9,2,0,1,99,54
9,1,0,0,113,55
9,1,0,0,34,56
9,3,1,1,119,57
9,3,0,1,141,58
9,4,0,1,14,59
9,1,1,1,4,60
9,2,0,1,56,61
9,1,1,0,76,62
9,2,0,1,2,63
9,4,0,1,50,64
9,4,0,0,32,65
9,1,1,0,88,66
9,4,1,1,44,67
9,3,0,0,103,68
9,3,1,1,98,69
9,2,1,1,143,70
9,2,0,0,71,71
9,1,0,1,150,72
9,1,1,0,156,73
9,2,0,1,20,74
9,2,0,1,128,75
9,4,0,1,43,76
9,3,1,1,78,77
9,3,0,1,11,78
9,4,1,1,122,79
9,1,0,1,40,80
9,4,0,1,174,81
9,3,1,1,62,82
9,1,1,1,72,83
9,2,1,1,165,84
9,2,0,0,154,85
9,3,1,1,104,86
9,4,1,1,79,87
9,1,0,0,13,88
9,2,1,1,176,89
9,3,0,1,123,90
9,1,1,0,16,91
9,1,1,1,89,92
9,2,0,1,45,93
9,3,0,1,1,94
9,4,1,1,59,95
9,4,1,1,131,96
9,2,1,1,117,97
9,3,0,1,172,98
9,1,0,1,90,99
9,3,0,1,60,100
9,1,0,0,53,101
9,2,0,0,58,102
9,4,0,0,145,103
9,4,0,1,188,104
9,3,0,0,170,105
9,2,1,1,74,106
9,4,1,1,186,107
9,3,0,0,191,108
9,4,0,1,15,109
9,1,1,0,57,110
9,2,0,1,135,111
9,1,0,1,23,112
9,3,1,1,151,113
9,2,1,1,157,114
9,4,0,1,73,115
9,3,1,1,81,116
9,1,0,1,39,117
9,2,1,1,144,118
9,4,0,1,8,119
9,1,0,0,159,120
9,4,0,1,153,121
9,1,0,0,18,122
9,2,1,0,33,123
9,4,0,1,68,124
9,1,0,0,162,125
9,3,1,1,97,126
9,2,1,1,140,127
9,3,0,1,96,128
10,4,1,1,177,1
10,2,1,1,3,2
10,2,0,0,86,3
10,1,1,0,124,4
10,3,0,1,118,5
10,1,0,1,161,6
10,3,1,1,181,7
10,4,1,1,107,8
10,4,1,1,179,9
10,4,1,1,64,10
10,3,0,1,115,11
10,2,1,1,6,12
10,3,0,1,184,13
10,1,1,0,100,14
10,1,0,1,163,15
10,2,1,1,29,16
10,2,1,1,37,17
10,4,1,1,102,18
10,4,1,1,166,19
10,3,1,1,189,20
10,3,0,0,111,21
10,1,0,1,183,22
10,2,1,1,85,23
10,1,1,1,137,24
10,2,1,1,25,25
10,2,1,1,112,26
10,3,1,1,125,27
10,3,0,1,19,28
10,1,1,0,28,29
10,4,1,1,129,30
10,4,0,0,110,31
10,1,0,0,185,32
10,1,0,1,126,33
10,3,1,1,52,34
10,1,1,1,192,35
10,4,0,1,66,36
10,3,1,1,31,37
10,2,1,1,147,38
10,2,1,1,61,39
10,4,1,1,30,40
10,4,0,0,95,41
10,4,1,1,69,42
10,3,0,1,26,43
10,3,0,1,47,44
10,2,1,1,146,45
10,1,1,0,167,46
10,1,1,0,133,47
10,2,1,1,121,48
10,2,1,0,34,49
10,1,1,1,80,50
10,4,1,1,155,51
10,3,0,0,187,52
10,3,1,1,99,53
10,1,1,0,139,54
10,2,1,1,113,55
10,4,1,1,7,56
10,3,0,1,2,57
10,4,0,1,119,58
10,1,1,0,50,59
10,3,1,1,56,60
10,2,1,1,76,61
10,2,1,1,4,62
10,4,1,0,141,63
10,1,0,0,14,64
10,4,1,1,103,65
10,1,1,1,44,66
10,3,0,0,71,67
10,3,1,1,143,68
10,2,0,1,150,69
10,1,1,0,32,70
10,4,1,0,98,71
10,2,1,1,88,72
10,2,0,0,40,73
10,4,1,1,78,74
10,3,0,0,128,75
10,4,1,1,11,76
10,3,1,1,20,77
10,1,1,0,122,78
10,1,1,0,43,79
10,2,1,1,156,80
10,2,1,1,72,81
10,4,1,1,104,82
10,3,0,1,154,83
10,1,0,1,174,84
10,1,1,1,79,85
10,2,0,0,13,86
10,4,1,1,62,87
10,3,1,1,165,88
10,1,0,0,59,89
10,3,1,1,45,90
10,4,1,1,1,91
10,4,1,1,123,92
10,3,1,1,176,93
10,2,1,1,89,94
10,2,1,1,16,95
10,1,1,1,131,96
10,4,1,1,172,97
10,2,0,0,53,98
10,3,0,0,58,99
10,3,1,1,117,100
10,1,1,0,145,101
10,2,1,0,90,102
10,4,1,1,60,103
10,1,1,0,188,104
10,2,1,1,23,105
10,3,0,1,135,106
10,1,1,1,15,107
10,2,1,1,57,108
10,1,1,1,186,109
10,4,0,1,170,110
10,4,0,0,191,111
10,3,1,1,74,112
10,3,1,1,144,113
10,3,1,1,157,114
10,1,1,1,73,115
10,2,0,1,159,116
10,4,1,1,81,117
10,1,1,1,8,118
10,4,1,0,151,119
10,2,1,0,39,120
10,3,1,1,33,121
10,3,1,1,140,122
10,4,1,1,96,123
10,1,0,0,153,124
10,2,0,1,162,125
10,1,1,0,68,126
10,2,0,0,18,127
10,4,1,1,97,128
11,1,0,0,177,1
11,4,0,1,118,2
11,2,1,1,124,3
11,3,1,1,3,4
11,3,0,0,86,5
11,1,0,1,107,6
11,4,1,1,181,7
11,2,0,0,161,8
11,4,0,0,115,9
11,3,1,1,29,10
11,2,0,1,100,11
11,1,0,0,179,12
11,4,1,1,184,13
11,2,0,1,163,14
11,3,0,1,6,15
11,1,0,1,64,16
11,3,1,1,37,17
11,3,0,1,85,18
11,4,0,0,189,19
11,1,0,1,102,20
11,2,1,0,183,21
11,4,1,1,111,22
11,2,1,1,137,23
11,1,0,1,166,24
11,3,1,1,25,25
11,4,1,1,19,26
11,2,1,1,28,27
11,1,0,1,110,28
11,4,1,1,125,29
11,2,0,0,185,30
11,1,1,0,129,31
11,3,1,1,112,32
11,4,1,1,52,33
11,1,0,0,66,34
11,2,1,1,192,35
11,3,1,1,147,36
11,3,1,0,61,37
11,1,1,0,30,38
11,4,1,1,31,39
11,2,0,1,126,40
11,1,1,1,69,41
11,2,0,0,133,42
11,3,0,1,146,43
11,4,0,1,26,44
11,4,0,0,47,45
11,1,0,0,95,46
11,3,1,1,121,47
11,2,0,1,167,48
11,1,1,1,7,49
11,2,0,1,80,50
11,3,0,0,34,51
11,2,0,1,139,52
11,3,0,1,113,53
11,4,1,1,187,54
11,4,1,0,99,55
11,1,0,1,155,56
11,1,1,1,119,57
11,1,1,1,141,58
11,2,0,1,14,59
11,4,0,1,56,60
11,3,1,1,76,61
11,2,1,1,50,62
11,4,0,0,2,63
11,3,0,1,4,64
11,2,1,1,44,65
11,1,1,1,103,66
11,1,1,1,98,67
11,3,0,1,88,68
11,3,0,0,150,69
11,4,0,1,143,70
11,2,0,1,32,71
11,4,0,1,71,72
11,4,1,1,128,73
11,1,0,0,11,74
11,3,1,1,156,75
11,2,1,1,43,76
11,4,0,1,20,77
11,1,1,0,78,78
11,3,0,0,40,79
11,2,1,1,122,80
11,3,1,1,13,81
11,4,0,1,154,82
11,2,1,1,79,83
11,1,0,0,104,84
11,4,1,1,165,85
11,3,1,1,72,86
11,1,1,1,62,87
11,2,0,0,174,88
11,2,1,1,131,89
11,4,1,1,176,90
11,1,1,1,1,91
11,4,1,1,45,92
11,3,1,1,16,93
11,2,1,1,59,94
11,3,1,1,89,95
11,1,0,0,123,96
11,4,0,0,58,97
11,2,1,1,188,98
11,4,0,1,117,99
11,3,0,0,53,100
11,1,0,0,172,101
11,3,1,1,90,102
11,2,1,1,145,103
11,1,1,0,60,104
11,3,1,0,23,105
11,1,1,1,170,106
11,4,0,0,135,107
11,2,0,1,186,108
11,1,0,0,191,109
11,4,1,1,74,110
11,2,0,1,15,111
11,3,1,1,57,112
11,1,0,0,151,113
11,4,1,1,157,114
11,3,0,1,159,115
11,2,0,0,73,116
11,1,0,1,81,117
11,2,1,1,8,118
11,3,0,0,39,119
11,4,1,1,144,120
11,4,1,0,140,121
11,3,1,1,18,122
11,2,0,1,153,123
11,4,0,1,33,124
11,1,1,1,97,125
11,1,1,1,96,126
11,2,1,1,68,127
11,3,0,1,162,128
12,1,1,0,181,1
12,2,1,1,177,2
12,1,0,1,118,3
12,2,1,1,107,4
12,4,0,1,86,5
12,3,1,1,161,6
12,3,1,1,124,7
12,4,1,1,3,8
12,1,1,1,184,9
12,4,1,1,6,10
12,3,1,1,163,11
12,2,0,1,64,12
12,4,1,1,29,13
12,1,0,1,115,14
12,2,0,0,179,15
12,3,1,1,100,16
12,4,0,1,85,17
12,3,0,0,183,18
12,2,0,1,166,19
12,1,1,0,189,20
12,2,1,1,102,21
12,4,1,1,37,22
12,3,0,1,137,23
12,1,0,0,111,24
12,1,0,1,19,25
12,2,0,0,110,26
12,3,0,1,185,27
12,3,1,1,28,28
12,2,0,1,129,29
12,4,1,1,25,30
12,4,1,1,112,31
12,1,1,0,125,32
12,2,0,1,66,33
12,2,1,1,30,34
12,1,1,1,31,35
12,3,1,1,192,36
12,4,1,0,61,37
12,4,1,1,147,38
12,3,0,1,126,39
12,1,1,1,52,40
12,4,1,1,121,41
12,1,1,0,26,42
12,3,1,1,167,43
12,2,0,0,95,44
12,1,0,0,47,45
12,3,1,1,133,46
12,2,1,1,69,47
12,4,1,1,146,48
12,2,1,1,7,49
12,2,1,1,155,50
12,3,1,1,139,51
12,4,0,1,113,52
12,1,1,1,187,53
12,4,1,1,34,54
12,3,1,1,80,55
12,1,0,0,99,56
12,2,0,1,141,57
12,1,0,1,56,58
12,3,1,1,14,59
12,4,0,1,4,60
12,4,1,1,76,61
12,2,1,1,119,62
12,1,1,0,2,63
12,3,1,1,50,64
12,2,1,1,103,65
12,3,1,1,44,66
12,4,1,1,150,67
12,2,1,1,98,68
12,3,1,1,32,69
12,1,1,1,143,70
12,4,1,1,88,71
12,1,0,0,71,72
12,2,1,1,78,73
12,3,1,1,122,74
12,1,0,0,20,75
12,4,1,1,40,76
12,1,0,1,128,77
12,3,1,1,43,78
12,2,0,0,11,79
12,4,1,1,156,80
12,3,1,1,79,81
12,1,1,0,154,82
12,3,0,1,174,83
12,4,1,1,72,84
12,2,1,1,104,85
12,4,1,1,13,86
12,2,0,1,62,87
12,1,1,0,165,88
12,4,1,1,16,89
12,4,1,1,89,90
12,1,1,0,176,91
12,2,1,1,123,92
12,3,0,1,59,93
12,1,1,1,45,94
12,2,1,1,1,95
12,3,1,1,131,96
12,1,1,0,58,97
12,4,1,1,53,98
12,4,1,1,90,99
12,2,0,1,172,100
12,3,1,1,145,101
12,1,1,1,117,102
12,2,0,1,60,103
12,3,1,1,188,104
12,1,1,1,74,105
12,2,0,1,191,106
12,4,0,1,23,107
12,2,1,1,170,108
12,3,0,1,15,109
12,4,1,1,57,110
12,3,1,1,186,111
12,1,0,0,135,112
12,2,1,1,151,113
12,1,1,0,157,114
12,3,1,1,73,115
12,1,1,0,144,116
12,4,0,1,159,117
12,2,1,1,81,118
12,4,0,0,39,119
12,3,1,1,8,120
12,2,1,1,97,121
12,4,1,1,162,122
12,3,1,1,68,123
12,1,0,0,33,124
12,3,1,1,153,125
12,4,1,1,18,126
12,1,1,0,140,127
12,2,1,1,96,128
13,4,0,0,161,1
13,2,1,1,181,2
13,2,0,1,118,3
13,3,0,0,107,4
13,1,0,0,86,5
13,4,1,1,124,6
13,3,0,0,177,7
13,1,0,0,3,8
13,1,0,1,6,9
13,3,1,0,64,10
13,2,0,1,115,11
13,1,0,1,29,12
13,3,0,1,179,13
13,4,0,1,100,14
13,2,0,1,184,15
13,4,1,0,163,16
13,4,1,1,137,17
13,1,0,1,37,18
13,2,0,0,111,19
13,4,0,0,183,20
13,3,0,0,102,21
13,1,0,1,85,22
13,3,0,0,166,23
13,2,1,1,189,24
13,2,0,0,19,25
13,3,0,0,110,26
13,1,1,0,112,27
13,1,1,0,25,28
13,4,0,0,185,29
13,3,1,1,129,30
13,2,1,0,125,31
13,4,0,0,28,32
13,2,0,0,52,33
13,4,0,0,126,34
13,2,1,0,31,35
13,3,0,0,30,36
13,1,1,0,61,37
13,1,1,1,147,38
13,4,1,1,192,39
13,3,1,1,66,40
13,3,1,1,69,41
13,3,1,1,95,42
13,2,0,0,26,43
13,1,1,0,121,44
13,4,1,1,133,45
13,1,0,0,146,46
13,4,0,0,167,47
13,2,0,0,47,48
13,1,0,1,34,49
13,1,0,1,113,50
13,4,1,1,139,51
13,2,0,1,187,52
13,2,0,1,99,53
13,4,0,1,80,54
13,3,1,1,7,55
13,3,0,1,155,56
13,1,0,1,76,57
13,1,0,0,4,58
13,2,0,1,56,59
13,3,0,0,141,60
13,4,1,1,14,61
13,3,1,1,119,62
13,2,0,0,2,63
13,4,1,1,50,64
13,3,1,1,103,65
13,1,1,0,88,66
13,1,0,1,150,67
13,3,0,0,98,68
13,4,1,1,32,69
13,2,0,1,71,70
13,2,1,1,143,71
13,4,1,1,44,72
13,2,0,1,20,73
13,1,0,1,40,74
13,1,1,1,156,75
13,3,0,1,11,76
13,3,1,1,78,77
13,4,0,1,43,78
13,4,1,1,122,79
13,2,0,0,128,80
13,3,1,1,104,81
13,3,1,1,62,82
13,1,1,1,13,83
13,4,1,0,79,84
13,4,0,0,174,85
13,1,1,1,72,86
13,2,0,1,154,87
13,2,0,1,165,88
13,4,1,0,131,89
13,4,0,0,59,90
13,2,1,1,45,91
13,3,1,1,123,92
13,3,0,1,1,93
13,2,1,1,176,94
13,1,0,0,16,95
13,1,1,1,89,96
13,1,0,0,53,97
13,1,1,1,90,98
13,3,0,0,60,99
13,2,0,1,58,100
13,2,1,1,117,101
13,3,0,0,172,102
13,4,1,0,188,103
13,4,0,0,145,104
13,1,0,1,23,105
13,3,1,1,170,106
13,3,1,1,191,107
13,4,1,1,186,108
13,2,1,1,74,109
13,2,0,1,135,110
13,1,0,0,57,111
13,4,0,0,15,112
13,3,1,1,81,113
13,2,0,1,144,114
13,2,1,1,157,115
13,3,0,0,151,116
13,4,1,1,73,117
13,1,1,0,39,118
13,4,1,1,8,119
13,1,0,1,159,120
13,3,1,1,96,121
13,1,0,1,18,122
13,1,0,1,162,123
13,4,0,0,153,124
13,2,1,1,140,125
13,3,1,1,97,126
13,2,0,0,33,127
13,4,0,0,68,128
14,3,1,1,181,1
14,1,0,0,161,2
14,2,0,0,3,3
14,4,1,1,107,4
14,3,0,1,118,5
14,1,1,0,124,6
14,2,0,0,86,7
14,4,1,1,177,8
14,3,0,1,115,9
14,4,0,1,64,10
14,2,0,1,6,11
14,2,0,1,29,12
14,3,0,1,184,13
14,1,1,0,163,14
14,1,1,0,100,15
14,4,1,1,179,16
14,3,0,1,189,17
14,4,0,0,102,18
14,4,1,0,166,19
14,3,0,1,111,20
14,1,0,0,137,21
14,1,0,1,183,22
14,2,0,0,85,23
14,2,1,1,37,24
14,1,0,0,28,25
14,3,0,1,19,26
14,4,0,1,110,27
14,2,1,0,112,28
14,2,1,1,25,29
14,3,1,1,125,30
14,1,0,0,185,31
14,4,1,1,129,32
14,1,1,0,192,33
14,2,0,1,147,34
14,4,1,1,66,35
14,3,0,0,52,36
14,3,0,0,31,37
14,4,1,0,30,38
14,2,1,0,61,39
14,1,0,1,126,40
14,4,1,0,69,41
14,1,1,0,133,42
14,3,1,1,26,43
14,3,0,1,47,44
14,1,0,1,167,45
14,2,1,1,146,46
14,4,0,1,95,47
14,2,0,0,121,48
14,1,1,0,139,49
14,2,1,1,113,50
14,3,1,1,99,51
14,2,0,1,34,52
14,3,1,0,187,53
14,4,0,0,155,54
14,4,1,1,7,55
14,1,1,0,80,56
14,4,1,1,119,57
14,1,0,0,14,58
14,3,0,1,56,59
14,2,1,1,4,60
14,2,0,1,76,61
14,1,1,1,50,62
14,3,0,1,2,63
14,4,0,1,141,64
14,2,1,0,88,65
14,4,1,1,98,66
14,3,1,1,143,67
14,1,0,0,44,68
14,2,0,1,150,69
14,3,0,1,71,70
14,1,1,1,32,71
14,4,1,1,103,72
14,2,0,1,40,73
14,4,1,1,78,74
14,3,1,1,128,75
14,1,1,1,43,76
14,4,1,0,11,77
14,3,0,1,20,78
14,2,1,1,156,79
14,1,1,1,122,80
14,4,0,1,104,81
14,2,1,1,72,82
14,1,1,1,79,83
14,4,0,1,62,84
14,1,0,0,174,85
14,3,1,1,165,86
14,3,1,1,154,87
14,2,0,1,13,88
14,1,1,1,131,89
14,4,1,1,123,90
14,3,1,1,176,91
14,3,1,1,45,92
14,2,1,0,16,93
14,2,1,1,89,94
14,4,1,1,1,95
14,1,1,1,59,96
14,3,0,0,58,97
14,3,1,0,117,98
14,4,1,1,60,99
14,1,1,1,188,100
14,2,1,0,90,101
14,4,1,0,172,102
14,1,0,1,145,103
14,2,0,1,53,104
14,3,0,0,135,105
14,1,1,1,15,106
14,1,1,1,186,107
14,4,0,0,170,108
14,3,1,1,74,109
14,2,1,1,23,110
14,4,0,0,191,111
14,2,1,1,57,112
14,2,0,0,39,113
14,4,1,1,151,114
14,4,1,1,81,115
14,3,1,1,157,116
14,1,1,0,8,117
14,2,0,1,159,118
14,1,0,1,73,119
14,3,1,1,144,120
14,3,1,1,140,121
14,2,0,0,162,122
14,1,1,0,68,123
14,4,1,1,96,124
14,4,1,1,97,125
14,2,1,1,18,126
14,3,1,1,33,127
14,1,0,0,153,128
