subject,condition,studyResp,studyResp2,studyResp3,named,afc,whichItem,trial
1,4,3,3,3,1,0,36,1
1,2,3,3,3,1,0,156,2
1,3,0,3,0,0,0,13,3
1,1,99999,99999,99999,1,0,48,4
1,1,99999,99999,99999,0,0,128,5
1,2,3,NaN,3,1,0,66,6
1,4,3,3,3,1,0,14,7
1,3,0,0,0,1,0,148,8
1,4,3,3,3,0,1,139,9
1,4,3,3,3,0,1,46,10
1,1,99999,99999,99999,0,0,65,11
1,2,3,3,3,0,0,95,12
1,3,0,0,0,0,0,55,13
1,2,3,3,3,0,0,150,14
1,1,99999,99999,99999,0,0,143,15
1,3,0,3,0,1,1,16,16
1,1,99999,99999,99999,0,0,17,17
1,3,0,0,1,1,1,186,18
1,2,3,3,3,0,0,44,19
1,2,3,3,3,1,0,140,20
1,4,3,3,3,1,0,103,21
1,4,2,2,2,1,0,122,22
1,3,0,1,3,1,0,123,23
1,1,99999,99999,99999,1,0,88,24
1,3,3,3,3,1,0,188,25
1,3,1,1,1,0,0,62,26
1,4,3,3,3,1,0,32,27
1,1,99999,99999,99999,0,0,40,28
1,1,99999,99999,99999,0,0,168,29
1,2,3,3,3,1,0,144,30
1,2,3,3,3,1,0,43,31
1,4,3,3,3,0,0,11,32
1,4,2,3,3,1,0,96,33
1,4,3,3,3,0,0,171,34
1,3,0,0,1,0,0,3,35
1,2,3,3,3,1,0,109,36
1,3,0,0,3,0,1,98,37
1,1,99999,99999,99999,1,0,121,38
1,2,3,3,3,1,0,181,39
1,1,99999,99999,99999,1,0,162,40
1,2,3,3,3,0,0,108,41
1,4,3,3,3,1,0,81,42
1,2,3,3,3,0,0,184,43
1,3,0,1,1,1,0,6,44
1,4,3,3,3,0,0,173,45
1,1,99999,99999,99999,0,1,159,46
1,1,99999,99999,99999,0,0,61,47
1,3,0,2,1,1,0,78,48
1,2,3,3,3,1,0,172,49
1,2,3,3,3,1,0,12,50
1,4,3,3,3,1,0,71,51
1,1,99999,99999,99999,1,0,31,52
1,1,99999,99999,99999,0,0,178,53
1,3,0,0,1,0,0,18,54
1,3,NaN,3,1,0,0,126,55
1,4,2,3,3,0,0,180,56
1,3,0,1,1,0,1,39,57
1,2,3,3,3,0,0,10,58
1,1,99999,99999,99999,0,0,47,59
1,4,3,3,3,1,0,20,60
1,2,3,3,3,1,0,170,61
1,4,3,3,3,1,0,182,62
1,3,1,1,3,1,0,167,63
1,1,99999,99999,99999,1,0,84,64
1,1,99999,99999,99999,0,0,4,65
1,1,99999,99999,99999,0,0,70,66
1,2,3,3,3,1,0,5,67
1,2,3,3,3,0,0,119,68
1,4,3,3,1,1,0,136,69
1,4,3,3,3,0,0,117,70
1,3,0,0,1,1,1,30,71
1,3,0,1,1,0,0,94,72
1,1,99999,99999,99999,0,0,87,73
1,4,3,1,1,0,0,135,74
1,2,3,3,3,0,0,49,75
1,1,99999,99999,99999,0,0,34,76
1,2,3,3,3,1,0,7,77
1,4,3,3,3,0,0,116,78
1,3,3,2,3,1,0,69,79
1,3,0,1,1,1,0,92,80
1,1,99999,99999,99999,1,0,29,81
1,4,3,3,3,1,0,154,82
1,1,99999,99999,99999,0,0,52,83
1,2,3,3,3,0,0,166,84
1,2,3,3,3,1,0,124,85
1,3,1,0,0,0,0,169,86
1,3,0,0,0,1,0,77,87
1,4,3,3,3,1,0,15,88
1,4,2,3,1,0,0,145,89
1,2,3,3,NaN,0,0,100,90
1,4,3,3,3,1,1,176,91
1,2,3,3,3,0,0,129,92
1,1,99999,99999,99999,0,0,86,93
1,3,0,0,0,1,0,21,94
1,3,0,0,0,1,0,63,95
1,1,99999,99999,99999,1,0,26,96
1,1,99999,99999,99999,0,0,127,97
1,3,1,1,1,0,0,80,98
1,3,1,1,1,0,0,54,99
1,2,3,3,3,1,0,35,100
1,2,3,3,3,0,0,72,101
1,1,99999,99999,99999,0,0,24,102
1,4,3,1,1,0,0,101,103
1,4,3,3,3,1,1,131,104
1,1,99999,99999,99999,1,1,138,105
1,4,1,3,3,1,1,75,106
1,3,0,0,0,1,1,164,107
1,3,1,1,1,0,0,50,108
1,2,3,3,3,1,0,38,109
1,2,3,3,3,1,0,89,110
1,1,99999,99999,99999,1,0,27,111
1,4,3,3,3,0,0,174,112
1,1,99999,99999,99999,0,0,185,113
1,2,3,3,3,1,0,114,114
1,4,3,3,3,1,0,190,115
1,1,99999,99999,99999,1,0,74,116
1,4,3,3,3,1,0,189,117
1,3,0,0,0,1,0,192,118
1,3,0,0,1,0,0,110,119
1,2,3,3,3,0,0,42,120
1,2,3,3,3,0,0,51,121
1,1,99999,99999,99999,0,0,58,122
1,2,3,3,NaN,0,0,41,123
1,1,99999,99999,99999,0,0,183,124
1,3,1,1,1,0,0,102,125
1,4,3,3,3,0,0,93,126
1,4,3,3,3,0,0,19,127
1,3,0,3,3,0,0,133,128
1,1,99999,99999,99999,1,0,57,129
1,4,3,3,3,0,0,73,130
1,1,99999,99999,99999,1,0,149,131
1,2,3,3,3,0,0,175,132
1,3,1,0,0,1,1,104,133
1,2,3,3,3,0,0,9,134
1,3,1,3,1,0,1,60,135
1,4,3,3,3,1,0,147,136
1,4,3,3,3,1,1,146,137
1,3,1,0,0,0,0,191,138
1,3,1,1,1,1,1,1,139
1,1,99999,99999,99999,1,1,90,140
1,2,3,3,NaN,1,1,142,141
1,4,3,3,3,1,1,68,142
1,2,3,NaN,3,0,0,67,143
1,1,99999,99999,99999,0,0,134,144
1,1,99999,99999,99999,1,1,97,145
1,3,0,1,0,1,1,112,146
1,1,99999,99999,99999,0,0,130,147
1,3,0,3,1,0,0,115,148
1,4,3,3,3,1,1,25,149
1,4,3,3,3,0,0,106,150
1,2,3,3,3,0,0,132,151
1,2,3,NaN,NaN,1,0,8,152
1,1,99999,99999,99999,0,0,160,153
1,3,0,0,0,0,0,118,154
1,4,3,3,3,0,0,105,155
1,4,3,3,3,0,1,85,156
1,2,3,3,3,0,0,120,157
1,3,1,0,0,1,1,37,158
1,1,99999,99999,99999,1,1,151,159
1,2,3,NaN,NaN,0,0,153,160
1,4,3,3,3,0,0,187,161
1,3,1,NaN,1,0,0,83,162
1,1,99999,99999,99999,0,0,152,163
1,1,99999,99999,99999,1,1,33,164
1,2,3,NaN,NaN,0,0,45,165
1,2,3,NaN,3,0,1,111,166
1,3,1,NaN,3,1,1,79,167
1,4,3,3,3,0,0,56,168
1,1,99999,99999,99999,1,1,157,169
1,3,1,3,1,0,1,22,170
1,3,1,0,1,1,1,59,171
1,4,3,3,3,1,1,99,172
1,1,99999,99999,99999,0,1,158,173
1,2,3,3,3,1,1,165,174
1,4,3,3,3,1,1,2,175
1,2,3,NaN,3,1,1,125,176
1,2,NaN,3,3,1,1,23,177
1,3,1,0,0,0,0,141,178
1,4,3,3,3,0,1,113,179
1,1,99999,99999,99999,1,1,179,180
1,1,99999,99999,99999,0,0,107,181
1,4,1,3,0,0,0,91,182
1,3,1,0,0,0,0,28,183
1,2,3,3,3,0,0,161,184
1,2,3,3,3,0,0,53,185
1,2,3,3,3,1,0,163,186
1,1,99999,99999,99999,0,1,64,187
1,4,3,3,3,0,1,76,188
1,1,99999,99999,99999,0,1,177,189
1,4,1,3,3,1,0,82,190
1,3,1,0,0,0,0,137,191
1,3,3,3,0,0,0,155,192
2,4,3,3,3,1,1,156,1
2,4,3,3,3,0,1,66,2
2,1,99999,99999,99999,1,0,148,3
2,1,99999,99999,99999,0,1,13,4
2,3,0,0,0,0,1,128,5
2,3,1,0,0,1,1,48,6
2,2,3,3,3,0,1,36,7
2,2,3,3,3,1,1,14,8
2,4,3,3,3,1,0,95,9
2,2,3,3,3,0,0,139,10
2,1,99999,99999,99999,1,1,16,11
2,1,99999,99999,99999,0,1,55,12
2,4,3,3,3,0,1,150,13
2,2,3,3,3,0,1,46,14
2,3,1,1,1,0,1,143,15
2,3,0,0,0,0,1,65,16
2,3,1,2,1,1,1,17,17
2,4,3,3,3,1,1,44,18
2,1,99999,99999,99999,1,1,186,19
2,2,3,3,3,0,1,103,20
2,1,99999,99999,99999,1,1,123,21
2,4,3,3,3,1,0,140,22
2,3,1,1,1,1,1,88,23
2,2,3,3,3,1,1,122,24
2,3,0,1,1,0,0,40,25
2,3,0,0,0,0,0,168,26
2,2,3,3,3,0,1,11,27
2,4,1,2,2,0,1,144,28
2,1,99999,99999,99999,1,1,188,29
2,2,3,3,3,1,1,32,30
2,4,3,3,3,0,0,43,31
2,1,99999,99999,99999,1,1,62,32
2,3,3,3,3,1,1,121,33
2,4,3,3,3,1,1,109,34
2,1,99999,99999,99999,0,1,3,35
2,2,3,3,3,0,1,171,36
2,2,3,3,3,1,1,96,37
2,1,99999,99999,99999,0,1,98,38
2,4,3,2,3,1,0,181,39
2,3,1,1,1,0,1,162,40
2,4,3,3,3,0,1,184,41
2,2,3,3,3,0,1,173,42
2,1,99999,99999,99999,0,0,6,43
2,1,99999,99999,99999,1,1,78,44
2,3,1,1,2,0,0,61,45
2,2,3,3,3,1,1,81,46
2,3,1,1,1,0,1,159,47
2,4,2,2,2,0,1,108,48
2,1,99999,99999,99999,0,1,126,49
2,4,3,3,3,1,1,12,50
2,3,3,1,1,0,1,178,51
2,2,3,3,3,0,1,71,52
2,3,0,0,1,1,1,31,53
2,1,99999,99999,99999,0,1,18,54
2,2,3,3,3,0,1,180,55
2,4,3,3,3,0,0,172,56
2,3,1,1,1,0,0,47,57
2,4,3,3,3,1,1,10,58
2,1,99999,99999,99999,0,1,39,59
2,2,3,3,3,1,1,20,60
2,1,99999,99999,99999,0,1,167,61
2,4,3,3,3,1,1,170,62
2,2,3,3,3,0,1,182,63
2,3,1,1,1,1,1,84,64
2,4,3,3,3,1,1,5,65
2,3,0,1,1,0,1,4,66
2,1,99999,99999,99999,0,1,94,67
2,4,3,3,3,1,0,119,68
2,2,3,3,3,0,1,117,69
2,1,99999,99999,99999,1,1,30,70
2,2,3,3,3,0,1,136,71
2,3,1,1,1,0,1,70,72
2,4,3,3,3,1,1,49,73
2,1,99999,99999,99999,1,1,69,74
2,3,0,1,1,0,1,34,75
2,2,3,3,3,0,1,135,76
2,1,99999,99999,99999,1,1,92,77
2,3,1,1,3,0,0,87,78
2,2,3,3,3,0,1,116,79
2,4,3,3,3,1,1,7,80
2,2,3,3,3,1,1,154,81
2,4,3,3,3,0,1,166,82
2,2,3,3,3,1,1,15,83
2,1,99999,99999,99999,0,0,169,84
2,1,99999,99999,99999,1,1,77,85
2,4,3,3,3,0,0,124,86
2,3,0,0,0,0,1,52,87
2,3,1,1,1,1,1,29,88
2,1,99999,99999,99999,0,0,21,89
2,1,99999,99999,99999,1,1,63,90
2,2,3,3,3,0,1,176,91
2,4,3,3,3,1,0,129,92
2,2,3,3,3,0,0,145,93
2,3,2,3,2,0,0,86,94
2,4,3,3,3,1,0,100,95
2,3,1,2,1,0,1,26,96
2,1,99999,99999,99999,0,1,54,97
2,3,2,3,1,0,1,24,98
2,2,3,3,3,1,1,101,99
2,1,99999,99999,99999,0,0,80,100
2,3,0,1,0,1,1,127,101
2,4,3,3,3,1,0,35,102
2,4,3,3,3,0,1,72,103
2,2,3,3,3,0,1,131,104
2,3,0,0,0,1,1,138,105
2,2,3,3,3,1,1,75,106
2,1,99999,99999,99999,1,1,164,107
2,3,1,1,1,1,1,27,108
2,4,3,3,3,0,1,38,109
2,1,99999,99999,99999,1,1,50,110
2,4,3,3,3,1,1,89,111
2,2,3,3,3,0,1,174,112
2,4,3,3,3,1,1,42,113
2,1,99999,99999,99999,1,1,192,114
2,3,1,2,2,0,1,185,115
2,2,3,3,3,0,1,190,116
2,4,3,3,3,1,1,114,117
2,1,99999,99999,99999,0,0,110,118
2,2,3,3,3,1,1,189,119
2,3,2,3,2,1,1,74,120
2,3,1,3,3,0,1,58,121
2,1,99999,99999,99999,1,1,133,122
2,2,3,3,3,0,0,93,123
2,3,1,3,3,0,0,183,124
2,4,3,3,3,0,1,51,125
2,2,3,3,3,0,1,19,126
2,4,2,2,3,0,1,41,127
2,1,99999,99999,99999,0,1,102,128
2,2,3,3,3,0,1,73,129
2,1,99999,99999,99999,1,1,104,130
2,3,0,1,1,0,1,149,131
2,2,3,3,3,1,1,147,132
2,4,3,3,3,0,0,9,133
2,1,99999,99999,99999,1,1,60,134
2,4,2,2,3,1,1,175,135
2,3,0,0,1,1,1,57,136
2,4,3,3,3,1,1,142,137
2,2,3,3,3,0,1,68,138
2,2,3,3,3,0,0,146,139
2,1,99999,99999,99999,0,1,1,140
2,3,1,2,2,1,1,90,141
2,4,3,3,3,1,1,67,142
2,3,1,1,1,0,1,134,143
2,1,99999,99999,99999,0,1,191,144
2,4,3,3,3,0,0,132,145
2,2,3,3,3,1,1,25,146
2,2,3,3,3,0,1,106,147
2,3,0,0,1,0,1,130,148
2,3,2,2,2,1,1,97,149
2,1,99999,99999,99999,1,1,112,150
2,4,3,3,3,1,1,8,151
2,1,99999,99999,99999,0,1,115,152
2,3,0,0,1,0,1,160,153
2,4,2,3,3,0,1,153,154
2,3,1,2,2,1,1,151,155
2,2,3,3,3,0,1,105,156
2,1,99999,99999,99999,1,1,37,157
2,2,3,3,3,0,1,85,158
2,1,99999,99999,99999,0,1,118,159
2,4,3,3,3,0,0,120,160
2,1,99999,99999,99999,1,1,79,161
2,2,3,3,3,0,0,187,162
2,3,0,0,0,0,1,33,163
2,4,2,2,2,0,1,45,164
2,1,99999,99999,99999,0,1,83,165
2,2,3,3,3,0,1,56,166
2,4,2,2,2,0,1,111,167
2,3,0,2,1,0,0,152,168
2,2,3,3,3,1,1,99,169
2,1,99999,99999,99999,1,1,22,170
2,2,3,3,3,1,1,2,171
2,3,0,0,0,0,1,158,172
2,1,99999,99999,99999,0,0,59,173
2,4,2,3,3,1,1,125,174
2,4,3,3,3,1,1,165,175
2,3,0,0,2,1,1,157,176
2,4,3,3,3,1,1,161,177
2,3,2,3,2,0,1,107,178
2,2,3,3,3,0,1,113,179
2,2,3,3,3,0,0,91,180
2,4,3,3,2,1,1,23,181
2,3,3,3,3,0,0,179,182
2,1,99999,99999,99999,1,1,28,183
2,1,99999,99999,99999,0,0,141,184
2,4,3,3,3,1,1,163,185
2,4,2,2,2,0,1,53,186
2,2,3,3,3,0,0,76,187
2,1,99999,99999,99999,0,1,137,188
2,3,1,1,0,0,1,177,189
2,1,99999,99999,99999,0,0,155,190
2,2,2,3,3,0,1,82,191
2,3,3,3,3,0,1,64,192
3,4,3,3,3,1,1,95,1
3,1,99999,99999,99999,1,1,55,2
3,3,2,3,3,0,0,65,3
3,3,2,2,1,0,1,143,4
3,4,3,3,3,0,0,150,5
3,2,3,3,3,1,0,139,6
3,1,99999,99999,99999,0,1,16,7
3,2,3,3,3,0,1,46,8
3,4,2,2,2,0,1,156,9
3,3,2,2,2,1,1,48,10
3,3,2,2,1,0,0,128,11
3,1,99999,99999,99999,0,1,13,12
3,1,99999,99999,99999,1,1,148,13
3,2,3,3,3,1,1,36,14
3,2,3,3,3,0,1,14,15
3,4,3,3,3,0,0,66,16
3,3,1,1,1,0,1,40,17
3,1,99999,99999,99999,0,1,62,18
3,4,3,3,3,1,1,43,19
3,1,99999,99999,99999,0,1,188,20
3,4,1,2,3,1,1,144,21
3,2,3,3,3,0,1,11,22
3,3,1,2,1,0,0,168,23
3,2,3,3,3,1,0,32,24
3,1,99999,99999,99999,0,1,186,25
3,1,99999,99999,99999,0,1,123,26
3,4,3,3,3,1,1,140,27
3,4,3,3,3,1,1,44,28
3,2,3,3,3,1,1,103,29
3,3,2,2,2,1,1,17,30
3,2,3,3,3,1,1,122,31
3,3,2,2,1,0,1,88,32
3,4,NaN,3,3,1,1,184,33
3,1,99999,99999,99999,1,1,6,34
3,2,3,3,3,1,1,81,35
3,2,3,3,3,0,0,173,36
3,4,2,2,1,0,0,108,37
3,3,1,1,1,0,1,159,38
3,1,99999,99999,99999,1,1,78,39
3,3,1,2,2,1,0,61,40
3,4,2,2,3,1,1,181,41
3,3,1,2,1,0,1,162,42
3,2,3,3,3,1,1,96,43
3,4,3,3,3,1,1,109,44
3,1,99999,99999,99999,0,0,3,45
3,3,NaN,1,1,1,1,121,46
3,1,99999,99999,99999,0,0,98,47
3,2,3,3,3,0,1,171,48
3,3,1,3,3,0,0,47,49
3,1,99999,99999,99999,0,0,167,50
3,1,99999,99999,99999,0,0,39,51
3,4,3,3,3,1,1,170,52
3,2,3,3,3,0,1,20,53
3,2,3,3,3,1,1,182,54
3,4,3,3,3,0,0,10,55
3,3,3,3,3,1,1,84,56
3,2,3,3,3,0,0,180,57
3,3,3,3,3,1,1,31,58
3,1,99999,99999,99999,0,1,126,59
3,4,3,3,3,0,0,172,60
3,2,3,3,3,0,1,71,61
3,4,3,3,3,1,1,12,62
3,3,2,3,2,0,0,178,63
3,1,99999,99999,99999,0,1,18,64
3,4,3,3,2,1,1,49,65
3,1,99999,99999,99999,1,0,69,66
3,3,2,3,2,0,1,34,67
3,3,2,2,2,0,0,87,68
3,2,3,3,3,0,1,116,69
3,4,2,2,2,1,1,7,70
3,2,3,3,3,0,0,135,71
3,1,99999,99999,99999,1,1,92,72
3,1,99999,99999,99999,1,1,30,73
3,4,3,3,3,1,1,5,74
3,4,3,3,3,1,1,119,75
3,3,1,1,1,0,0,4,76
3,1,99999,99999,99999,0,1,94,77
3,2,3,3,3,0,1,136,78
3,2,3,3,3,0,1,117,79
3,3,1,1,1,0,1,70,80
3,3,1,1,1,0,1,26,81
3,2,3,3,3,0,0,145,82
3,3,1,2,1,0,0,86,83
3,1,99999,99999,99999,0,0,63,84
3,4,3,3,3,1,0,129,85
3,4,2,2,2,0,0,100,86
3,2,3,3,3,1,0,176,87
3,1,99999,99999,99999,0,0,21,88
3,2,3,3,3,0,0,15,89
3,1,99999,99999,99999,0,0,169,90
3,4,3,3,3,0,1,166,91
3,1,99999,99999,99999,1,1,77,92
3,2,3,3,NaN,1,1,154,93
3,3,2,3,1,0,0,52,94
3,4,2,1,1,1,1,124,95
3,3,1,2,1,0,1,29,96
3,2,3,3,3,0,1,174,97
3,3,2,2,1,1,1,27,98
3,1,99999,99999,99999,0,1,164,99
3,3,1,1,2,1,1,138,100
3,4,2,2,2,1,1,89,101
3,4,3,3,3,1,1,38,102
3,2,3,3,3,0,1,75,103
3,1,99999,99999,99999,0,0,50,104
3,3,1,2,1,0,0,127,105
3,2,3,3,3,0,0,101,106
3,4,3,3,3,1,1,35,107
3,2,3,3,3,1,1,131,108
3,4,2,2,2,0,0,72,109
3,3,1,1,NaN,0,0,24,110
3,1,99999,99999,99999,0,1,54,111
3,1,99999,99999,99999,0,0,80,112
3,1,99999,99999,99999,0,1,102,113
3,2,3,3,3,0,0,93,114
3,4,3,3,3,1,1,41,115
3,3,3,3,3,0,1,183,116
3,1,99999,99999,99999,0,0,133,117
3,2,NaN,3,3,0,1,19,118
3,4,3,3,3,0,0,51,119
3,3,2,3,3,0,0,58,120
3,2,3,3,3,1,1,190,121
3,2,3,3,3,0,0,189,122
3,3,1,1,3,0,0,185,123
3,4,3,2,3,0,0,42,124
3,3,3,3,3,1,1,74,125
3,1,99999,99999,99999,0,0,110,126
3,1,99999,99999,99999,1,1,192,127
3,4,2,2,2,1,1,114,128
3,1,99999,99999,99999,0,0,1,129
3,4,2,2,3,1,0,142,130
3,2,3,3,3,1,0,68,131
3,3,2,2,2,1,0,90,132
3,1,99999,99999,99999,1,0,191,133
3,4,3,3,3,1,0,67,134
3,2,3,3,3,1,1,146,135
3,3,1,2,1,0,1,134,136
3,1,99999,99999,99999,0,0,60,137
3,3,1,1,1,0,0,57,138
3,2,3,3,3,1,1,147,139
3,2,3,3,3,0,0,73,140
3,4,3,3,3,1,1,175,141
3,3,1,1,2,1,1,149,142
3,4,3,NaN,3,0,0,9,143
3,1,99999,99999,99999,1,0,104,144
3,2,3,3,3,0,1,105,145
3,4,1,1,1,0,0,120,146
3,3,NaN,1,1,0,0,160,147
3,1,99999,99999,99999,1,1,37,148
3,4,1,1,1,0,0,153,149
3,1,99999,99999,99999,0,1,118,150
3,3,1,1,1,0,0,151,151
3,2,NaN,3,1,0,0,85,152
3,4,1,1,1,0,0,132,153
3,2,3,3,3,0,0,106,154
3,1,99999,99999,99999,0,1,115,155
3,3,1,2,1,1,1,97,156
3,2,3,3,3,1,1,25,157
3,4,1,1,3,1,1,8,158
3,3,NaN,1,1,0,1,130,159
3,1,99999,99999,99999,1,1,112,160
3,4,2,2,2,0,1,125,161
3,1,99999,99999,99999,0,0,59,162
3,4,NaN,NaN,1,0,0,165,163
3,3,0,2,1,0,1,157,164
3,2,3,3,3,0,1,99,165
3,2,3,NaN,NaN,0,0,2,166
3,1,99999,99999,99999,0,1,22,167
3,3,1,1,1,0,1,158,168
3,4,1,1,NaN,0,0,45,169
3,3,1,1,NaN,0,0,152,170
3,4,1,2,1,0,1,111,171
3,1,99999,99999,99999,0,1,83,172
3,2,3,NaN,3,0,1,187,173
3,3,NaN,NaN,1,0,0,33,174
3,2,3,3,NaN,0,1,56,175
3,1,99999,99999,99999,1,1,79,176
3,1,99999,99999,99999,0,0,155,177
3,2,3,3,NaN,0,0,82,178
3,3,3,2,2,0,1,64,179
3,4,3,2,2,1,1,163,180
3,3,1,NaN,NaN,0,1,177,181
3,4,2,2,2,0,1,53,182
3,1,99999,99999,99999,0,0,137,183
3,2,3,NaN,2,0,1,76,184
3,3,2,1,2,0,1,179,185
3,4,1,NaN,NaN,1,1,161,186
3,1,99999,99999,99999,0,0,141,187
3,4,1,NaN,2,1,1,23,188
3,2,3,NaN,2,0,0,91,189
3,2,3,NaN,2,0,1,113,190
3,1,99999,99999,99999,1,1,28,191
3,3,1,1,2,0,0,107,192
4,2,3,3,3,0,0,187,1
4,1,99999,99999,99999,1,1,156,2
4,4,3,3,3,1,1,39,3
4,3,1,0,1,1,1,144,4
4,1,99999,99999,99999,0,0,52,5
4,3,1,2,2,0,1,121,6
4,4,3,3,3,0,1,15,7
4,2,3,3,3,0,1,111,8
4,3,1,2,2,0,0,140,9
4,4,3,3,3,1,1,18,10
4,4,2,3,3,0,0,145,11
4,2,3,3,3,0,0,2,12
4,2,3,3,3,1,1,125,13
4,1,99999,99999,99999,0,1,26,14
4,3,2,3,2,0,1,61,15
4,1,99999,99999,99999,0,1,150,16
4,2,3,3,3,1,1,109,17
4,4,2,3,3,0,1,169,18
4,3,1,1,1,0,1,184,19
4,4,3,3,3,0,0,87,20
4,1,99999,99999,99999,0,1,95,21
4,2,3,3,3,1,1,50,22
4,3,1,2,2,1,1,62,23
4,1,99999,99999,99999,0,0,135,24
4,3,1,1,1,0,1,123,25
4,4,2,2,2,0,1,21,26
4,2,3,3,3,0,0,80,27
4,1,99999,99999,99999,0,1,66,28
4,1,99999,99999,99999,0,1,117,29
4,4,3,3,3,0,1,70,30
4,3,2,2,2,0,1,181,31
4,2,3,3,3,0,0,108,32
4,4,3,3,3,1,1,7,33
4,2,3,3,3,0,1,159,34
4,4,3,3,3,0,0,34,35
4,3,1,1,1,0,0,190,36
4,2,3,3,3,0,1,86,37
4,1,99999,99999,99999,1,1,48,38
4,1,99999,99999,99999,0,1,63,39
4,3,1,2,2,0,1,179,40
4,3,1,1,1,0,0,93,41
4,2,3,3,3,0,0,162,42
4,2,3,3,3,0,1,29,43
4,4,2,2,3,1,1,119,44
4,1,99999,99999,99999,0,1,77,45
4,1,99999,99999,99999,0,1,65,46
4,3,1,1,1,1,1,177,47
4,4,1,2,3,1,1,4,48
4,1,99999,99999,99999,0,1,100,49
4,2,3,3,3,1,1,189,50
4,3,1,1,1,0,1,56,51
4,4,2,2,2,0,1,11,52
4,3,2,2,2,0,0,58,53
4,2,3,3,3,0,1,126,54
4,4,2,3,3,1,1,27,55
4,1,99999,99999,99999,0,1,178,56
4,2,3,3,3,0,1,19,57
4,1,99999,99999,99999,0,0,124,58
4,1,99999,99999,99999,0,1,84,59
4,3,1,1,1,0,1,99,60
4,4,2,3,3,0,1,103,61
4,3,3,3,3,0,1,74,62
4,4,3,3,3,0,1,24,63
4,2,3,3,3,0,0,167,64
4,4,2,2,3,1,0,94,65
4,3,1,2,2,1,1,98,66
4,1,99999,99999,99999,1,1,75,67
4,2,3,3,3,0,1,136,68
4,3,2,3,3,1,1,97,69
4,4,1,2,3,1,1,112,70
4,2,3,3,3,0,1,3,71
4,1,99999,99999,99999,0,1,133,72
4,1,99999,99999,99999,1,1,192,73
4,3,1,2,2,1,1,78,74
4,4,3,3,3,1,1,37,75
4,2,3,3,3,0,1,6,76
4,3,2,3,3,1,1,151,77
4,4,3,3,3,1,1,92,78
4,1,99999,99999,99999,1,1,101,79
4,2,3,3,3,0,1,116,80
4,1,99999,99999,99999,0,1,57,81
4,2,3,3,3,0,1,82,82
4,4,3,3,3,0,1,17,83
4,4,3,3,3,0,1,28,84
4,1,99999,99999,99999,0,0,9,85
4,3,1,1,1,0,0,180,86
4,2,3,3,3,0,1,69,87
4,3,1,3,1,0,1,131,88
4,4,2,3,3,0,0,168,89
4,2,3,3,3,1,0,30,90
4,2,3,3,3,0,1,91,91
4,4,3,3,3,1,1,137,92
4,1,99999,99999,99999,0,1,90,93
4,3,1,1,1,0,1,182,94
4,1,99999,99999,99999,0,1,142,95
4,3,1,1,1,0,1,174,96
4,4,2,3,3,1,1,122,97
4,2,3,3,3,1,1,104,98
4,3,1,2,3,0,1,47,99
4,1,99999,99999,99999,1,1,16,100
4,4,3,3,3,1,1,188,101
4,2,3,3,3,1,1,113,102
4,3,1,1,1,1,0,89,103
4,1,99999,99999,99999,1,1,114,104
4,3,1,1,1,0,1,31,105
4,1,99999,99999,99999,1,1,13,106
4,1,99999,99999,99999,0,1,51,107
4,2,3,3,3,0,1,76,108
4,3,1,1,1,0,1,72,109
4,4,1,2,2,0,1,32,110
4,2,2,3,3,0,1,1,111
4,4,3,3,3,0,1,186,112
4,1,99999,99999,99999,0,1,139,113
4,3,3,3,3,0,1,60,114
4,3,1,1,1,0,1,40,115
4,4,3,3,3,0,0,73,116
4,1,99999,99999,99999,0,1,165,117
4,4,2,2,2,0,0,102,118
4,2,3,3,3,0,1,54,119
4,2,3,3,3,0,1,158,120
4,3,3,3,3,1,1,191,121
4,3,2,2,3,1,1,88,122
4,1,99999,99999,99999,0,1,45,123
4,2,3,3,3,0,0,152,124
4,2,3,3,3,1,1,164,125
4,4,3,3,3,0,0,110,126
4,4,3,3,3,1,1,68,127
4,1,99999,99999,99999,0,1,14,128
4,4,3,3,3,1,1,170,129
4,1,99999,99999,99999,0,1,118,130
4,2,3,3,3,0,0,20,131
4,4,2,3,3,1,1,41,132
4,3,1,0,1,0,0,67,133
4,1,99999,99999,99999,1,1,138,134
4,2,3,3,3,0,1,120,135
4,3,1,1,1,0,1,106,136
4,1,99999,99999,99999,1,1,115,137
4,3,1,1,1,0,1,105,138
4,4,2,2,3,0,1,172,139
4,4,3,3,3,0,0,42,140
4,2,3,3,3,0,1,71,141
4,3,0,1,1,1,1,175,142
4,2,3,3,3,0,0,132,143
4,1,99999,99999,99999,1,1,127,144
4,2,3,3,3,0,0,185,145
4,1,99999,99999,99999,0,0,155,146
4,4,1,3,3,0,1,173,147
4,1,99999,99999,99999,0,1,46,148
4,4,2,2,2,0,0,163,149
4,2,3,3,3,1,1,79,150
4,3,3,3,3,1,1,129,151
4,3,2,2,2,0,1,96,152
4,4,3,3,3,0,1,171,153
4,4,3,3,3,0,1,161,154
4,3,2,3,3,0,1,166,155
4,2,3,3,3,0,0,59,156
4,1,99999,99999,99999,0,1,36,157
4,1,99999,99999,99999,0,0,141,158
4,2,3,3,3,0,1,183,159
4,3,1,2,3,0,1,81,160
4,4,1,1,1,0,1,53,161
4,3,2,2,3,1,1,85,162
4,3,1,1,1,0,0,128,163
4,4,2,1,1,0,0,146,164
4,2,3,3,3,0,1,130,165
4,2,3,3,3,0,0,10,166
4,1,99999,99999,99999,0,1,38,167
4,1,99999,99999,99999,1,1,149,168
4,2,3,3,3,1,1,12,169
4,4,3,3,3,1,1,23,170
4,4,3,3,3,0,1,147,171
4,3,2,3,3,1,1,25,172
4,1,99999,99999,99999,0,1,134,173
4,3,1,1,1,1,1,143,174
4,1,99999,99999,99999,1,1,35,175
4,2,3,3,3,0,1,160,176
4,2,3,3,3,1,1,176,177
4,3,1,2,2,1,1,49,178
4,3,1,1,1,0,1,83,179
4,4,3,3,3,0,1,43,180
4,1,99999,99999,99999,0,1,64,181
4,4,3,3,3,1,1,148,182
4,2,3,3,3,1,1,157,183
4,1,99999,99999,99999,0,1,8,184
4,4,2,3,3,1,1,44,185
4,4,3,3,3,1,1,55,186
4,3,1,2,2,0,1,22,187
4,1,99999,99999,99999,0,0,153,188
4,3,2,2,2,1,1,5,189
4,1,99999,99999,99999,0,1,107,190
4,2,3,3,3,1,1,154,191
4,2,3,3,3,1,1,33,192
5,1,99999,99999,99999,0,1,39,1
5,1,99999,99999,99999,0,0,15,2
5,4,2,2,2,0,1,144,3
5,3,3,3,3,0,1,187,4
5,2,3,3,3,1,1,156,5
5,3,2,2,2,0,1,111,6
5,2,3,3,3,0,0,52,7
5,4,3,3,3,1,1,121,8
5,4,3,3,3,1,0,61,9
5,3,2,3,3,1,1,125,10
5,4,3,3,3,0,1,140,11
5,3,1,2,3,0,0,2,12
5,1,99999,99999,99999,0,1,145,13
5,1,99999,99999,99999,0,1,18,14
5,2,3,3,3,0,0,26,15
5,2,3,3,3,1,0,150,16
5,1,99999,99999,99999,0,0,169,17
5,2,3,3,3,0,0,135,18
5,3,1,3,3,0,0,50,19
5,3,1,2,3,1,1,109,20
5,2,3,3,3,0,0,95,21
5,4,3,3,3,1,1,62,22
5,4,3,3,3,0,1,184,23
5,1,99999,99999,99999,0,1,87,24
5,4,3,3,3,1,1,123,25
5,3,3,3,3,0,1,80,26
5,2,3,3,3,0,0,66,27
5,1,99999,99999,99999,0,1,70,28
5,3,0,0,1,0,0,108,29
5,2,3,3,3,1,1,117,30
5,4,3,3,3,0,0,181,31
5,1,99999,99999,99999,0,1,21,32
5,2,3,2,3,0,1,63,33
5,3,2,3,3,0,0,86,34
5,4,3,3,3,0,0,190,35
5,1,99999,99999,99999,0,1,34,36
5,3,2,2,2,0,1,159,37
5,1,99999,99999,99999,1,1,7,38
5,2,3,3,3,1,1,48,39
5,4,2,3,3,1,1,179,40
5,2,3,3,3,0,0,65,41
5,1,99999,99999,99999,0,1,119,42
5,1,99999,99999,99999,0,0,4,43
5,3,1,2,1,1,1,29,44
5,2,3,3,3,1,1,77,45
5,4,2,2,3,0,0,93,46
5,4,3,3,3,0,0,177,47
5,3,2,3,3,0,1,162,48
5,4,3,3,3,0,1,56,49
5,2,3,3,3,0,1,178,50
5,3,0,1,0,0,1,126,51
5,2,3,3,3,1,1,100,52
5,3,2,3,2,0,0,189,53
5,4,3,3,3,0,0,58,54
5,1,99999,99999,99999,0,1,27,55
5,1,99999,99999,99999,0,1,11,56
5,1,99999,99999,99999,0,1,103,57
5,2,3,3,3,1,0,124,58
5,3,2,2,2,0,0,167,59
5,3,2,2,3,0,1,19,60
5,1,99999,99999,99999,0,0,24,61
5,2,3,3,3,1,1,84,62
5,4,3,3,3,1,1,74,63
5,4,3,3,3,0,1,99,64
5,1,99999,99999,99999,0,1,94,65
5,1,99999,99999,99999,0,1,112,66
5,2,3,3,NaN,0,0,133,67
5,2,3,3,3,0,1,75,68
5,3,3,3,3,1,1,136,69
5,3,3,3,3,0,0,3,70
5,4,3,3,NaN,1,1,98,71
5,4,3,3,NaN,1,1,97,72
5,1,99999,99999,99999,0,0,92,73
5,1,99999,99999,99999,1,1,37,74
5,4,3,3,3,1,1,78,75
5,4,3,3,3,1,1,151,76
5,3,3,3,3,0,1,116,77
5,2,3,3,NaN,1,1,101,78
5,3,2,2,2,0,1,6,79
5,2,3,3,NaN,1,1,192,80
5,2,3,3,3,0,1,57,81
5,3,0,3,0,0,0,82,82
5,2,3,3,3,0,0,9,83
5,1,99999,99999,99999,1,0,28,84
5,1,99999,99999,99999,0,1,17,85
5,4,3,3,3,1,1,131,86
5,3,2,3,3,1,0,69,87
5,4,2,3,3,0,0,180,88
5,4,3,3,3,1,1,182,89
5,1,99999,99999,99999,0,0,137,90
5,2,3,3,3,0,1,142,91
5,3,2,1,3,0,0,30,92
5,1,99999,99999,99999,0,0,168,93
5,4,3,3,3,0,0,174,94
5,3,1,3,2,0,0,91,95
5,2,3,3,3,1,1,90,96
5,3,3,3,3,0,1,113,97
5,3,3,3,3,1,1,104,98
5,2,3,NaN,3,1,1,114,99
5,4,3,3,NaN,0,0,47,100
5,1,99999,99999,99999,1,1,122,101
5,4,3,3,3,1,1,89,102
5,1,99999,99999,99999,0,0,188,103
5,2,3,NaN,NaN,1,1,16,104
5,2,3,NaN,3,0,1,13,105
5,1,99999,99999,99999,1,1,32,106
5,3,2,NaN,2,0,1,76,107
5,4,3,3,3,1,1,31,108
5,3,3,NaN,3,1,1,1,109
5,1,99999,99999,99999,1,0,186,110
5,4,3,3,3,0,1,72,111
5,2,3,NaN,3,0,0,51,112
5,2,3,3,3,0,1,165,113
5,4,1,3,2,0,0,40,114
5,3,0,0,0,0,1,158,115
5,1,99999,99999,99999,0,1,102,116
5,3,2,3,3,0,1,54,117
5,1,99999,99999,99999,0,1,73,118
5,4,3,NaN,3,0,1,60,119
5,2,3,3,NaN,0,1,139,120
5,4,3,3,3,1,1,88,121
5,1,99999,99999,99999,0,0,110,122
5,4,3,NaN,3,1,1,191,123
5,3,1,1,1,0,1,152,124
5,1,99999,99999,99999,0,1,68,125
5,2,NaN,NaN,3,1,1,45,126
5,2,3,NaN,3,0,1,14,127
5,3,3,3,3,0,1,164,128
5,1,99999,99999,99999,0,1,41,129
5,3,2,3,3,0,0,120,130
5,2,3,NaN,3,0,0,118,131
5,1,99999,99999,99999,1,1,170,132
5,2,3,NaN,3,1,1,138,133
5,4,3,3,3,1,1,67,134
5,4,3,3,3,1,1,106,135
5,3,1,1,3,0,0,20,136
5,2,3,3,3,0,1,115,137
5,3,2,2,3,0,1,132,138
5,3,1,2,3,0,1,71,139
5,1,99999,99999,99999,0,0,42,140
5,4,3,3,3,1,1,175,141
5,4,3,3,3,1,1,105,142
5,1,99999,99999,99999,1,1,172,143
5,2,3,3,3,0,0,127,144
5,4,3,3,3,1,1,96,145
5,3,3,3,3,0,0,185,146
5,3,3,3,3,1,1,79,147
5,2,NaN,NaN,3,0,0,46,148
5,1,99999,99999,99999,0,1,173,149
5,4,3,NaN,3,0,0,129,150
5,2,NaN,NaN,3,0,0,155,151
5,1,99999,99999,99999,0,1,163,152
5,4,3,3,3,1,1,81,153
5,3,3,3,3,1,0,183,154
5,2,3,NaN,NaN,0,1,36,155
5,4,3,3,2,0,1,166,156
5,2,3,NaN,NaN,1,1,141,157
5,1,99999,99999,99999,0,0,171,158
5,1,99999,99999,99999,0,1,161,159
5,3,3,3,3,0,0,59,160
5,2,NaN,3,NaN,0,1,149,161
5,4,NaN,3,3,0,0,85,162
5,4,3,3,3,0,0,128,163
5,3,3,3,3,0,0,130,164
5,1,99999,99999,99999,0,0,53,165
5,2,NaN,3,NaN,1,1,38,166
5,1,99999,99999,99999,0,1,146,167
5,3,3,3,3,1,1,10,168
5,2,3,NaN,3,1,1,35,169
5,3,3,3,3,0,1,160,170
5,4,3,3,3,0,1,143,171
5,2,3,3,3,0,1,134,172
5,3,3,3,3,1,1,12,173
5,1,99999,99999,99999,1,1,23,174
5,4,NaN,3,3,1,1,25,175
5,1,99999,99999,99999,0,0,147,176
5,4,3,NaN,3,0,1,83,177
5,3,3,NaN,3,1,1,176,178
5,4,3,NaN,NaN,1,1,49,179
5,3,3,2,3,1,1,157,180
5,1,99999,99999,99999,1,1,148,181
5,2,NaN,NaN,NaN,0,1,8,182
5,1,99999,99999,99999,0,0,43,183
5,2,NaN,NaN,NaN,0,1,64,184
5,4,3,3,NaN,0,1,22,185
5,2,3,NaN,NaN,0,0,153,186
5,1,99999,99999,99999,0,0,55,187
5,3,3,NaN,3,1,1,33,188
5,2,3,3,NaN,0,0,107,189
5,1,99999,99999,99999,1,1,44,190
5,3,3,NaN,NaN,0,1,154,191
5,4,3,3,3,1,1,5,192
6,1,99999,99999,99999,1,1,144,1
6,3,2,2,2,1,1,156,2
6,2,3,3,3,0,1,39,3
6,1,99999,99999,99999,1,1,121,4
6,3,3,2,2,0,1,52,5
6,4,3,3,3,0,1,187,6
6,2,3,3,3,1,1,15,7
6,4,2,2,2,0,1,111,8
6,1,99999,99999,99999,0,0,140,9
6,3,2,2,2,1,1,26,10
6,4,3,3,3,1,1,125,11
6,2,3,3,3,1,1,145,12
6,4,3,3,NaN,1,1,2,13
6,3,3,3,3,0,1,150,14
6,2,3,3,3,0,0,18,15
6,1,99999,99999,99999,0,0,61,16
6,2,3,3,3,0,1,169,17
6,4,3,3,3,1,1,109,18
6,2,3,3,3,0,1,87,19
6,3,2,2,2,0,0,135,20
6,1,99999,99999,99999,0,1,184,21
6,3,2,2,2,1,1,95,22
6,4,3,3,3,0,1,50,23
6,1,99999,99999,99999,0,1,62,24
6,2,3,3,3,1,1,21,25
6,3,3,3,3,1,1,117,26
6,1,99999,99999,99999,1,1,181,27
6,1,99999,99999,99999,0,1,123,28
6,4,2,3,3,0,1,108,29
6,4,3,3,3,1,1,80,30
6,3,2,2,2,0,1,66,31
6,2,3,3,3,0,1,70,32
6,2,3,3,3,1,1,7,33
6,4,3,3,3,1,1,86,34
6,4,3,3,3,0,0,159,35
6,2,3,2,3,1,1,34,36
6,3,3,3,3,1,1,48,37
6,1,99999,99999,99999,0,0,190,38
6,3,2,3,3,0,1,63,39
6,1,99999,99999,99999,0,1,179,40
6,3,3,3,3,1,1,77,41
6,1,99999,99999,99999,1,1,177,42
6,3,3,3,3,0,1,65,43
6,2,2,3,3,0,1,119,44
6,1,99999,99999,99999,0,1,93,45
6,4,3,3,3,1,1,29,46
6,4,3,3,3,0,1,162,47
6,2,3,3,3,0,1,4,48
6,2,3,3,3,0,1,11,49
6,3,3,3,3,1,1,100,50
6,4,2,3,3,0,1,126,51
6,1,99999,99999,99999,0,0,58,52
6,1,99999,99999,99999,0,0,56,53
6,2,3,3,3,1,1,27,54
6,3,2,3,3,0,1,178,55
6,4,3,3,3,1,1,189,56
6,2,3,3,3,0,1,24,57
6,3,3,3,3,1,1,124,58
6,3,3,3,3,1,1,84,59
6,1,99999,99999,99999,1,1,74,60
6,4,3,3,3,1,1,19,61
6,4,3,3,3,1,1,167,62
6,1,99999,99999,99999,0,1,99,63
6,2,3,3,3,1,1,103,64
6,2,3,3,3,1,1,112,65
6,3,3,3,3,1,1,133,66
6,4,3,3,3,1,1,136,67
6,1,99999,99999,99999,1,1,97,68
6,4,3,3,3,1,1,3,69
6,2,3,3,3,0,1,94,70
6,3,2,2,2,0,1,75,71
6,1,99999,99999,99999,0,0,98,72
6,2,3,3,3,1,1,92,73
6,1,99999,99999,99999,1,1,78,74
6,3,3,3,3,1,1,192,75
6,3,2,2,2,1,1,101,76
6,4,2,2,2,1,1,6,77
6,1,99999,99999,99999,1,1,151,78
6,4,3,3,3,0,1,116,79
6,2,3,3,3,0,1,37,80
6,3,3,3,3,0,0,9,81
6,1,99999,99999,99999,0,1,180,82
6,2,3,3,3,0,1,17,83
6,4,3,3,3,1,1,82,84
6,4,3,3,3,1,1,69,85
6,2,3,3,3,1,1,28,86
6,3,2,2,2,1,1,57,87
6,1,99999,99999,99999,0,1,131,88
6,1,99999,99999,99999,1,1,182,89
6,3,3,3,3,1,1,90,90
6,4,3,3,3,1,1,30,91
6,2,3,3,3,1,1,168,92
6,1,99999,99999,99999,0,1,174,93
6,2,3,3,3,1,1,137,94
6,4,3,3,3,0,1,91,95
6,3,2,2,2,0,1,142,96
6,2,3,3,3,1,1,122,97
6,1,99999,99999,99999,1,1,89,98
6,1,99999,99999,99999,0,0,47,99
6,2,3,3,3,1,1,188,100
6,3,2,2,2,1,1,16,101
6,3,2,2,2,1,1,114,102
6,4,3,3,3,1,1,104,103
6,4,3,3,3,1,1,113,104
6,2,3,3,3,1,1,186,105
6,3,3,3,3,0,1,51,106
6,1,99999,99999,99999,1,1,31,107
6,4,3,3,3,0,1,1,108
6,1,99999,99999,99999,0,1,72,109
6,3,2,2,2,0,1,13,110
6,4,3,3,3,0,1,76,111
6,2,3,3,3,1,1,32,112
6,3,2,2,2,1,1,139,113
6,4,3,3,3,0,1,158,114
6,2,3,3,3,1,1,102,115
6,2,3,3,NaN,0,0,73,116
6,4,3,3,3,0,1,54,117
6,1,99999,99999,99999,0,1,60,118
6,1,99999,99999,99999,0,0,40,119
6,3,2,3,3,1,1,165,120
6,1,99999,99999,99999,0,1,88,121
6,3,2,3,3,1,1,14,122
6,2,3,3,3,1,1,68,123
6,4,3,3,3,1,1,152,124
6,3,2,3,3,0,1,45,125
6,1,99999,99999,99999,1,1,191,126
6,4,3,3,3,1,1,164,127
6,2,2,3,3,0,1,110,128
6,4,3,3,3,1,0,120,129
6,2,3,3,3,1,1,170,130
6,1,99999,99999,99999,0,1,67,131
6,3,3,3,3,1,1,138,132
6,4,3,3,3,0,1,20,133
6,1,99999,99999,99999,0,1,106,134
6,3,2,1,1,0,1,118,135
6,2,3,3,3,0,1,41,136
6,1,99999,99999,99999,1,1,175,137
6,1,99999,99999,99999,0,1,105,138
6,2,3,3,3,0,0,42,139
6,2,3,3,3,1,1,172,140
6,4,3,3,3,0,1,71,141
6,3,NaN,3,3,0,1,127,142
6,3,2,1,2,0,1,115,143
6,4,3,3,3,0,0,132,144
6,4,3,3,3,1,1,185,145
6,2,2,2,3,0,0,163,146
6,3,2,3,2,0,0,155,147
6,1,99999,99999,99999,0,1,129,148
6,4,3,3,3,1,1,79,149
6,2,3,3,3,1,1,173,150
6,3,1,2,2,0,1,46,151
6,1,99999,99999,99999,1,1,96,152
6,1,99999,99999,99999,0,1,166,153
6,3,3,3,NaN,1,1,141,154
6,4,3,3,3,1,1,183,155
6,4,3,3,3,1,1,59,156
6,1,99999,99999,99999,1,1,81,157
6,2,3,3,3,0,1,171,158
6,2,3,3,3,1,1,161,159
6,3,2,2,2,0,1,36,160
6,3,3,3,3,1,1,38,161
6,4,3,3,3,0,1,130,162
6,4,3,3,3,0,0,10,163
6,1,99999,99999,99999,0,1,85,164
6,1,99999,99999,99999,0,1,128,165
6,2,3,3,3,0,1,53,166
6,3,2,2,3,1,1,149,167
6,2,3,3,3,1,1,146,168
6,4,3,3,3,1,1,12,169
6,1,99999,99999,99999,1,1,25,170
6,4,2,2,2,0,1,160,171
6,2,3,3,3,0,1,147,172
6,3,3,3,3,1,1,134,173
6,2,3,3,3,1,1,23,174
6,3,3,3,3,1,1,35,175
6,1,99999,99999,99999,0,1,143,176
6,4,3,3,3,1,1,176,177
6,2,3,3,3,1,1,43,178
6,4,3,3,3,1,1,157,179
6,1,99999,99999,99999,0,1,83,180
6,2,3,3,3,1,1,148,181
6,3,2,3,3,1,1,8,182
6,3,3,3,3,0,1,64,183
6,1,99999,99999,99999,1,1,49,184
6,4,3,3,3,1,1,33,185
6,2,3,3,3,0,1,55,186
6,1,99999,99999,99999,0,1,22,187
6,4,3,3,3,0,1,154,188
6,3,2,2,2,0,0,153,189
6,2,3,3,3,1,1,44,190
6,3,2,3,3,1,1,107,191
6,1,99999,99999,99999,1,1,5,192
7,2,3,3,3,0,0,52,1
7,2,3,3,3,1,1,156,2
7,3,0,0,0,0,1,111,3
7,1,99999,99999,99999,0,0,39,4
7,3,0,0,0,0,0,187,5
7,4,3,3,3,0,0,121,6
7,4,2,3,3,1,0,144,7
7,1,99999,99999,99999,0,0,15,8
7,4,2,3,3,1,0,61,9
7,3,0,0,0,0,0,125,10
7,1,99999,99999,99999,0,0,18,11
7,1,99999,99999,99999,0,0,145,12
7,2,3,3,3,0,0,150,13
7,2,3,3,3,0,0,26,14
7,4,3,3,3,1,1,140,15
7,3,0,0,0,0,0,2,16
7,2,3,3,3,0,0,95,17
7,3,0,0,0,0,1,50,18
7,1,99999,99999,99999,0,1,169,19
7,4,3,3,3,0,1,62,20
7,1,99999,99999,99999,0,1,87,21
7,4,2,3,3,0,1,184,22
7,3,0,0,0,0,1,109,23
7,2,2,3,3,0,0,135,24
7,4,2,3,3,0,0,181,25
7,2,3,3,3,0,0,117,26
7,2,3,3,3,0,0,66,27
7,3,0,0,0,0,0,80,28
7,4,3,3,3,1,1,123,29
7,3,0,0,0,0,0,108,30
7,1,99999,99999,99999,0,1,21,31
7,1,99999,99999,99999,0,0,70,32
7,3,0,0,0,0,0,86,33
7,1,99999,99999,99999,1,0,7,34
7,3,0,0,0,0,1,159,35
7,4,3,3,3,1,1,190,36
7,4,2,2,2,0,0,179,37
7,1,99999,99999,99999,0,1,34,38
7,2,3,3,3,1,0,48,39
7,2,3,3,3,0,1,63,40
7,1,99999,99999,99999,0,1,4,41
7,2,3,3,3,1,1,65,42
7,4,2,3,3,0,0,93,43
7,1,99999,99999,99999,0,1,119,44
7,2,3,3,3,1,1,77,45
7,3,0,0,0,0,1,162,46
7,3,0,0,0,0,1,29,47
7,4,2,3,3,1,1,177,48
7,1,99999,99999,99999,0,1,11,49
7,1,99999,99999,99999,1,1,27,50
7,4,3,3,3,0,1,58,51
7,2,3,3,3,0,0,178,52
7,4,3,3,3,0,0,56,53
7,2,3,3,3,1,1,100,54
7,3,0,0,0,0,1,189,55
7,3,0,0,0,0,1,126,56
7,1,99999,99999,99999,0,0,24,57
7,4,3,3,3,0,1,99,58
7,2,3,3,3,0,0,124,59
7,3,0,0,0,0,1,167,60
7,4,3,3,3,1,1,74,61
7,1,99999,99999,99999,0,0,103,62
7,2,3,3,3,1,1,84,63
7,3,0,0,0,0,1,19,64
7,4,3,3,3,1,1,97,65
7,3,0,3,0,0,1,136,66
7,1,99999,99999,99999,1,1,112,67
7,2,3,3,3,1,1,133,68
7,1,99999,99999,99999,0,1,94,69
7,4,3,3,3,1,1,98,70
7,3,0,0,0,0,1,3,71
7,2,3,3,3,0,1,75,72
7,1,99999,99999,99999,1,1,37,73
7,3,0,0,0,0,1,116,74
7,4,3,3,3,1,1,78,75
7,2,3,3,NaN,1,1,192,76
7,1,99999,99999,99999,1,1,92,77
7,3,0,0,0,0,1,6,78
7,4,2,3,3,1,0,151,79
7,2,3,3,3,0,0,101,80
7,4,3,3,3,1,1,131,81
7,2,3,3,3,0,0,9,82
7,3,0,0,0,0,1,82,83
7,3,0,0,0,0,1,69,84
7,1,99999,99999,99999,0,0,17,85
7,2,3,3,3,1,1,57,86
7,1,99999,99999,99999,0,1,28,87
7,4,3,3,3,0,1,180,88
7,1,99999,99999,99999,0,1,168,89
7,1,99999,99999,99999,0,1,137,90
7,2,3,3,3,0,1,142,91
7,3,0,0,0,0,1,91,92
7,4,3,2,2,0,1,174,93
7,3,0,0,0,1,1,30,94
7,4,3,3,3,0,1,182,95
7,2,3,3,3,1,1,90,96
7,2,3,3,3,1,1,16,97
7,1,99999,99999,99999,0,1,188,98
7,2,3,3,3,0,1,114,99
7,4,3,3,3,1,1,47,100
7,4,3,2,2,1,1,89,101
7,3,0,0,0,0,1,113,102
7,3,0,0,0,0,1,104,103
7,1,99999,99999,99999,1,1,122,104
7,4,2,2,2,1,1,72,105
7,3,0,0,0,0,1,1,106
7,3,0,0,0,0,1,76,107
7,4,3,3,3,0,1,31,108
7,2,3,3,3,1,1,13,109
7,1,99999,99999,99999,1,1,186,110
7,2,3,3,3,0,1,51,111
7,1,99999,99999,99999,1,1,32,112
7,4,2,3,2,1,1,60,113
7,1,99999,99999,99999,0,1,73,114
7,2,3,3,3,0,1,139,115
7,3,0,0,0,0,0,54,116
7,4,1,2,3,0,0,40,117
7,3,0,0,0,0,1,158,118
7,2,3,3,3,1,1,165,119
7,1,99999,99999,99999,0,0,102,120
7,4,3,3,3,1,1,191,121
7,2,3,3,3,0,1,45,122
7,4,2,2,2,0,1,88,123
7,1,99999,99999,99999,0,1,68,124
7,2,3,3,3,0,0,14,125
7,1,99999,99999,99999,0,0,110,126
7,3,0,0,0,1,1,164,127
7,3,0,0,0,0,1,152,128
7,4,3,2,2,1,1,67,129
7,2,3,3,3,1,1,138,130
7,1,99999,99999,99999,0,0,41,131
7,3,0,0,0,0,0,120,132
7,3,0,0,0,1,1,20,133
7,4,3,3,3,0,1,106,134
7,1,99999,99999,99999,0,0,170,135
7,2,3,3,3,0,1,118,136
7,3,0,0,0,0,0,71,137
7,3,0,0,0,0,1,132,138
7,2,2,3,3,0,0,115,139
7,4,3,3,3,1,1,175,140
7,2,3,3,3,1,1,127,141
7,4,1,1,1,0,1,105,142
7,1,99999,99999,99999,0,0,172,143
7,1,99999,99999,99999,0,0,42,144
7,4,3,3,3,1,1,96,145
7,2,3,3,3,0,0,155,146
7,2,3,3,3,0,0,46,147
7,4,3,3,3,1,1,129,148
7,3,0,0,0,0,0,185,149
7,3,0,0,0,0,1,79,150
7,1,99999,99999,99999,0,1,173,151
7,1,99999,99999,99999,0,1,163,152
7,2,3,3,3,0,1,36,153
7,3,0,0,0,0,0,183,154
7,2,3,3,3,0,1,141,155
7,1,99999,99999,99999,0,1,171,156
7,3,0,0,0,0,1,59,157
7,4,3,3,3,0,1,81,158
7,1,99999,99999,99999,0,1,161,159
7,4,3,2,2,0,1,166,160
7,1,99999,99999,99999,0,1,53,161
7,2,3,3,3,0,1,149,162
7,1,99999,99999,99999,0,1,146,163
7,4,3,3,3,0,1,128,164
7,3,0,0,NaN,0,0,10,165
7,4,3,3,3,0,1,85,166
7,3,0,0,0,0,1,130,167
7,2,3,3,3,1,1,38,168
7,1,99999,99999,99999,0,1,23,169
7,1,99999,99999,99999,0,1,147,170
7,2,3,3,3,0,0,134,171
7,2,3,3,3,1,1,35,172
7,4,3,3,3,0,1,143,173
7,3,0,3,0,0,1,160,174
7,4,3,3,3,1,1,25,175
7,3,0,0,0,1,1,12,176
7,3,0,0,0,1,1,157,177
7,1,99999,99999,99999,1,0,148,178
7,1,99999,99999,99999,0,1,43,179
7,3,0,0,0,0,1,176,180
7,2,3,3,NaN,0,1,64,181
7,4,3,3,3,1,1,49,182
7,2,3,3,3,0,1,8,183
7,4,2,2,3,0,1,83,184
7,4,3,3,3,1,1,5,185
7,2,3,NaN,NaN,1,1,107,186
7,3,0,0,0,0,1,154,187
7,1,99999,99999,99999,0,1,55,188
7,2,3,3,3,0,1,153,189
7,4,2,2,3,0,0,22,190
7,1,99999,99999,99999,1,1,44,191
7,3,0,NaN,0,0,0,33,192
8,4,NaN,2,3,0,1,111,1
8,2,3,3,3,1,0,15,2
8,4,3,3,3,0,0,187,3
8,3,2,2,1,1,1,156,4
8,1,99999,99999,99999,0,1,144,5
8,1,99999,99999,99999,1,1,121,6
8,3,1,2,2,0,0,52,7
8,2,3,3,3,0,1,39,8
8,3,2,2,2,0,1,26,9
8,2,3,2,3,1,1,145,10
8,2,3,3,3,1,1,18,11
8,1,99999,99999,99999,1,1,140,12
8,4,2,2,2,0,1,125,13
8,1,99999,99999,99999,0,1,61,14
8,4,3,2,2,1,1,2,15
8,3,2,3,3,0,1,150,16
8,2,3,2,3,0,0,169,17
8,1,99999,99999,99999,0,1,184,18
8,4,3,3,3,0,1,50,19
8,3,1,1,1,0,1,135,20
8,4,2,3,3,1,1,109,21
8,1,99999,99999,99999,0,1,62,22
8,3,3,3,3,1,1,95,23
8,2,3,3,3,0,0,87,24
8,4,2,1,1,0,0,80,25
8,1,99999,99999,99999,0,1,123,26
8,2,3,3,3,0,1,21,27
8,4,1,2,2,0,0,108,28
8,3,1,2,2,0,0,117,29
8,1,99999,99999,99999,1,1,181,30
8,2,3,3,3,0,1,70,31
8,3,2,1,2,0,0,66,32
8,1,99999,99999,99999,1,0,179,33
8,3,1,1,1,1,1,48,34
8,3,1,1,1,0,1,63,35
8,4,1,1,1,0,1,159,36
8,2,3,3,3,0,1,34,37
8,4,3,3,3,0,0,86,38
8,1,99999,99999,99999,0,0,190,39
8,2,2,3,3,1,0,7,40
8,3,1,1,1,0,1,65,41
8,3,2,2,1,0,1,77,42
8,1,99999,99999,99999,0,1,93,43
8,4,1,2,2,0,0,162,44
8,2,3,3,3,0,0,4,45
8,1,99999,99999,99999,0,0,177,46
8,4,2,2,2,0,1,29,47
8,2,3,3,3,0,1,119,48
8,2,3,3,3,1,1,27,49
8,4,2,3,3,0,1,126,50
8,1,99999,99999,99999,0,1,56,51
8,4,3,3,3,0,1,189,52
8,2,3,3,3,0,1,11,53
8,3,2,2,3,1,0,100,54
8,1,99999,99999,99999,0,0,58,55
8,3,2,1,1,0,1,178,56
8,2,3,3,3,1,1,103,57
8,1,99999,99999,99999,0,1,99,58
8,4,2,3,3,0,0,167,59
8,1,99999,99999,99999,1,1,74,60
8,3,3,3,3,0,1,84,61
8,3,3,3,3,0,1,124,62
8,4,3,2,3,1,1,19,63
8,2,3,3,3,0,0,24,64
8,2,3,3,3,0,1,94,65
8,3,1,2,3,1,0,133,66
8,3,2,3,3,0,1,75,67
8,1,99999,99999,99999,1,1,97,68
8,4,3,3,3,1,1,136,69
8,2,3,3,3,0,1,112,70
8,1,99999,99999,99999,1,1,98,71
8,4,3,3,NaN,1,1,3,72
8,3,2,3,3,1,1,192,73
8,4,3,2,3,0,1,116,74
8,2,3,3,3,1,1,92,75
8,1,99999,99999,99999,0,0,151,76
8,4,2,2,3,0,1,6,77
8,3,3,1,2,0,1,101,78
8,1,99999,99999,99999,0,0,78,79
8,2,3,3,3,0,0,37,80
8,2,3,3,3,0,0,17,81
8,3,2,NaN,1,0,0,57,82
8,2,3,3,3,0,1,28,83
8,1,99999,99999,99999,0,0,131,84
8,4,2,3,3,0,1,82,85
8,4,3,3,3,1,1,69,86
8,3,1,NaN,1,0,0,9,87
8,1,99999,99999,99999,0,0,180,88
8,1,99999,99999,99999,1,1,182,89
8,2,3,3,NaN,0,0,137,90
8,3,3,3,3,0,1,90,91
8,1,99999,99999,99999,0,0,174,92
8,2,3,NaN,3,0,1,168,93
8,3,1,NaN,3,1,1,142,94
8,4,2,2,2,1,1,30,95
8,4,2,2,2,0,0,91,96
8,2,3,3,NaN,0,0,188,97
8,2,NaN,2,3,0,1,122,98
8,1,99999,99999,99999,0,0,47,99
8,3,2,2,3,1,1,16,100
8,4,3,3,3,0,1,104,101
8,4,3,3,3,0,1,113,102
8,3,3,2,3,0,1,114,103
8,1,99999,99999,99999,1,1,89,104
8,2,NaN,3,3,1,1,186,105
8,4,3,3,2,0,1,76,106
8,1,99999,99999,99999,0,1,72,107
8,1,99999,99999,99999,0,1,31,108
8,3,3,3,2,0,0,51,109
8,3,3,2,1,0,0,13,110
8,4,2,3,3,0,1,1,111
8,2,3,3,3,1,0,32,112
8,3,2,2,3,0,0,139,113
8,1,99999,99999,99999,1,1,60,114
8,4,3,2,3,0,1,54,115
8,1,99999,99999,99999,0,0,40,116
8,4,2,3,2,0,1,158,117
8,2,3,2,3,0,1,102,118
8,2,3,NaN,NaN,0,0,73,119
8,3,2,3,3,0,1,165,120
8,2,3,3,3,1,1,68,121
8,4,3,3,3,0,1,164,122
8,3,2,3,NaN,0,0,45,123
8,2,3,3,3,0,0,110,124
8,4,2,NaN,3,0,1,152,125
8,1,99999,99999,99999,0,1,88,126
8,1,99999,99999,99999,0,1,191,127
8,3,2,3,3,0,1,14,128
8,2,3,3,3,0,1,41,129
8,2,3,3,3,1,1,170,130
8,4,3,2,3,1,1,20,131
8,3,2,3,3,1,1,138,132
8,1,99999,99999,99999,0,1,67,133
8,3,1,2,2,0,1,118,134
8,4,3,3,NaN,0,0,120,135
8,1,99999,99999,99999,0,1,106,136
8,3,2,3,3,0,1,115,137
8,4,2,3,3,1,1,132,138
8,2,3,3,NaN,0,0,42,139
8,1,99999,99999,99999,0,1,175,140
8,3,2,3,3,0,1,127,141
8,2,3,3,3,0,1,172,142
8,1,99999,99999,99999,0,0,105,143
8,4,3,3,3,0,1,71,144
8,2,3,3,3,0,0,173,145
8,1,99999,99999,99999,0,1,96,146
8,3,2,1,3,0,1,46,147
8,4,3,3,3,0,0,185,148
8,1,99999,99999,99999,1,1,129,149
8,4,3,3,3,1,1,79,150
8,3,1,3,NaN,0,0,155,151
8,2,2,2,3,0,1,163,152
8,3,2,NaN,NaN,0,1,36,153
8,4,3,3,3,0,0,183,154
8,2,3,3,NaN,0,1,161,155
8,4,3,NaN,3,0,0,59,156
8,1,99999,99999,99999,0,1,166,157
8,2,3,3,3,0,0,171,158
8,3,2,2,3,0,1,141,159
8,1,99999,99999,99999,0,0,81,160
8,3,3,3,3,1,1,38,161
8,1,99999,99999,99999,0,1,85,162
8,4,3,3,3,0,0,130,163
8,3,3,3,3,0,1,149,164
8,2,3,3,3,0,1,53,165
8,2,3,3,3,1,1,146,166
8,4,2,3,3,1,1,10,167
8,1,99999,99999,99999,0,0,128,168
8,3,3,3,3,0,1,134,169
8,2,NaN,3,3,0,0,23,170
8,1,99999,99999,99999,1,1,25,171
8,4,3,3,3,0,0,160,172
8,3,3,3,3,0,1,35,173
8,1,99999,99999,99999,0,0,143,174
8,2,3,3,3,1,0,147,175
8,4,3,3,3,1,1,12,176
8,3,3,3,3,1,1,64,177
8,1,99999,99999,99999,0,1,49,178
8,1,99999,99999,99999,0,0,83,179
8,2,3,3,3,1,1,43,180
8,3,3,2,3,0,1,8,181
8,2,3,3,3,1,0,148,182
8,4,NaN,3,3,1,1,176,183
8,4,3,3,3,1,1,157,184
8,1,99999,99999,99999,1,0,5,185
8,4,NaN,3,3,0,1,154,186
8,4,3,2,2,0,0,33,187
8,3,3,3,2,0,1,153,188
8,2,3,3,3,0,1,55,189
8,3,3,3,3,0,0,107,190
8,2,3,3,3,1,1,44,191
8,1,99999,99999,99999,0,1,22,192
9,3,1,1,1,1,0,15,1
9,1,99999,99999,99999,0,0,111,2
9,2,3,3,NaN,1,0,144,3
9,4,2,2,2,0,0,52,4
9,3,1,1,1,0,0,39,5
9,4,2,1,1,1,0,156,6
9,1,99999,99999,99999,0,0,187,7
9,2,3,3,3,1,0,121,8
9,1,99999,99999,99999,0,1,2,9
9,1,99999,99999,99999,0,0,125,10
9,3,1,1,1,0,0,18,11
9,2,3,3,3,0,0,61,12
9,3,0,1,1,0,0,145,13
9,2,3,3,3,1,0,140,14
9,4,3,3,3,1,0,26,15
9,4,3,3,3,0,0,150,16
9,4,3,3,3,1,0,95,17
9,2,3,3,3,0,0,184,18
9,3,1,1,1,0,1,87,19
9,2,3,3,3,1,0,62,20
9,1,99999,99999,99999,1,0,50,21
9,1,99999,99999,99999,1,1,109,22
9,3,0,1,1,0,0,169,23
9,4,1,2,2,0,0,135,24
9,1,99999,99999,99999,0,0,80,25
9,1,99999,99999,99999,0,0,108,26
9,3,1,1,1,0,0,70,27
9,4,3,3,3,0,0,117,28
9,4,NaN,3,3,0,1,66,29
9,2,3,3,3,1,0,181,30
9,2,3,3,3,0,0,123,31
9,3,NaN,0,1,0,0,21,32
9,2,3,3,3,1,1,179,33
9,2,3,3,3,0,0,190,34
9,4,3,3,3,1,0,63,35
9,4,3,3,3,1,0,48,36
9,3,0,0,0,1,0,7,37
9,3,1,1,1,0,0,34,38
9,1,99999,99999,99999,0,0,159,39
9,1,99999,99999,99999,0,0,86,40
9,3,0,0,0,0,0,119,41
9,1,99999,99999,99999,0,0,29,42
9,4,3,3,3,1,0,77,43
9,2,3,3,3,0,0,93,44
9,2,3,NaN,3,1,0,177,45
9,4,3,3,3,0,0,65,46
9,3,1,1,1,1,0,4,47
9,1,99999,99999,99999,0,0,162,48
9,3,0,0,0,1,0,27,49
9,2,2,3,3,0,0,56,50
9,1,99999,99999,99999,0,0,189,51
9,4,2,2,3,0,0,178,52
9,3,1,1,2,0,0,11,53
9,2,3,3,3,0,1,58,54
9,1,99999,99999,99999,0,0,126,55
9,4,3,3,3,1,0,100,56
9,3,0,0,0,1,0,103,57
9,1,99999,99999,99999,0,1,167,58
9,1,99999,99999,99999,0,1,19,59
9,4,3,3,3,1,0,124,60
9,2,3,3,3,0,0,99,61
9,2,3,3,3,1,0,74,62
9,4,2,NaN,3,1,0,84,63
9,3,1,1,1,0,1,24,64
9,1,99999,99999,99999,1,0,3,65
9,2,3,3,3,1,0,97,66
9,4,2,2,1,1,0,75,67
9,4,3,3,3,1,0,133,68
9,3,0,1,0,0,1,94,69
9,3,0,0,0,1,0,112,70
9,2,3,3,3,1,0,98,71
9,1,99999,99999,99999,0,0,136,72
9,1,99999,99999,99999,0,0,6,73
9,3,0,1,1,1,0,37,74
9,2,3,3,NaN,1,0,78,75
9,4,2,2,2,1,0,101,76
9,1,99999,99999,99999,0,0,116,77
9,2,3,3,3,1,0,151,78
9,4,3,3,3,1,0,192,79
9,3,0,0,0,1,0,92,80
9,2,3,3,3,1,0,131,81
9,3,1,1,1,0,0,17,82
9,2,3,3,3,0,0,180,83
9,3,0,0,0,1,0,28,84
9,1,99999,99999,99999,1,0,69,85
9,4,3,3,3,0,0,9,86
9,1,99999,99999,99999,1,0,82,87
9,4,2,2,2,1,0,57,88
9,2,3,NaN,3,0,0,182,89
9,4,3,3,3,1,0,90,90
9,1,99999,99999,99999,1,0,30,91
9,3,0,0,0,1,0,137,92
9,1,99999,99999,99999,0,0,91,93
9,4,2,3,2,0,1,142,94
9,3,0,0,0,0,1,168,95
9,2,3,3,3,0,0,174,96
9,3,1,2,0,1,0,188,97
9,1,99999,99999,99999,0,0,113,98
9,2,3,3,3,0,1,47,99
9,4,2,3,3,1,0,114,100
9,1,99999,99999,99999,1,0,104,101
9,4,3,0,3,1,0,16,102
9,3,0,0,0,1,0,122,103
9,2,3,3,3,1,0,89,104
9,3,1,0,0,1,0,186,105
9,3,0,0,0,1,0,32,106
9,4,3,0,3,0,0,13,107
9,2,3,3,0,1,0,31,108
9,1,99999,99999,99999,1,0,1,109
9,1,99999,99999,99999,0,1,76,110
9,4,3,3,3,0,0,51,111
9,2,3,3,3,0,0,72,112
9,2,3,3,3,0,0,40,113
9,2,3,3,3,1,0,60,114
9,3,0,0,0,0,0,102,115
9,4,0,1,0,0,0,139,116
9,1,99999,99999,99999,0,0,54,117
9,4,3,3,3,1,0,165,118
9,1,99999,99999,99999,0,0,158,119
9,3,0,0,1,0,0,73,120
9,4,2,1,0,0,0,45,121
9,1,99999,99999,99999,0,0,152,122
9,2,3,3,3,0,0,88,123
9,1,99999,99999,99999,1,0,164,124
9,3,NaN,0,0,0,0,110,125
9,4,3,3,3,1,0,14,126
9,2,3,NaN,3,0,0,191,127
9,3,0,0,0,0,0,68,128
9,4,1,2,2,0,0,118,129
9,2,3,3,3,1,0,106,130
9,1,99999,99999,99999,0,0,20,131
9,4,1,3,3,1,0,138,132
9,2,3,3,3,0,0,67,133
9,3,0,0,0,0,0,41,134
9,3,0,3,3,1,0,170,135
9,1,99999,99999,99999,0,0,120,136
9,3,0,0,0,0,0,172,137
9,4,1,3,3,0,0,127,138
9,2,0,3,3,0,0,105,139
9,3,0,0,0,0,0,42,140
9,4,3,3,3,0,0,115,141
9,2,3,3,3,0,0,175,142
9,1,99999,99999,99999,0,0,71,143
9,1,99999,99999,99999,0,0,132,144
9,3,0,0,0,1,0,163,145
9,2,3,3,3,0,1,96,146
9,4,3,3,3,0,1,155,147
9,1,99999,99999,99999,0,0,185,148
9,1,99999,99999,99999,1,0,79,149
9,2,3,3,3,0,0,129,150
9,4,1,3,3,0,0,46,151
9,3,0,0,0,0,0,173,152
9,1,99999,99999,99999,0,0,183,153
9,3,0,0,0,0,0,171,154
9,4,3,3,3,0,0,36,155
9,2,3,3,3,1,0,81,156
9,4,3,3,3,0,0,141,157
9,3,0,0,0,0,1,161,158
9,2,3,3,3,0,0,166,159
9,1,99999,99999,99999,0,0,59,160
9,3,NaN,0,0,0,0,53,161
9,2,3,3,3,0,0,85,162
9,3,0,0,0,1,0,146,163
9,1,99999,99999,99999,0,0,130,164
9,2,1,3,3,0,0,128,165
9,1,99999,99999,99999,0,1,10,166
9,4,1,3,2,0,0,149,167
9,4,3,3,3,1,0,38,168
9,3,0,0,0,1,0,23,169
9,4,3,3,3,1,0,134,170
9,1,99999,99999,99999,0,0,160,171
9,2,3,3,3,0,0,143,172
9,1,99999,99999,99999,1,0,12,173
9,2,3,3,3,1,0,25,174
9,3,0,0,0,0,0,147,175
9,4,3,3,3,1,0,35,176
9,1,99999,99999,99999,0,1,157,177
9,4,3,3,3,0,0,64,178
9,4,3,3,3,1,0,8,179
9,2,3,3,NaN,0,0,83,180
9,2,3,3,NaN,1,0,49,181
9,3,0,0,1,0,0,43,182
9,3,0,0,0,1,0,148,183
9,1,99999,99999,99999,1,0,176,184
9,4,1,3,3,0,0,153,185
9,3,0,0,1,1,0,55,186
9,4,3,3,3,1,0,107,187
9,1,99999,99999,99999,1,0,154,188
9,3,0,0,0,0,1,44,189
9,2,3,3,3,1,0,22,190
9,2,3,3,3,1,0,5,191
9,1,99999,99999,99999,1,0,33,192
10,3,1,1,1,0,1,111,1
10,2,3,3,3,1,1,156,2
10,1,99999,99999,99999,1,1,15,3
10,4,3,3,3,1,1,121,4
10,3,1,1,2,0,0,187,5
10,2,3,3,3,0,0,52,6
10,1,99999,99999,99999,0,1,39,7
10,4,1,2,2,0,1,144,8
10,2,3,3,3,0,1,26,9
10,3,1,1,1,1,1,125,10
10,2,3,3,3,0,1,150,11
10,1,99999,99999,99999,0,0,145,12
10,1,99999,99999,99999,0,1,18,13
10,4,3,3,3,0,0,61,14
10,4,2,3,1,1,1,140,15
10,3,1,2,2,1,0,2,16
10,4,3,3,3,1,1,62,17
10,3,1,1,2,1,1,50,18
10,4,3,3,3,0,1,184,19
10,2,3,3,3,0,0,135,20
10,1,99999,99999,99999,0,0,87,21
10,1,99999,99999,99999,0,0,169,22
10,2,3,3,3,0,1,95,23
10,3,2,1,1,1,1,109,24
10,4,3,3,3,0,1,123,25
10,2,3,3,3,0,1,117,26
10,1,99999,99999,99999,0,1,70,27
10,3,1,0,0,0,0,108,28
10,3,2,2,2,1,1,80,29
10,2,3,3,3,0,1,66,30
10,1,99999,99999,99999,1,1,21,31
10,4,3,3,3,0,1,181,32
10,3,1,1,1,0,1,159,33
10,2,3,3,3,1,1,63,34
10,1,99999,99999,99999,1,0,7,35
10,4,3,3,3,1,1,190,36
10,4,2,3,3,1,0,179,37
10,3,1,2,3,0,0,86,38
10,1,99999,99999,99999,0,1,34,39
10,2,3,3,3,1,1,48,40
10,2,3,3,3,1,1,65,41
10,2,3,3,3,1,0,77,42
10,3,0,0,0,1,1,29,43
10,4,3,3,3,1,1,177,44
10,4,2,2,2,0,1,93,45
10,3,1,1,2,0,0,162,46
10,1,99999,99999,99999,1,1,119,47
10,1,99999,99999,99999,0,1,4,48
10,3,1,1,1,1,1,189,49
10,3,1,2,1,0,1,126,50
10,2,3,3,3,1,1,100,51
10,4,3,3,3,1,1,58,52
10,1,99999,99999,99999,0,1,11,53
10,1,99999,99999,99999,1,1,27,54
10,2,3,3,3,0,0,178,55
10,4,3,3,3,1,1,56,56
10,4,3,3,3,1,1,74,57
10,3,1,2,2,1,1,19,58
10,2,3,3,3,1,1,84,59
10,1,99999,99999,99999,0,1,24,60
10,4,3,3,3,0,1,99,61
10,2,3,3,3,1,0,124,62
10,3,1,2,2,0,1,167,63
10,1,99999,99999,99999,1,1,103,64
10,4,3,3,3,1,1,97,65
10,4,2,3,3,1,1,98,66
10,2,3,3,3,1,1,133,67
10,1,99999,99999,99999,0,1,94,68
10,3,1,2,2,0,1,136,69
10,3,1,1,1,1,1,3,70
10,2,3,3,3,1,1,75,71
10,1,99999,99999,99999,1,1,112,72
10,2,3,3,3,1,1,192,73
10,1,99999,99999,99999,1,1,37,74
10,3,1,1,1,0,1,6,75
10,1,99999,99999,99999,0,0,92,76
10,3,1,1,1,0,0,116,77
10,4,3,3,3,1,1,151,78
10,2,3,3,3,1,1,101,79
10,4,3,3,3,1,1,78,80
10,2,3,3,3,1,1,57,81
10,4,3,3,3,1,1,180,82
10,3,1,1,1,0,1,82,83
10,3,2,3,3,1,1,69,84
10,2,3,3,3,0,0,9,85
10,1,99999,99999,99999,0,0,17,86
10,4,3,3,3,1,1,131,87
10,1,99999,99999,99999,0,1,28,88
10,4,1,2,2,0,1,174,89
10,1,99999,99999,99999,0,0,168,90
10,2,3,3,3,0,0,142,91
10,1,99999,99999,99999,0,1,137,92
10,4,3,3,3,0,1,182,93
10,2,3,3,3,1,1,90,94
10,3,2,1,1,1,1,30,95
10,3,1,1,1,0,1,91,96
10,3,1,1,2,0,1,113,97
10,4,3,3,3,1,1,89,98
10,2,3,3,3,1,1,114,99
10,1,99999,99999,99999,1,1,188,100
10,2,3,3,3,1,1,16,101
10,4,3,3,3,1,1,47,102
10,1,99999,99999,99999,1,1,122,103
10,3,1,1,1,1,1,104,104
10,2,3,3,3,1,1,13,105
10,1,99999,99999,99999,1,1,32,106
10,3,2,1,1,0,1,76,107
10,4,3,3,3,0,1,72,108
10,2,3,3,3,0,1,51,109
10,4,3,3,3,1,1,31,110
10,1,99999,99999,99999,1,1,186,111
10,3,2,1,1,0,1,1,112
10,2,3,3,3,1,1,165,113
10,4,3,3,3,1,1,60,114
10,3,1,1,2,0,1,54,115
10,3,1,1,1,0,1,158,116
10,1,99999,99999,99999,0,0,102,117
10,2,3,3,3,1,1,139,118
10,4,2,2,2,0,0,40,119
10,1,99999,99999,99999,1,0,73,120
10,3,1,1,1,0,0,152,121
10,4,1,2,2,0,0,191,122
10,4,3,3,3,1,1,88,123
10,3,1,1,1,1,1,164,124
10,2,3,3,3,1,1,45,125
10,1,99999,99999,99999,0,1,68,126
10,1,99999,99999,99999,0,0,110,127
10,2,2,3,3,0,1,14,128
10,4,2,3,3,0,1,67,129
10,1,99999,99999,99999,0,1,41,130
10,2,3,3,3,1,1,138,131
10,4,3,3,3,1,1,106,132
10,3,1,1,1,0,1,120,133
10,2,3,3,3,1,1,118,134
10,1,99999,99999,99999,0,0,170,135
10,3,1,2,2,0,1,20,136
10,3,1,1,1,0,1,71,137
10,1,99999,99999,99999,0,1,172,138
10,4,2,2,2,1,1,175,139
10,2,3,3,3,1,1,127,140
10,1,99999,99999,99999,0,0,42,141
10,2,3,3,3,0,1,115,142
10,3,1,1,1,0,1,132,143
10,4,2,2,2,0,1,105,144
10,3,1,1,1,0,0,185,145
10,1,99999,99999,99999,0,1,173,146
10,2,3,3,3,0,1,46,147
10,1,99999,99999,99999,1,1,163,148
10,4,3,3,3,1,1,129,149
10,4,3,3,3,1,1,96,150
10,2,3,3,3,1,0,155,151
10,3,1,1,1,1,1,79,152
10,4,3,3,2,0,1,166,153
10,2,3,3,3,1,1,36,154
10,3,1,2,3,0,0,183,155
10,3,1,1,1,0,1,59,156
10,2,3,3,3,0,1,141,157
10,1,99999,99999,99999,0,1,171,158
10,4,3,3,3,1,1,81,159
10,1,99999,99999,99999,0,0,161,160
10,2,3,3,3,1,1,149,161
10,3,0,0,0,0,1,130,162
10,1,99999,99999,99999,0,1,53,163
10,4,3,3,3,0,1,85,164
10,1,99999,99999,99999,1,1,146,165
10,2,3,3,3,1,1,38,166
10,3,1,1,1,0,0,10,167
10,4,3,3,3,0,1,128,168
10,4,3,3,3,1,1,25,169
10,3,2,2,3,1,1,12,170
10,3,0,0,2,0,1,160,171
10,2,3,3,3,1,1,35,172
10,1,99999,99999,99999,1,1,23,173
10,4,3,3,3,0,1,143,174
10,2,3,3,3,0,0,134,175
10,1,99999,99999,99999,1,1,147,176
10,1,99999,99999,99999,1,1,43,177
10,2,3,3,3,0,1,8,178
10,1,99999,99999,99999,1,1,148,179
10,3,3,3,3,1,1,176,180
10,3,1,1,1,1,1,157,181
10,4,2,1,2,0,1,83,182
10,4,3,3,3,1,1,49,183
10,2,3,3,3,1,1,64,184
10,3,0,0,1,1,1,33,185
10,4,2,3,3,0,1,22,186
10,2,3,3,3,1,1,107,187
10,1,99999,99999,99999,0,1,44,188
10,4,3,3,3,1,1,5,189
10,2,3,3,3,0,0,153,190
10,3,2,1,1,0,1,154,191
10,1,99999,99999,99999,1,1,55,192
11,4,2,3,3,1,1,156,1
11,2,3,NaN,3,1,1,121,2
11,4,3,3,1,0,0,52,3
11,1,99999,99999,99999,0,1,111,4
11,1,99999,99999,99999,1,1,187,5
11,3,3,3,3,0,0,39,6
11,2,NaN,3,3,1,1,144,7
11,3,1,1,1,0,1,15,8
11,3,1,1,1,0,0,145,9
11,1,99999,99999,99999,0,0,2,10
11,2,3,NaN,3,0,0,61,11
11,3,1,1,1,0,1,18,12
11,2,3,3,3,0,0,140,13
11,4,3,3,3,0,1,150,14
11,1,99999,99999,99999,0,1,125,15
11,4,3,3,3,1,1,26,16
11,2,3,NaN,3,1,1,184,17
11,3,1,1,1,0,0,87,18
11,4,3,3,3,1,0,95,19
11,2,3,3,3,1,1,62,20
11,1,99999,99999,99999,0,1,109,21
11,4,1,1,2,0,1,135,22
11,1,99999,99999,99999,0,1,50,23
11,3,1,NaN,1,0,0,169,24
11,2,3,3,3,1,1,123,25
11,4,3,3,3,1,1,117,26
11,3,1,1,1,0,1,70,27
11,1,99999,99999,99999,0,1,80,28
11,2,3,NaN,3,1,1,181,29
11,4,3,3,3,0,1,66,30
11,3,1,1,1,1,0,21,31
11,1,99999,99999,99999,0,0,108,32
11,3,1,1,1,1,1,7,33
11,1,99999,99999,99999,0,1,86,34
11,3,1,1,1,0,1,34,35
11,2,3,NaN,3,0,0,179,36
11,4,1,2,2,1,1,63,37
11,4,3,3,3,1,0,48,38
11,2,3,3,3,1,1,190,39
11,1,99999,99999,99999,0,1,159,40
11,1,99999,99999,99999,0,1,162,41
11,1,99999,99999,99999,0,1,29,42
11,2,3,NaN,3,0,0,93,43
11,4,1,1,1,1,1,77,44
11,3,1,1,1,1,1,119,45
11,3,1,1,1,0,0,4,46
11,4,3,3,3,0,1,65,47
11,2,3,3,3,1,1,177,48
11,3,1,1,1,1,1,27,49
11,2,3,3,NaN,0,0,58,50
11,1,99999,99999,99999,1,1,189,51
11,3,1,1,1,0,1,11,52
11,1,99999,99999,99999,0,0,126,53
11,4,3,3,3,0,0,178,54
11,4,3,3,3,0,1,100,55
11,2,3,3,3,0,1,56,56
11,1,99999,99999,99999,0,1,19,57
11,2,3,3,NaN,0,0,99,58
11,2,3,3,NaN,1,1,74,59
11,3,1,1,NaN,0,1,103,60
11,4,3,3,3,0,1,124,61
11,4,3,3,3,1,1,84,62
11,1,99999,99999,99999,0,0,167,63
11,3,1,1,1,0,0,24,64
11,3,1,3,1,1,0,94,65
11,4,3,1,3,0,1,133,66
11,1,99999,99999,99999,0,1,3,67
11,2,3,3,3,1,1,98,68
11,3,1,1,1,0,1,112,69
11,2,3,3,3,1,1,97,70
11,1,99999,99999,99999,1,1,136,71
11,4,1,1,1,0,1,75,72
11,1,99999,99999,99999,0,0,6,73
11,2,NaN,3,3,1,1,78,74
11,4,3,3,3,1,1,192,75
11,3,3,3,3,1,1,37,76
11,1,99999,99999,99999,0,1,116,77
11,4,1,1,1,0,1,101,78
11,2,3,NaN,3,0,0,151,79
11,3,1,2,1,1,1,92,80
11,4,3,3,3,1,1,57,81
11,1,99999,99999,99999,1,1,69,82
11,3,1,1,1,0,1,28,83
11,3,1,1,1,1,1,17,84
11,2,3,3,3,1,1,131,85
11,1,99999,99999,99999,0,1,82,86
11,4,3,3,3,0,0,9,87
11,2,3,3,3,0,1,180,88
11,3,1,1,NaN,0,0,137,89
11,4,3,3,3,1,1,142,90
11,1,99999,99999,99999,0,0,30,91
11,3,1,1,1,0,0,168,92
11,2,3,3,3,0,1,174,93
11,4,3,NaN,3,1,1,90,94
11,1,99999,99999,99999,0,1,91,95
11,2,2,3,3,1,1,182,96
11,2,3,3,3,0,0,47,97
11,3,1,1,1,0,1,188,98
11,1,99999,99999,99999,0,1,104,99
11,2,3,3,3,1,1,89,100
11,3,1,1,NaN,1,1,122,101
11,4,1,3,NaN,1,1,114,102
11,1,99999,99999,99999,0,0,113,103
11,4,3,3,3,1,1,16,104
11,1,99999,99999,99999,0,1,1,105
11,4,3,3,3,0,1,51,106
11,3,1,1,1,1,1,186,107
11,2,3,3,3,0,1,72,108
11,3,1,1,1,1,1,32,109
11,2,3,3,NaN,1,1,31,110
11,1,99999,99999,99999,0,1,76,111
11,4,3,3,3,1,1,13,112
11,4,3,3,3,0,1,165,113
11,3,1,1,1,0,1,102,114
11,1,99999,99999,99999,1,1,158,115
11,4,1,3,3,1,1,139,116
11,2,3,3,3,0,1,60,117
11,3,3,3,1,0,1,73,118
11,2,3,3,3,0,0,40,119
11,1,99999,99999,99999,0,1,54,120
11,1,99999,99999,99999,0,1,152,121
11,4,1,1,NaN,0,1,45,122
11,3,1,1,1,0,0,110,123
11,4,3,3,3,0,1,14,124
11,2,3,NaN,NaN,0,0,191,125
11,1,99999,99999,99999,1,1,164,126
11,3,1,1,1,1,1,68,127
11,2,3,NaN,3,0,1,88,128
11,1,99999,99999,99999,0,1,120,129
11,4,1,3,3,0,1,118,130
11,3,3,3,3,1,1,170,131
11,1,99999,99999,99999,0,0,20,132
11,2,3,3,NaN,0,1,67,133
11,4,3,3,3,1,1,138,134
11,2,3,3,3,0,1,106,135
11,3,1,1,1,0,1,41,136
11,1,99999,99999,99999,0,0,71,137
11,2,3,3,NaN,0,1,105,138
11,4,3,3,3,0,1,127,139
11,2,3,3,3,0,1,175,140
11,3,1,1,1,0,0,172,141
11,1,99999,99999,99999,0,1,132,142
11,3,1,1,3,0,0,42,143
11,4,3,3,3,0,0,115,144
11,1,99999,99999,99999,1,1,79,145
11,1,99999,99999,99999,0,0,185,146
11,3,1,1,1,0,1,173,147
11,4,1,1,3,0,0,155,148
11,3,1,1,1,1,1,163,149
11,2,3,3,3,0,0,96,150
11,2,3,NaN,NaN,1,1,129,151
11,4,3,3,3,1,1,46,152
11,4,3,3,3,0,1,141,153
11,2,3,3,3,1,1,81,154
11,3,1,NaN,1,1,1,161,155
11,1,99999,99999,99999,1,1,59,156
11,1,99999,99999,99999,0,0,183,157
11,4,3,3,3,0,1,36,158
11,3,1,1,1,0,0,171,159
11,2,3,NaN,3,0,0,166,160
11,2,3,3,3,0,1,85,161
11,2,3,3,3,0,1,128,162
11,3,1,1,1,0,1,146,163
11,4,3,3,3,1,1,149,164
11,4,3,3,NaN,1,1,38,165
11,1,99999,99999,99999,0,1,130,166
11,3,1,1,1,0,1,53,167
11,1,99999,99999,99999,0,0,10,168
11,3,1,NaN,1,0,1,147,169
11,3,NaN,NaN,3,1,1,23,170
11,1,99999,99999,99999,1,1,12,171
11,4,3,3,3,1,1,134,172
11,4,3,NaN,1,1,1,35,173
11,2,3,3,3,1,1,25,174
11,1,99999,99999,99999,0,1,160,175
11,2,3,3,3,1,1,143,176
11,2,3,NaN,NaN,0,1,49,177
11,3,1,1,1,0,1,148,178
11,4,3,3,3,1,1,64,179
11,1,99999,99999,99999,0,1,157,180
11,2,3,3,NaN,0,0,83,181
11,4,3,NaN,3,0,1,8,182
11,1,99999,99999,99999,1,1,176,183
11,3,1,1,1,0,1,43,184
11,3,1,1,1,1,1,44,185
11,2,3,NaN,NaN,1,1,22,186
11,2,NaN,NaN,3,1,1,5,187
11,3,1,NaN,1,0,0,55,188
11,1,99999,99999,99999,0,1,154,189
11,4,3,NaN,3,1,1,107,190
11,4,3,NaN,3,1,1,153,191
11,1,99999,99999,99999,0,0,33,192
12,4,3,3,3,1,0,121,1
12,1,99999,99999,99999,0,0,15,2
12,3,0,0,1,0,0,187,3
12,1,99999,99999,99999,0,0,39,4
12,3,1,1,2,0,0,111,5
12,2,3,3,3,1,0,156,6
12,2,3,3,3,0,1,52,7
12,4,1,0,2,1,0,144,8
12,1,99999,99999,99999,1,1,18,9
12,4,1,1,2,1,1,61,10
12,2,3,3,3,0,0,26,11
12,4,3,3,3,1,1,140,12
12,1,99999,99999,99999,0,1,145,13
12,2,2,2,2,0,1,150,14
12,3,0,0,1,0,0,125,15
12,3,0,0,1,1,1,2,16
12,1,99999,99999,99999,0,0,87,17
12,2,3,3,3,0,0,95,18
12,3,0,2,2,0,0,109,19
12,1,99999,99999,99999,0,0,169,20
12,3,1,2,2,1,1,50,21
12,4,3,3,3,1,1,62,22
12,4,3,3,3,0,1,184,23
12,2,0,3,3,0,0,135,24
12,4,3,3,3,0,1,123,25
12,4,3,3,3,0,0,181,26
12,1,99999,99999,99999,0,1,70,27
12,2,3,3,3,0,1,66,28
12,2,NaN,3,3,0,1,117,29
12,1,99999,99999,99999,0,1,21,30
12,3,1,2,3,1,1,80,31
12,3,0,1,3,0,0,108,32
12,4,3,3,3,1,1,190,33
12,2,3,3,3,1,1,48,34
12,3,2,2,1,0,0,86,35
12,2,3,3,3,0,1,63,36
12,1,99999,99999,99999,0,0,34,37
12,1,99999,99999,99999,0,1,7,38
12,3,0,1,1,0,1,159,39
12,4,1,2,2,0,1,179,40
12,3,1,1,1,0,1,162,41
12,3,0,1,1,1,1,29,42
12,4,3,3,3,1,1,177,43
12,2,3,3,3,1,1,65,44
12,1,99999,99999,99999,0,0,4,45
12,2,3,3,3,0,1,77,46
12,4,1,1,1,0,1,93,47
12,1,99999,99999,99999,0,1,119,48
12,4,3,3,3,0,0,58,49
12,2,3,3,3,0,0,178,50
12,1,99999,99999,99999,0,1,11,51
12,3,2,2,1,0,0,189,52
12,2,3,3,3,1,1,100,53
12,1,99999,99999,99999,0,1,27,54
12,4,3,3,3,0,0,56,55
12,3,1,1,1,0,1,126,56
12,3,1,2,2,0,1,19,57
12,4,3,3,3,1,1,99,58
12,1,99999,99999,99999,0,0,24,59
12,1,99999,99999,99999,0,1,103,60
12,2,3,3,3,0,0,124,61
12,4,3,3,3,1,0,74,62
12,3,2,2,2,0,0,167,63
12,2,3,3,3,1,1,84,64
12,1,99999,99999,99999,1,1,112,65
12,2,3,3,3,0,1,75,66
12,4,3,3,3,1,1,98,67
12,2,3,3,3,0,0,133,68
12,1,99999,99999,99999,0,0,94,69
12,3,3,3,3,1,0,136,70
12,3,1,1,1,0,1,3,71
12,4,3,3,3,1,1,97,72
12,4,3,3,3,1,1,151,73
12,1,99999,99999,99999,1,1,37,74
12,3,1,1,1,1,0,6,75
12,1,99999,99999,99999,0,0,92,76
12,2,3,2,3,1,1,192,77
12,2,2,3,3,1,1,101,78
12,4,3,3,3,1,1,78,79
12,3,1,3,1,0,1,116,80
12,1,99999,99999,99999,0,1,17,81
12,2,3,3,3,0,0,9,82
12,4,3,3,3,1,1,131,83
12,2,3,3,3,1,1,57,84
12,1,99999,99999,99999,1,1,28,85
12,3,3,3,3,1,1,69,86
12,4,3,3,3,0,1,180,87
12,3,1,1,1,0,0,82,88
12,3,1,1,1,1,1,30,89
12,4,2,2,2,0,1,174,90
12,2,3,3,3,1,1,142,91
12,2,3,3,3,1,0,90,92
12,4,3,3,3,1,1,182,93
12,3,1,1,1,0,1,91,94
12,1,99999,99999,99999,0,0,168,95
12,1,99999,99999,99999,0,0,137,96
12,1,99999,99999,99999,0,0,188,97
12,3,1,1,1,0,1,104,98
12,3,2,3,3,0,0,113,99
12,4,2,3,3,1,1,89,100
12,2,2,3,3,1,1,16,101
12,4,3,3,3,0,0,47,102
12,1,99999,99999,99999,1,1,122,103
12,2,3,3,3,1,1,114,104
12,1,99999,99999,99999,0,0,32,105
12,2,3,3,3,1,1,13,106
12,3,1,1,2,0,0,76,107
12,4,2,3,3,0,1,72,108
12,2,2,3,3,0,0,51,109
12,3,2,2,3,0,1,1,110
12,4,3,3,3,1,1,31,111
12,1,99999,99999,99999,1,1,186,112
12,3,1,1,1,0,1,158,113
12,2,3,3,3,0,0,139,114
12,4,2,3,3,0,0,40,115
12,4,2,3,3,0,1,60,116
12,1,99999,99999,99999,0,1,73,117
12,1,99999,99999,99999,0,0,102,118
12,3,1,1,1,0,1,54,119
12,2,3,3,3,0,1,165,120
12,3,1,1,1,1,1,164,121
12,2,2,2,3,0,1,45,122
12,3,2,1,1,0,0,152,123
12,1,99999,99999,99999,1,1,68,124
12,1,99999,99999,99999,0,0,110,125
12,2,2,3,3,0,1,14,126
12,4,3,3,3,1,1,88,127
12,4,3,3,3,1,1,191,128
12,3,1,1,1,0,1,20,129
12,1,99999,99999,99999,0,1,41,130
12,2,3,3,3,0,1,118,131
12,1,99999,99999,99999,1,1,170,132
12,4,3,3,3,0,1,67,133
12,4,3,3,3,0,1,106,134
12,3,1,1,1,0,0,120,135
12,2,3,3,3,1,1,138,136
12,2,3,3,3,0,0,115,137
12,4,2,3,3,1,1,105,138
12,3,3,1,1,0,1,132,139
12,4,3,3,3,0,0,175,140
12,3,1,1,1,0,1,71,141
12,1,99999,99999,99999,0,0,172,142
12,2,3,3,3,0,0,127,143
12,1,99999,99999,99999,0,0,42,144
12,1,99999,99999,99999,1,1,163,145
12,1,99999,99999,99999,0,1,173,146
12,4,3,3,3,1,1,96,147
12,3,1,3,3,1,0,79,148
12,2,3,3,3,1,0,46,149
12,3,1,3,1,0,0,185,150
12,2,3,3,3,0,0,155,151
12,4,3,3,3,1,1,129,152
12,1,99999,99999,99999,0,1,171,153
12,4,3,3,3,1,1,81,154
12,4,1,1,1,1,1,166,155
12,3,1,1,1,0,0,59,156
12,3,1,1,1,1,0,183,157
12,2,3,3,3,1,1,36,158
12,1,99999,99999,99999,0,1,161,159
12,2,3,3,3,0,0,141,160
12,3,1,3,1,0,0,10,161
12,1,99999,99999,99999,0,1,146,162
12,2,3,3,3,0,1,149,163
12,4,3,3,3,0,0,128,164
12,1,99999,99999,99999,0,1,53,165
12,3,1,1,0,0,1,130,166
12,2,3,3,3,1,1,38,167
12,4,3,3,3,0,0,85,168
12,3,0,1,0,0,0,160,169
12,2,3,3,3,1,1,35,170
12,1,99999,99999,99999,1,1,23,171
12,4,3,3,3,1,1,25,172
12,2,3,3,3,0,0,134,173
12,4,3,3,3,1,1,143,174
12,1,99999,99999,99999,0,1,147,175
12,3,2,2,2,1,1,12,176
12,2,3,3,NaN,0,1,64,177
12,2,3,3,3,1,1,8,178
12,4,2,2,2,0,0,83,179
12,4,3,3,NaN,1,1,49,180
12,3,3,1,1,0,1,157,181
12,3,3,3,3,1,1,176,182
12,1,99999,99999,99999,0,1,43,183
12,1,99999,99999,99999,1,0,148,184
12,1,99999,99999,99999,0,1,44,185
12,2,3,3,3,0,0,107,186
12,3,1,1,1,0,1,154,187
12,2,3,3,3,0,0,153,188
12,3,1,1,NaN,1,1,33,189
12,4,3,3,3,1,1,5,190
12,1,99999,99999,99999,1,1,55,191
12,4,3,3,3,1,1,22,192
13,4,3,3,3,1,1,187,1
13,3,1,1,1,1,1,156,2
13,3,2,2,1,0,1,52,3
13,2,3,3,3,1,1,15,4
13,1,99999,99999,99999,0,1,144,5
13,4,2,2,2,0,1,111,6
13,1,99999,99999,99999,0,1,121,7
13,2,3,3,3,0,1,39,8
13,1,99999,99999,99999,0,0,61,9
13,1,99999,99999,99999,0,1,140,10
13,4,3,2,3,1,1,2,11
13,3,3,3,3,1,1,26,12
13,3,2,3,3,1,1,150,13
13,2,3,3,3,0,1,18,14
13,2,3,3,3,0,0,145,15
13,4,3,2,2,1,1,125,16
13,1,99999,99999,99999,0,1,62,17
13,2,3,3,3,0,0,87,18
13,2,3,3,3,0,0,169,19
13,1,99999,99999,99999,0,1,184,20
13,4,3,3,3,1,1,109,21
13,3,1,1,1,0,0,135,22
13,3,1,1,1,0,0,95,23
13,4,3,3,3,0,1,50,24
13,1,99999,99999,99999,0,1,181,25
13,4,1,1,1,0,0,108,26
13,4,3,3,2,1,1,80,27
13,1,99999,99999,99999,0,1,123,28
13,3,1,1,1,0,1,66,29
13,3,1,1,1,1,1,117,30
13,2,2,3,3,1,1,21,31
13,2,3,3,3,1,1,70,32
13,4,2,2,3,0,0,159,33
13,2,3,3,3,1,1,34,34
13,2,3,3,3,1,0,7,35
13,3,3,3,3,1,1,48,36
13,1,99999,99999,99999,0,0,190,37
13,3,1,1,1,0,1,63,38
13,1,99999,99999,99999,0,1,179,39
13,4,3,3,3,0,1,86,40
13,1,99999,99999,99999,0,1,93,41
13,3,3,3,3,1,1,77,42
13,3,3,3,3,0,1,65,43
13,2,3,3,3,0,1,4,44
13,1,99999,99999,99999,1,1,177,45
13,2,3,3,3,1,1,119,46
13,4,1,2,2,0,1,162,47
13,4,0,2,2,0,1,29,48
13,3,1,1,1,0,1,100,49
13,3,NaN,3,2,0,1,178,50
13,4,1,2,2,0,1,189,51
13,1,99999,99999,99999,0,0,58,52
13,1,99999,99999,99999,0,1,56,53
13,2,3,3,NaN,1,1,27,54
13,4,3,3,3,1,1,126,55
13,2,3,3,3,0,1,11,56
13,2,3,3,3,0,0,24,57
13,1,99999,99999,99999,0,1,99,58
13,3,3,3,3,1,1,124,59
13,4,3,3,3,0,1,19,60
13,2,3,3,3,1,1,103,61
13,1,99999,99999,99999,1,1,74,62
13,3,3,3,3,1,1,84,63
13,4,3,3,3,0,1,167,64
13,2,3,3,3,0,1,94,65
13,1,99999,99999,99999,1,1,97,66
13,2,3,3,3,1,1,112,67
13,1,99999,99999,99999,1,1,98,68
13,3,2,2,3,1,1,133,69
13,4,3,3,3,1,1,3,70
13,4,3,3,3,1,1,136,71
13,3,1,1,1,1,1,75,72
13,4,1,1,1,0,1,6,73
13,1,99999,99999,99999,1,1,78,74
13,1,99999,99999,99999,1,1,151,75
13,4,3,3,3,0,1,116,76
13,3,1,1,1,1,1,101,77
13,2,3,3,3,1,1,92,78
13,2,3,3,3,1,1,37,79
13,3,3,3,3,1,1,192,80
13,2,3,3,3,1,1,17,81
13,4,3,3,3,1,1,69,82
13,2,3,3,3,0,0,28,83
13,3,1,1,1,1,1,57,84
13,1,99999,99999,99999,0,1,131,85
13,1,99999,99999,99999,0,1,180,86
13,4,2,2,3,0,1,82,87
13,3,1,1,1,0,0,9,88
13,3,1,2,1,0,0,142,89
13,1,99999,99999,99999,0,1,174,90
13,1,99999,99999,99999,1,1,182,91
13,4,2,2,2,1,1,91,92
13,4,1,3,2,0,0,30,93
13,2,3,3,3,0,0,168,94
13,2,3,3,3,0,1,137,95
13,3,2,2,2,1,1,90,96
13,3,3,1,1,1,1,16,97
13,4,3,1,1,0,0,113,98
13,1,99999,99999,99999,0,0,47,99
13,1,99999,99999,99999,1,1,89,100
13,2,3,3,NaN,1,1,122,101
13,3,1,1,1,1,1,114,102
13,4,3,3,3,1,1,104,103
13,2,3,3,3,1,1,188,104
13,2,3,3,3,1,1,32,105
13,2,3,3,3,1,1,186,106
13,4,1,1,1,0,1,76,107
13,3,1,1,1,0,1,13,108
13,1,99999,99999,99999,0,1,72,109
13,1,99999,99999,99999,1,1,31,110
13,3,1,1,1,0,1,51,111
13,4,3,3,3,0,1,1,112
13,4,1,3,3,1,1,158,113
13,2,3,3,3,1,1,102,114
13,1,99999,99999,99999,1,1,60,115
13,2,3,3,3,0,1,73,116
13,4,3,1,1,1,1,54,117
13,3,1,1,1,0,0,165,118
13,1,99999,99999,99999,0,0,40,119
13,3,1,1,1,0,1,139,120
13,4,3,3,3,0,0,152,121
13,2,2,3,3,0,0,110,122
13,1,99999,99999,99999,0,1,88,123
13,2,3,3,3,1,1,68,124
13,3,1,1,1,0,1,45,125
13,4,3,3,3,1,1,164,126
13,3,1,2,2,1,1,14,127
13,1,99999,99999,99999,0,1,191,128
13,3,1,1,1,1,1,138,129
13,4,3,3,3,0,0,120,130
13,2,3,3,3,0,1,41,131
13,2,3,3,3,1,1,170,132
13,3,0,0,0,0,0,118,133
13,1,99999,99999,99999,0,1,106,134
13,1,99999,99999,99999,0,1,67,135
13,4,3,3,3,0,1,20,136
13,1,99999,99999,99999,0,1,105,137
13,3,1,3,1,1,1,127,138
13,3,1,0,0,0,1,115,139
13,4,3,3,3,0,1,71,140
13,4,1,2,1,0,1,132,141
13,2,3,3,3,0,1,172,142
13,2,3,3,3,0,0,42,143
13,1,99999,99999,99999,0,1,175,144
13,4,3,3,3,1,1,79,145
13,3,1,1,0,0,1,46,146
13,4,3,3,3,1,1,185,147
13,2,3,3,3,1,1,173,148
13,3,1,1,1,1,1,155,149
13,1,99999,99999,99999,1,1,129,150
13,1,99999,99999,99999,1,1,96,151
13,2,2,3,3,0,1,163,152
13,3,1,1,0,1,1,36,153
13,1,99999,99999,99999,0,1,166,154
13,1,99999,99999,99999,1,1,81,155
13,4,3,3,3,0,0,183,156
13,2,3,NaN,3,0,0,161,157
13,3,1,1,1,0,0,141,158
13,2,3,3,3,0,1,171,159
13,4,3,3,3,0,0,59,160
13,4,3,3,3,1,1,10,161
13,3,3,3,1,1,1,38,162
13,2,3,NaN,3,0,1,53,163
13,1,99999,99999,99999,0,0,128,164
13,4,3,3,3,1,1,130,165
13,3,1,1,1,0,1,149,166
13,1,99999,99999,99999,0,1,85,167
13,2,2,3,3,1,1,146,168
13,4,2,2,1,0,1,160,169
13,2,3,3,3,1,1,23,170
13,1,99999,99999,99999,1,1,25,171
13,1,99999,99999,99999,0,1,143,172
13,3,3,NaN,3,1,1,35,173
13,4,3,3,3,1,1,12,174
13,3,1,1,1,0,1,134,175
13,2,2,3,3,0,1,147,176
13,1,99999,99999,99999,0,1,49,177
13,2,3,NaN,3,1,1,148,178
13,4,3,NaN,NaN,1,1,176,179
13,4,3,3,NaN,1,1,157,180
13,2,3,NaN,NaN,0,0,43,181
13,3,3,3,3,0,1,8,182
13,1,99999,99999,99999,0,1,83,183
13,3,3,3,3,0,1,64,184
13,3,1,NaN,1,0,1,153,185
13,1,99999,99999,99999,1,1,5,186
13,2,NaN,NaN,3,0,1,55,187
13,1,99999,99999,99999,0,1,22,188
13,4,3,1,3,0,1,154,189
13,3,1,NaN,3,0,1,107,190
13,4,3,3,3,1,1,33,191
13,2,3,3,3,1,1,44,192
14,3,1,1,1,0,0,144,1
14,1,99999,99999,99999,0,0,52,2
14,2,3,3,3,0,0,111,3
14,4,3,3,3,0,1,39,4
14,3,1,1,1,1,1,121,5
14,4,3,3,3,1,1,15,6
14,1,99999,99999,99999,1,1,156,7
14,2,3,3,3,0,0,187,8
14,2,3,3,3,1,1,125,9
14,4,3,3,3,0,1,18,10
14,4,2,3,3,1,1,145,11
14,3,3,3,3,1,1,140,12
14,1,99999,99999,99999,0,1,150,13
14,3,2,2,1,0,0,61,14
14,2,3,3,3,1,1,2,15
14,1,99999,99999,99999,1,1,26,16
14,3,2,1,1,0,1,184,17
14,4,3,3,3,0,1,169,18
14,2,3,3,3,0,1,50,19
14,1,99999,99999,99999,0,1,95,20
14,3,1,1,2,0,1,62,21
14,1,99999,99999,99999,0,1,135,22
14,2,3,3,3,1,1,109,23
14,4,3,3,3,0,1,87,24
14,2,3,3,3,0,1,108,25
14,3,1,1,1,0,1,123,26
14,4,3,3,3,0,1,21,27
14,1,99999,99999,99999,0,1,117,28
14,4,3,3,3,1,1,70,29
14,1,99999,99999,99999,0,0,66,30
14,2,3,3,3,0,1,80,31
14,3,1,1,2,0,1,181,32
14,3,2,1,1,1,1,179,33
14,1,99999,99999,99999,1,1,48,34
14,4,3,3,3,0,0,34,35
14,1,99999,99999,99999,0,1,63,36
14,3,1,1,1,0,0,190,37
14,2,3,3,3,0,1,159,38
14,4,3,3,3,1,1,7,39
14,2,3,3,3,0,0,86,40
14,4,3,3,3,0,0,4,41
14,3,1,1,1,0,0,93,42
14,3,1,1,1,0,0,177,43
14,2,3,3,3,0,1,29,44
14,2,3,3,3,0,0,162,45
14,4,3,3,3,1,1,119,46
14,1,99999,99999,99999,0,1,77,47
14,1,99999,99999,99999,1,1,65,48
14,3,3,3,3,0,0,58,49
14,3,1,1,1,0,1,56,50
14,4,3,3,3,0,1,11,51
14,2,3,3,3,1,1,189,52
14,4,3,3,3,1,1,27,53
14,1,99999,99999,99999,0,1,178,54
14,2,3,3,3,0,0,126,55
14,1,99999,99999,99999,1,1,100,56
14,1,99999,99999,99999,1,1,84,57
14,4,3,3,3,0,1,103,58
14,3,1,1,1,0,1,99,59
14,2,3,3,3,0,0,167,60
14,1,99999,99999,99999,1,1,124,61
14,4,3,3,3,1,1,24,62
14,3,3,3,3,1,1,74,63
14,2,3,3,3,0,1,19,64
14,3,3,3,3,1,1,97,65
14,1,99999,99999,99999,0,1,75,66
14,2,3,3,NaN,0,1,3,67
14,2,3,3,3,1,1,136,68
14,4,3,3,3,1,1,112,69
14,4,3,3,3,1,1,94,70
14,3,1,2,2,1,1,98,71
14,1,99999,99999,99999,0,1,133,72
14,3,2,2,3,1,1,78,73
14,2,3,3,3,0,1,6,74
14,3,3,3,3,1,1,151,75
14,1,99999,99999,99999,1,1,192,76
14,2,3,3,3,0,1,116,77
14,4,3,3,3,1,1,92,78
14,1,99999,99999,99999,0,1,101,79
14,4,3,3,3,1,1,37,80
14,2,3,3,3,0,1,82,81
14,3,3,2,3,0,0,180,82
14,4,3,3,3,1,1,17,83
14,1,99999,99999,99999,0,1,57,84
14,3,2,3,3,1,1,131,85
14,4,3,3,3,1,1,28,86
14,1,99999,99999,99999,0,0,9,87
14,2,3,3,3,1,1,69,88
14,1,99999,99999,99999,0,0,142,89
14,3,2,2,1,0,1,182,90
14,1,99999,99999,99999,1,1,90,91
14,4,3,3,3,1,1,137,92
14,4,3,3,3,1,1,168,93
14,2,3,3,3,0,1,30,94
14,3,1,1,1,0,1,174,95
14,2,3,3,3,0,1,91,96
14,4,3,3,3,1,1,188,97
14,4,3,3,3,1,1,122,98
14,1,99999,99999,99999,1,1,114,99
14,1,99999,99999,99999,1,1,16,100
14,2,3,3,3,1,1,104,101
14,3,3,2,2,1,1,89,102
14,2,3,3,3,0,0,113,103
14,3,3,3,3,0,0,47,104
14,4,3,3,3,1,1,32,105
14,2,3,3,3,0,0,76,106
14,2,3,3,3,1,1,1,107
14,4,3,3,3,1,1,186,108
14,3,1,1,2,1,1,31,109
14,1,99999,99999,99999,0,1,13,110
14,1,99999,99999,99999,0,1,51,111
14,3,2,2,2,0,1,72,112
14,1,99999,99999,99999,0,1,139,113
14,1,99999,99999,99999,0,1,165,114
14,2,3,3,3,1,1,54,115
14,3,1,1,2,0,0,40,116
14,4,3,3,3,1,1,73,117
14,4,3,3,3,0,1,102,118
14,3,1,1,2,1,1,60,119
14,2,3,3,3,0,1,158,120
14,1,99999,99999,99999,0,1,14,121
14,2,3,3,3,0,0,152,122
14,1,99999,99999,99999,0,1,45,123
14,4,3,3,3,1,1,68,124
14,2,3,3,3,1,1,164,125
14,3,2,2,2,1,1,191,126
14,3,1,2,2,1,1,88,127
14,4,3,3,3,0,0,110,128
14,1,99999,99999,99999,1,1,138,129
14,3,2,2,2,0,1,106,130
14,2,3,3,3,0,0,120,131
14,2,3,3,3,0,1,20,132
14,1,99999,99999,99999,0,1,118,133
14,4,3,3,3,1,1,41,134
14,4,3,3,3,1,1,170,135
14,3,1,2,2,0,1,67,136
14,1,99999,99999,99999,1,1,127,137
14,3,1,2,2,0,1,175,138
14,4,3,3,3,0,1,42,139
14,2,3,3,3,0,0,132,140
14,2,3,3,3,0,0,71,141
14,4,3,3,3,0,1,172,142
14,3,1,2,2,0,1,105,143
14,1,99999,99999,99999,0,0,115,144
14,1,99999,99999,99999,0,1,46,145
14,2,3,3,3,1,1,79,146
14,2,3,3,3,0,0,185,147
14,4,3,3,3,0,1,173,148
14,3,3,3,3,1,1,129,149
14,3,1,1,1,0,1,96,150
14,1,99999,99999,99999,1,0,155,151
14,4,3,3,3,1,1,163,152
14,1,99999,99999,99999,0,1,36,153
14,3,3,2,3,1,1,81,154
14,3,3,3,3,0,1,166,155
14,4,3,3,3,0,1,161,156
14,1,99999,99999,99999,0,0,141,157
14,2,3,3,3,0,0,183,158
14,4,3,3,3,0,1,171,159
14,2,3,3,3,0,0,59,160
14,4,3,3,3,1,1,146,161
14,4,2,2,3,0,1,53,162
14,1,99999,99999,99999,0,1,149,163
14,1,99999,99999,99999,1,1,38,164
14,3,2,2,2,0,1,85,165
14,3,1,1,2,0,1,128,166
14,2,3,3,3,0,1,10,167
14,2,3,3,3,0,1,130,168
14,2,3,3,3,0,1,160,169
14,4,3,3,3,1,1,23,170
14,3,1,1,2,0,1,143,171
14,4,3,3,3,1,1,147,172
14,1,99999,99999,99999,0,0,134,173
14,1,99999,99999,99999,1,1,35,174
14,3,3,3,3,1,1,25,175
14,2,3,3,3,1,1,12,176
14,4,3,3,3,1,0,148,177
14,4,3,3,3,0,1,43,178
14,2,3,3,3,1,1,176,179
14,1,99999,99999,99999,0,1,64,180
14,2,3,3,3,1,1,157,181
14,1,99999,99999,99999,0,1,8,182
14,3,1,2,2,0,1,83,183
14,3,3,3,3,1,1,49,184
14,1,99999,99999,99999,0,1,153,185
14,4,3,3,3,1,1,55,186
14,2,3,3,3,1,1,33,187
14,3,1,2,3,0,1,22,188
14,4,NaN,3,3,1,1,44,189
14,2,3,3,3,0,1,154,190
14,1,99999,99999,99999,0,1,107,191
14,3,3,3,3,1,1,5,192
15,4,3,3,3,1,1,121,1
15,1,99999,99999,99999,0,0,15,2
15,4,2,2,2,0,1,144,3
15,3,3,3,3,1,0,187,4
15,1,99999,99999,99999,0,1,39,5
15,2,3,3,3,1,1,156,6
15,2,3,3,3,1,0,52,7
15,3,2,2,2,0,1,111,8
15,3,2,2,2,0,1,125,9
15,2,3,3,3,1,1,150,10
15,2,3,3,3,1,1,26,11
15,1,99999,99999,99999,0,1,18,12
15,4,3,3,3,1,1,61,13
15,1,99999,99999,99999,0,1,145,14
15,4,3,3,3,1,0,140,15
15,3,2,2,2,0,0,2,16
15,2,3,3,3,1,1,95,17
15,3,3,3,2,1,1,50,18
15,3,2,2,2,0,1,109,19
15,1,99999,99999,99999,0,0,169,20
15,4,3,3,3,0,1,184,21
15,4,3,3,3,1,1,62,22
15,2,2,3,3,0,0,135,23
15,1,99999,99999,99999,0,1,87,24
15,4,3,3,3,1,1,181,25
15,1,99999,99999,99999,0,1,70,26
15,4,2,3,3,1,1,123,27
15,2,3,3,3,1,1,117,28
15,3,2,2,2,0,0,80,29
15,1,99999,99999,99999,0,0,21,30
15,3,2,2,2,0,0,108,31
15,2,3,3,3,0,1,66,32
15,3,2,3,2,0,1,159,33
15,2,3,3,3,1,1,63,34
15,4,3,3,3,1,1,190,35
15,1,99999,99999,99999,1,0,7,36
15,4,3,3,3,1,1,179,37
15,1,99999,99999,99999,0,0,34,38
15,3,3,3,3,0,0,86,39
15,2,3,3,3,1,0,48,40
15,3,2,2,2,1,1,29,41
15,2,3,3,3,1,1,77,42
15,1,99999,99999,99999,0,1,119,43
15,4,2,2,2,1,1,93,44
15,2,3,3,3,1,1,65,45
15,4,3,3,3,0,0,177,46
15,3,3,2,3,0,1,162,47
15,1,99999,99999,99999,1,1,4,48
15,2,3,3,3,0,0,178,49
15,1,99999,99999,99999,0,1,11,50
15,3,2,2,2,0,1,189,51
15,4,3,3,3,0,0,56,52
15,2,2,3,3,1,1,100,53
15,3,2,2,2,1,1,126,54
15,1,99999,99999,99999,1,1,27,55
15,4,3,3,3,0,0,58,56
15,2,3,3,3,1,1,124,57
15,3,2,2,2,0,1,19,58
15,4,3,3,3,1,1,74,59
15,1,99999,99999,99999,0,0,24,60
15,1,99999,99999,99999,1,1,103,61
15,4,3,3,3,1,1,99,62
15,2,3,3,3,1,1,84,63
15,3,3,3,3,1,0,167,64
15,1,99999,99999,99999,0,1,94,65
15,3,3,3,3,1,1,3,66
15,2,3,3,3,0,0,133,67
15,1,99999,99999,99999,1,1,112,68
15,4,NaN,3,3,1,1,97,69
15,2,3,NaN,3,1,1,75,70
15,4,3,3,3,1,1,98,71
15,3,3,3,3,1,1,136,72
15,3,3,3,3,0,1,116,73
15,2,3,3,3,1,1,101,74
15,1,99999,99999,99999,1,1,92,75
15,3,2,2,2,0,1,6,76
15,1,99999,99999,99999,1,1,37,77
15,4,3,3,3,1,1,151,78
15,4,3,3,3,1,1,78,79
15,2,3,3,3,1,1,192,80
15,1,99999,99999,99999,0,1,17,81
15,4,3,3,3,1,1,131,82
15,3,2,2,2,1,1,69,83
15,3,2,2,2,1,1,82,84
15,1,99999,99999,99999,1,1,28,85
15,2,3,3,3,0,1,9,86
15,4,3,3,3,0,1,180,87
15,2,3,3,3,1,1,57,88
15,4,3,3,3,1,1,182,89
15,1,99999,99999,99999,0,1,168,90
15,4,2,2,2,0,1,174,91
15,2,3,3,3,1,1,142,92
15,3,2,2,2,0,1,91,93
15,1,99999,99999,99999,1,1,137,94
15,2,3,3,NaN,1,1,90,95
15,3,2,2,2,1,1,30,96
15,2,3,3,3,1,1,16,97
15,1,99999,99999,99999,1,1,122,98
15,3,2,3,3,1,1,104,99
15,2,3,3,3,1,1,114,100
15,4,3,3,3,1,1,47,101
15,4,3,3,3,1,1,89,102
15,3,3,3,3,1,1,113,103
15,1,99999,99999,99999,1,1,188,104
15,1,99999,99999,99999,1,1,186,105
15,3,2,2,2,0,1,76,106
15,3,3,3,3,1,1,1,107
15,2,3,3,3,1,1,13,108
15,2,3,3,3,0,1,51,109
15,4,3,3,3,0,1,72,110
15,4,3,3,3,1,1,31,111
15,1,99999,99999,99999,1,1,32,112
15,3,2,3,3,1,1,54,113
15,4,2,3,3,1,1,40,114
15,4,3,3,3,1,1,60,115
15,2,3,3,3,1,1,165,116
15,1,99999,99999,99999,0,1,102,117
15,3,2,3,3,0,1,158,118
15,1,99999,99999,99999,0,1,73,119
15,2,3,3,3,0,1,139,120
15,3,2,2,2,0,0,152,121
15,2,3,3,NaN,0,1,14,122
15,4,3,3,3,1,1,88,123
15,1,99999,99999,99999,0,0,110,124
15,1,99999,99999,99999,1,1,68,125
15,2,3,3,3,0,1,45,126
15,4,3,3,3,1,1,191,127
15,3,3,3,3,1,1,164,128
15,4,3,3,3,0,1,106,129
15,4,3,3,2,1,1,67,130
15,1,99999,99999,99999,1,1,170,131
15,2,3,3,3,0,0,118,132
15,1,99999,99999,99999,0,0,41,133
15,3,2,2,2,0,0,20,134
15,2,3,3,3,1,1,138,135
15,3,2,2,2,0,1,120,136
15,1,99999,99999,99999,0,0,42,137
15,2,3,3,3,1,1,127,138
15,3,2,2,2,0,0,132,139
15,3,2,2,2,0,1,71,140
15,4,2,3,3,1,1,105,141
15,1,99999,99999,99999,1,1,172,142
15,2,3,3,3,0,1,115,143
15,4,3,3,3,1,1,175,144
15,3,3,3,3,1,1,79,145
15,1,99999,99999,99999,1,1,163,146
15,4,3,3,3,1,1,129,147
15,2,3,3,3,0,0,155,148
15,4,3,3,3,1,1,96,149
15,1,99999,99999,99999,0,1,173,150
15,3,2,3,3,0,0,185,151
15,2,3,3,3,0,1,46,152
15,1,99999,99999,99999,0,1,171,153
15,4,3,3,3,1,1,81,154
15,2,3,3,3,1,1,141,155
15,1,99999,99999,99999,0,1,161,156
15,3,2,2,2,0,0,59,157
15,2,3,3,3,1,1,36,158
15,3,3,3,3,1,0,183,159
15,4,2,2,2,0,1,166,160
15,4,3,3,3,1,1,128,161
15,2,3,3,3,1,1,149,162
15,4,3,3,3,0,1,85,163
15,1,99999,99999,99999,0,0,146,164
15,1,99999,99999,99999,0,1,53,165
15,2,3,3,3,0,1,38,166
15,3,3,3,3,0,0,10,167
15,3,2,2,3,0,1,130,168
15,3,2,2,3,0,1,160,169
15,3,3,3,3,1,1,12,170
15,4,3,3,3,1,1,143,171
15,1,99999,99999,99999,1,1,147,172
15,2,3,3,3,1,1,35,173
15,2,3,3,3,0,0,134,174
15,1,99999,99999,99999,1,1,23,175
15,4,3,3,3,1,1,25,176
15,4,2,2,2,0,1,83,177
15,2,3,3,3,0,1,64,178
15,3,3,3,3,1,1,176,179
15,1,99999,99999,99999,1,1,148,180
15,4,3,3,3,1,1,49,181
15,2,3,3,3,0,1,8,182
15,1,99999,99999,99999,0,0,43,183
15,3,2,2,3,1,1,157,184
15,2,3,3,3,1,1,107,185
15,4,3,3,3,1,1,5,186
15,2,3,3,3,0,1,153,187
15,3,3,3,3,1,1,33,188
15,4,3,3,3,1,1,22,189
15,1,99999,99999,99999,0,0,55,190
15,1,99999,99999,99999,0,1,44,191
15,3,2,2,2,0,1,154,192
16,4,3,2,3,0,0,52,1
16,1,99999,99999,99999,0,0,187,2
16,2,3,3,3,1,1,144,3
16,3,2,1,2,0,1,15,4
16,2,3,3,3,1,1,121,5
16,3,1,2,1,0,1,39,6
16,4,3,3,3,1,1,156,7
16,1,99999,99999,99999,0,1,111,8
16,4,3,3,3,1,1,150,9
16,2,3,3,3,1,1,140,10
16,3,2,2,2,0,1,18,11
16,2,3,3,3,0,0,61,12
16,1,99999,99999,99999,1,1,125,13
16,1,99999,99999,99999,1,1,2,14
16,3,2,1,1,0,1,145,15
16,4,3,3,3,1,1,26,16
16,1,99999,99999,99999,0,1,50,17
16,1,99999,99999,99999,1,1,109,18
16,3,3,2,2,0,0,87,19
16,2,3,3,3,1,1,62,20
16,4,3,3,3,1,1,95,21
16,4,3,2,2,0,0,135,22
16,3,1,1,1,0,0,169,23
16,2,3,3,3,0,1,184,24
16,2,3,3,3,0,1,123,25
16,3,2,2,1,0,0,70,26
16,1,99999,99999,99999,0,0,80,27
16,2,3,3,3,0,0,181,28
16,4,2,3,3,0,0,66,29
16,3,1,1,1,0,0,21,30
16,4,2,3,2,0,1,117,31
16,1,99999,99999,99999,0,0,108,32
16,3,1,1,2,0,0,34,33
16,1,99999,99999,99999,0,1,86,34
16,1,99999,99999,99999,0,1,159,35
16,3,2,1,1,1,1,7,36
16,4,3,2,2,0,1,63,37
16,4,3,3,3,1,1,48,38
16,2,3,3,3,1,1,179,39
16,2,3,3,3,0,0,190,40
16,1,99999,99999,99999,0,0,162,41
16,3,1,3,3,0,0,4,42
16,1,99999,99999,99999,1,1,29,43
16,2,3,3,NaN,0,0,177,44
16,2,3,3,3,0,1,93,45
16,4,3,3,2,0,1,65,46
16,4,3,3,3,0,1,77,47
16,3,2,NaN,2,1,1,119,48
16,2,3,3,3,0,0,58,49
16,3,1,1,1,1,1,27,50
16,4,3,3,3,1,0,100,51
16,1,99999,99999,99999,0,1,189,52
16,3,2,2,3,0,1,11,53
16,4,3,3,NaN,0,0,178,54
16,1,99999,99999,99999,0,1,126,55
16,2,3,3,3,0,0,56,56
16,2,NaN,3,NaN,1,1,74,57
16,1,99999,99999,99999,0,0,167,58
16,1,99999,99999,99999,0,1,19,59
16,2,3,3,3,1,1,99,60
16,4,3,3,3,0,0,124,61
16,3,2,2,1,1,1,103,62
16,4,3,2,3,1,1,84,63
16,3,2,2,2,0,0,24,64
16,2,3,NaN,3,1,1,97,65
16,2,3,NaN,NaN,0,0,98,66
16,4,3,3,3,0,0,133,67
16,3,2,1,2,0,1,94,68
16,1,99999,99999,99999,0,1,136,69
16,1,99999,99999,99999,0,0,3,70
16,3,2,2,3,1,1,112,71
16,4,3,3,3,1,1,75,72
16,1,99999,99999,99999,0,1,116,73
16,3,2,2,1,1,0,37,74
16,2,NaN,2,3,0,0,151,75
16,4,2,3,3,1,1,192,76
16,4,3,3,3,1,1,101,77
16,1,99999,99999,99999,0,0,6,78
16,3,1,2,2,0,1,92,79
16,2,3,NaN,NaN,1,1,78,80
16,3,1,1,1,1,0,17,81
16,2,3,3,3,0,0,180,82
16,3,1,1,1,0,0,28,83
16,1,99999,99999,99999,0,0,82,84
16,4,3,3,2,0,1,57,85
16,2,3,3,3,1,1,131,86
16,4,3,3,3,0,0,9,87
16,1,99999,99999,99999,1,1,69,88
16,4,NaN,3,3,1,1,90,89
16,3,2,2,1,0,0,137,90
16,4,3,2,2,0,0,142,91
16,1,99999,99999,99999,0,1,30,92
16,2,3,NaN,NaN,0,0,182,93
16,2,3,3,3,0,0,174,94
16,3,1,2,NaN,0,0,168,95
16,1,99999,99999,99999,0,1,91,96
16,4,3,3,3,1,1,16,97
16,2,3,3,2,0,0,47,98
16,3,2,1,1,1,1,122,99
16,3,2,3,2,1,1,188,100
16,1,99999,99999,99999,0,0,104,101
16,1,99999,99999,99999,0,1,113,102
16,2,3,NaN,3,1,0,89,103
16,4,3,1,NaN,1,1,114,104
16,3,1,1,NaN,1,1,186,105
16,2,3,3,3,0,0,72,106
16,1,99999,99999,99999,0,1,1,107
16,2,3,NaN,NaN,1,0,31,108
16,1,99999,99999,99999,0,1,76,109
16,3,NaN,3,2,1,1,32,110
16,4,2,3,3,0,1,13,111
16,4,3,3,3,0,0,51,112
16,3,1,2,1,0,0,73,113
16,4,3,3,2,1,1,165,114
16,1,99999,99999,99999,0,1,158,115
16,2,3,NaN,3,0,0,40,116
16,3,1,2,2,0,0,102,117
16,1,99999,99999,99999,1,1,54,118
16,2,NaN,NaN,NaN,1,1,60,119
16,4,NaN,NaN,NaN,1,1,139,120
16,3,3,1,1,0,0,68,121
16,4,2,3,3,1,1,14,122
16,1,99999,99999,99999,1,1,164,123
16,3,NaN,3,3,0,0,110,124
16,1,99999,99999,99999,0,0,152,125
16,2,NaN,NaN,3,0,1,88,126
16,2,3,3,2,0,0,191,127
16,4,2,2,2,0,1,45,128
16,1,99999,99999,99999,0,1,120,129
16,1,99999,99999,99999,0,0,20,130
16,4,3,3,3,1,1,138,131
16,2,NaN,3,3,1,1,67,132
16,3,3,3,3,1,1,170,133
16,3,3,1,1,0,1,41,134
16,2,3,3,3,0,1,106,135
16,4,3,3,1,0,0,118,136
16,1,99999,99999,99999,0,0,71,137
16,1,99999,99999,99999,0,1,132,138
16,2,NaN,3,3,0,0,105,139
16,4,3,3,3,0,1,127,140
16,3,3,2,2,0,0,42,141
16,3,NaN,1,3,1,0,172,142
16,2,3,3,3,1,1,175,143
16,4,3,3,2,0,0,115,144
16,1,99999,99999,99999,0,0,185,145
16,2,3,3,NaN,1,1,96,146
16,4,NaN,NaN,2,0,0,155,147
16,3,2,2,NaN,0,1,173,148
16,3,NaN,3,NaN,1,1,163,149
16,4,3,3,NaN,0,1,46,150
16,1,99999,99999,99999,0,0,79,151
16,2,3,3,3,0,0,129,152
16,1,99999,99999,99999,0,1,59,153
16,1,99999,99999,99999,0,0,183,154
16,3,2,3,2,0,0,171,155
16,3,1,3,3,0,0,161,156
16,2,NaN,3,3,0,1,166,157
16,4,3,3,3,0,1,36,158
16,4,NaN,3,3,0,0,141,159
16,2,NaN,NaN,NaN,1,0,81,160
16,1,99999,99999,99999,0,0,130,161
16,4,2,2,3,1,1,38,162
16,2,3,NaN,NaN,0,1,128,163
16,3,2,1,2,0,0,53,164
16,1,99999,99999,99999,1,1,10,165
16,4,2,3,3,0,1,149,166
16,2,3,3,NaN,0,1,85,167
16,3,1,3,2,0,1,146,168
16,1,99999,99999,99999,0,0,160,169
16,4,3,2,NaN,1,1,35,170
16,3,3,2,1,1,1,23,171
16,2,3,3,3,1,1,25,172
16,4,2,NaN,NaN,0,0,134,173
16,1,99999,99999,99999,1,1,12,174
16,2,3,NaN,3,1,1,143,175
16,3,3,2,3,0,1,147,176
16,1,99999,99999,99999,1,0,157,177
16,2,3,NaN,3,0,0,83,178
16,1,99999,99999,99999,0,1,176,179
16,4,2,3,3,0,1,64,180
16,4,3,2,3,1,1,8,181
16,3,1,2,1,1,0,148,182
16,3,2,1,2,0,1,43,183
16,2,3,3,3,1,1,49,184
16,4,3,3,1,0,0,153,185
16,2,NaN,2,3,0,1,22,186
16,2,NaN,1,3,1,1,5,187
16,1,99999,99999,99999,0,1,33,188
16,1,99999,99999,99999,1,1,154,189
16,3,2,2,1,0,1,55,190
16,4,3,3,NaN,0,0,107,191
16,3,NaN,1,3,1,1,44,192
