subject,condition,studyResp,named,whichItem,trial
1,2,3,1,25,1
1,2,2,1,117,2
1,3,3,1,116,3
1,3,3,1,72,4
1,3,3,1,69,5
1,2,3,1,23,6
1,2,2,0,36,7
1,3,3,1,90,8
1,2,3,1,108,9
1,0,3,0,54,10
1,3,2,0,34,11
1,3,3,1,71,12
1,3,3,1,52,13
1,0,3,1,4,14
1,0,1,0,5,15
1,3,3,1,60,16
1,2,3,1,45,17
1,1,3,1,41,18
1,3,3,1,50,19
1,3,3,1,114,20
1,1,3,1,48,21
1,1,3,1,113,22
1,1,3,1,33,23
1,3,3,1,95,24
1,2,3,1,77,25
1,1,3,1,53,26
1,0,1,0,109,27
1,0,3,1,39,28
1,1,3,1,9,29
1,1,1,0,111,30
1,1,3,1,74,31
1,1,3,1,32,32
1,0,2,1,44,33
1,1,2,0,22,34
1,1,3,1,30,35
1,0,3,1,88,36
1,2,3,1,61,37
1,0,2,0,104,38
1,3,3,1,10,39
1,0,3,1,15,40
1,1,3,0,7,41
1,0,3,1,102,42
1,2,3,1,84,43
1,3,3,1,99,44
1,3,3,0,78,45
1,3,3,1,118,46
1,2,3,1,68,47
1,2,3,1,27,48
1,2,3,0,120,49
1,0,3,1,3,50
1,2,3,1,46,51
1,2,2,1,96,52
1,1,3,1,8,53
1,3,3,1,75,54
1,0,3,1,106,55
1,2,3,1,51,56
1,0,3,1,98,57
1,1,3,1,87,58
1,3,3,1,73,59
1,3,3,1,91,60
1,2,3,1,83,61
1,1,2,0,93,62
1,2,3,1,29,63
1,3,3,1,59,64
1,3,3,1,63,65
1,2,3,1,43,66
1,0,2,0,16,67
1,1,3,1,97,68
1,1,3,0,6,69
1,2,2,0,65,70
1,3,2,1,85,71
1,2,3,0,24,72
1,1,3,1,105,73
1,1,3,1,64,74
1,0,3,1,89,75
1,0,3,1,11,76
1,0,3,1,40,77
1,0,3,1,92,78
1,1,3,1,115,79
1,2,3,1,56,80
1,0,3,0,76,81
1,2,3,1,94,82
1,2,3,1,14,83
1,1,3,1,38,84
1,2,3,1,82,85
1,1,3,1,81,86
1,1,3,1,35,87
1,1,3,1,67,88
1,0,3,1,119,89
1,2,3,1,66,90
1,3,3,0,86,91
1,3,3,1,19,92
1,2,3,1,28,93
1,3,3,1,103,94
1,2,3,1,37,95
1,1,3,1,2,96
1,0,3,1,55,97
1,0,2,0,112,98
1,0,3,1,18,99
1,1,3,1,57,100
1,3,3,1,79,101
1,0,3,1,110,102
1,3,3,1,20,103
1,0,3,1,13,104
1,0,3,1,62,105
1,1,3,1,42,106
1,2,3,1,70,107
1,3,3,1,58,108
1,2,3,1,47,109
1,1,3,1,80,110
1,0,3,0,12,111
1,0,3,1,107,112
1,2,3,1,21,113
1,1,3,1,49,114
1,3,3,1,100,115
1,3,2,0,17,116
1,1,3,0,1,117
1,3,3,1,101,118
1,0,3,1,26,119
1,0,3,1,31,120
1,3,3,1,10,121
1,0,3,1,119,122
1,1,3,1,105,123
1,0,3,1,31,124
1,1,3,1,9,125
1,0,3,1,88,126
1,2,3,1,84,127
1,1,3,1,1,128
1,1,3,1,38,129
1,2,3,1,120,130
1,2,3,1,29,131
1,1,3,0,8,132
1,3,3,1,90,133
1,1,3,1,2,134
1,2,3,1,65,135
1,2,3,1,68,136
1,3,3,0,59,137
1,0,3,1,4,138
1,2,3,1,66,139
1,0,3,1,54,140
1,2,3,1,27,141
1,3,3,1,60,142
1,3,3,1,116,143
1,3,3,1,118,144
1,2,3,1,47,145
1,2,3,1,43,146
1,2,3,1,46,147
1,0,3,1,62,148
1,3,3,1,103,149
1,1,3,1,53,150
1,0,3,1,110,151
1,0,3,0,109,152
1,0,3,1,44,153
1,0,3,1,76,154
1,1,3,1,74,155
1,3,3,1,20,156
1,1,3,1,97,157
1,1,3,1,57,158
1,1,3,1,80,159
1,3,3,1,73,160
1,1,3,1,41,161
1,2,3,1,14,162
1,2,3,1,61,163
1,0,3,0,12,164
1,3,3,1,71,165
1,3,3,1,99,166
1,3,3,1,91,167
1,1,3,1,42,168
1,2,3,1,23,169
1,0,3,1,55,170
1,0,3,1,40,171
1,1,3,1,67,172
1,0,3,1,102,173
1,3,3,1,63,174
1,1,3,1,6,175
1,1,3,1,48,176
1,0,3,1,26,177
1,3,3,1,75,178
1,2,3,1,82,179
1,0,3,0,5,180
1,3,3,1,95,181
1,1,3,1,32,182
1,2,2,0,45,183
1,0,3,1,39,184
1,3,3,1,69,185
1,3,3,1,34,186
1,2,3,1,77,187
1,0,3,1,18,188
1,3,3,1,50,189
1,1,3,1,49,190
1,2,3,1,37,191
1,2,3,1,28,192
1,2,3,1,51,193
1,0,3,1,107,194
1,1,3,1,33,195
1,3,3,1,114,196
1,3,3,1,101,197
1,3,3,0,86,198
1,0,3,1,3,199
1,1,3,1,7,200
1,0,3,1,106,201
1,1,3,1,113,202
1,0,3,1,15,203
1,2,3,1,94,204
1,0,3,1,92,205
1,3,3,1,78,206
1,1,3,1,30,207
1,2,3,1,25,208
1,2,3,1,56,209
1,2,3,1,21,210
1,3,3,1,19,211
1,3,3,1,85,212
1,3,3,1,79,213
1,0,3,1,16,214
1,1,3,1,87,215
1,0,3,1,104,216
1,2,2,0,96,217
1,3,3,1,52,218
1,1,3,1,35,219
1,3,3,1,58,220
1,3,3,1,100,221
1,1,3,1,111,222
1,0,3,1,98,223
1,0,3,1,89,224
1,0,3,1,112,225
1,2,3,1,117,226
1,2,3,1,36,227
1,1,2,1,22,228
1,0,3,1,11,229
1,2,3,1,108,230
1,1,3,1,93,231
1,3,3,1,17,232
1,2,3,0,24,233
1,1,3,1,115,234
1,2,3,1,83,235
1,1,3,1,81,236
1,3,3,1,72,237
1,0,3,1,13,238
1,1,3,1,64,239
1,2,3,1,70,240
1,0,3,1,110,241
1,3,3,1,103,242
1,3,3,0,86,243
1,1,3,1,53,244
1,1,3,1,49,245
1,1,3,1,80,246
1,0,3,1,98,247
1,2,3,1,94,248
1,0,3,1,55,249
1,1,3,1,93,250
1,0,3,0,109,251
1,0,3,1,92,252
1,3,3,1,90,253
1,2,3,1,14,254
1,1,3,1,8,255
1,0,3,1,88,256
1,1,3,1,35,257
1,2,3,1,47,258
1,1,3,1,41,259
1,2,3,1,84,260
1,3,3,1,59,261
1,1,3,1,7,262
1,3,3,1,34,263
1,2,3,1,56,264
1,1,3,1,2,265
1,0,3,1,104,266
1,3,3,1,19,267
1,0,3,1,11,268
1,0,3,1,76,269
1,1,3,1,97,270
1,0,3,1,89,271
1,0,3,1,62,272
1,2,3,1,61,273
1,3,3,1,118,274
1,0,3,1,39,275
1,1,3,1,67,276
1,0,3,1,16,277
1,2,3,1,37,278
1,3,3,1,50,279
1,3,3,1,78,280
1,2,3,1,28,281
1,2,3,1,46,282
1,3,3,1,79,283
1,1,3,1,64,284
1,0,3,1,112,285
1,2,3,1,21,286
1,0,3,1,40,287
1,3,3,1,95,288
1,1,3,0,1,289
1,0,3,1,18,290
1,2,3,1,83,291
1,3,3,1,69,292
1,0,3,1,13,293
1,3,3,1,73,294
1,1,3,1,32,295
1,2,3,1,43,296
1,1,3,1,57,297
1,1,3,1,87,298
1,3,3,1,75,299
1,3,3,1,100,300
1,2,3,0,96,301
1,1,3,1,48,302
1,0,3,1,3,303
1,2,3,1,36,304
1,2,NaN,1,65,305
1,3,NaN,0,52,306
1,2,NaN,1,70,307
1,3,3,1,60,308
1,3,3,1,101,309
1,3,3,1,58,310
1,3,3,1,71,311
1,0,3,1,119,312
1,2,3,1,68,313
1,1,3,1,105,314
1,0,3,1,54,315
1,2,3,0,82,316
1,2,3,1,23,317
1,0,3,1,106,318
1,2,1,0,108,319
1,1,3,1,115,320
1,1,3,1,113,321
1,0,3,1,4,322
1,3,3,1,114,323
1,1,3,1,6,324
1,3,3,1,63,325
1,2,3,1,27,326
1,2,3,1,77,327
1,1,3,1,33,328
1,3,3,1,85,329
1,1,3,1,9,330
1,3,3,1,17,331
1,2,3,1,66,332
1,2,3,0,24,333
1,0,3,1,15,334
1,2,3,1,29,335
1,0,3,0,12,336
1,0,3,1,44,337
1,0,3,1,107,338
1,2,3,1,51,339
1,0,3,1,102,340
1,0,3,1,26,341
1,2,3,1,25,342
1,1,3,1,81,343
1,3,3,1,99,344
1,0,3,1,31,345
1,1,3,1,30,346
1,1,3,1,111,347
1,2,3,0,45,348
1,0,3,0,5,349
1,3,3,1,72,350
1,2,3,1,120,351
1,1,3,1,38,352
1,2,3,1,117,353
1,1,3,1,74,354
1,1,3,1,22,355
1,1,3,1,42,356
1,3,3,1,10,357
1,3,3,1,116,358
1,3,3,1,91,359
1,3,3,1,20,360
2,0,3,1,39,1
2,3,3,1,13,2
2,2,3,1,34,3
2,0,3,1,82,4
2,1,3,1,55,5
2,1,3,1,15,6
2,2,3,1,78,7
2,0,2,1,119,8
2,3,2,0,24,9
2,1,3,1,92,10
2,3,3,1,16,11
2,3,3,1,59,12
2,1,2,0,10,13
2,3,3,1,97,14
2,2,3,1,108,15
2,0,3,1,87,16
2,2,3,1,47,17
2,3,3,0,99,18
2,3,3,1,45,19
2,1,3,1,25,20
2,2,3,1,77,21
2,3,3,1,32,22
2,2,3,1,8,23
2,3,3,1,70,24
2,1,3,1,30,25
2,1,3,1,27,26
2,2,3,1,23,27
2,0,3,1,112,28
2,0,3,1,118,29
2,1,2,1,37,30
2,0,2,0,65,31
2,2,3,1,53,32
2,2,3,1,83,33
2,3,3,1,14,34
2,2,3,1,100,35
2,0,3,0,54,36
2,1,3,1,91,37
2,2,3,0,109,38
2,2,3,1,89,39
2,2,3,0,64,40
2,2,3,1,117,41
2,3,3,1,6,42
2,1,3,1,94,43
2,3,3,1,102,44
2,0,3,1,74,45
2,0,3,0,51,46
2,1,3,1,43,47
2,1,2,0,96,48
2,1,3,1,46,49
2,1,3,1,17,50
2,2,3,1,49,51
2,0,3,1,56,52
2,0,2,0,86,53
2,3,3,1,63,54
2,1,3,1,60,55
2,2,3,1,21,56
2,1,3,1,88,57
2,0,3,1,3,58
2,0,3,1,33,59
2,3,3,1,76,60
2,1,3,1,4,61
2,3,2,0,22,62
2,1,3,1,58,63
2,0,3,0,101,64
2,0,3,1,61,65
2,1,3,1,116,66
2,0,3,1,41,67
2,2,3,1,95,68
2,0,2,0,26,69
2,1,3,1,71,70
2,2,3,1,52,71
2,2,3,1,79,72
2,3,3,1,98,73
2,0,3,1,110,74
2,2,2,0,85,75
2,3,2,1,111,76
2,1,3,1,75,77
2,3,3,1,38,78
2,2,2,0,7,79
2,3,1,0,81,80
2,3,3,1,40,81
2,0,3,0,57,82
2,0,3,1,20,83
2,2,3,1,5,84
2,2,2,1,12,85
2,3,3,1,113,86
2,1,3,1,11,87
2,0,1,0,120,88
2,0,3,1,18,89
2,0,1,1,104,90
2,3,3,0,29,91
2,2,3,1,19,92
2,0,3,1,80,93
2,3,3,1,106,94
2,3,3,1,44,95
2,1,3,1,115,96
2,0,3,1,67,97
2,1,2,1,62,98
2,2,2,0,66,99
2,2,3,1,93,100
2,2,3,1,103,101
2,3,3,1,69,102
2,3,1,0,107,103
2,0,2,1,84,104
2,1,1,0,28,105
2,3,3,1,114,106
2,0,3,1,68,107
2,3,2,1,1,108
2,2,2,1,2,109
2,1,3,1,35,110
2,3,3,1,9,111
2,1,3,1,31,112
2,2,3,1,50,113
2,1,3,1,42,114
2,0,3,1,90,115
2,3,3,1,48,116
2,2,3,1,72,117
2,1,3,1,36,118
2,0,3,1,73,119
2,1,3,1,105,120
2,3,3,1,99,121
2,0,1,0,26,122
2,3,3,0,29,123
2,2,3,1,83,124
2,1,3,1,15,125
2,2,3,1,5,126
2,3,3,1,70,127
2,2,3,1,23,128
2,3,3,1,13,129
2,3,3,1,38,130
2,0,3,1,41,131
2,1,3,1,11,132
2,1,3,1,92,133
2,0,2,0,65,134
2,0,3,1,18,135
2,2,3,1,64,136
2,3,2,1,1,137
2,1,1,0,96,138
2,3,3,1,102,139
2,3,3,1,6,140
2,2,3,1,34,141
2,2,3,1,95,142
2,3,2,1,22,143
2,1,3,1,46,144
2,0,1,0,120,145
2,2,3,1,7,146
2,3,3,1,106,147
2,3,3,1,40,148
2,3,2,1,24,149
2,2,3,1,52,150
2,1,3,1,91,151
2,3,2,1,81,152
2,1,3,1,27,153
2,3,3,1,14,154
2,3,3,1,45,155
2,0,3,1,3,156
2,1,3,1,30,157
2,0,3,0,90,158
2,3,3,1,48,159
2,3,3,1,113,160
2,1,3,1,17,161
2,0,1,0,104,162
2,2,3,1,21,163
2,1,2,0,10,164
2,2,3,1,66,165
2,2,2,1,12,166
2,3,1,0,107,167
2,0,3,1,110,168
2,2,3,1,53,169
2,2,3,1,8,170
2,1,3,1,37,171
2,0,3,1,73,172
2,0,3,1,68,173
2,1,3,1,25,174
2,2,3,1,50,175
2,2,2,0,109,176
2,1,3,1,43,177
2,3,3,1,44,178
2,1,3,1,115,179
2,1,3,1,71,180
2,0,3,1,87,181
2,1,3,1,36,182
2,0,2,1,86,183
2,0,3,1,39,184
2,2,2,1,85,185
2,1,3,1,88,186
2,2,3,1,117,187
2,3,3,1,114,188
2,1,3,1,4,189
2,1,3,1,42,190
2,2,3,1,89,191
2,2,3,1,19,192
2,1,3,1,35,193
2,1,3,1,75,194
2,0,3,1,80,195
2,2,3,1,2,196
2,3,3,1,9,197
2,3,3,1,69,198
2,2,3,1,79,199
2,2,3,1,77,200
2,1,3,1,58,201
2,2,3,1,78,202
2,1,3,1,55,203
2,2,3,1,49,204
2,0,3,1,51,205
2,3,3,1,59,206
2,2,3,1,100,207
2,1,3,1,94,208
2,2,3,1,108,209
2,3,3,1,97,210
2,3,3,1,76,211
2,1,3,1,31,212
2,1,1,1,62,213
2,1,3,1,116,214
2,3,3,1,32,215
2,3,3,1,98,216
2,0,3,1,101,217
2,0,3,0,57,218
2,2,3,1,47,219
2,0,3,1,118,220
2,0,3,1,119,221
2,1,3,1,105,222
2,3,3,1,16,223
2,0,3,1,20,224
2,2,3,1,72,225
2,0,3,1,74,226
2,0,3,0,54,227
2,0,2,1,112,228
2,3,3,1,111,229
2,1,1,0,28,230
2,0,3,1,33,231
2,0,3,1,61,232
2,3,3,1,63,233
2,0,3,1,56,234
2,2,3,1,93,235
2,2,3,1,103,236
2,1,3,1,60,237
2,0,2,1,84,238
2,0,3,1,67,239
2,0,3,1,82,240
2,2,3,1,83,241
2,3,3,1,102,242
2,0,3,1,118,243
2,3,3,1,29,244
2,2,3,1,85,245
2,1,3,1,25,246
2,0,1,0,104,247
2,0,3,1,51,248
2,1,3,1,37,249
2,1,3,1,36,250
2,0,2,0,65,251
2,0,3,1,112,252
2,3,3,1,99,253
2,3,3,1,107,254
2,0,3,1,3,255
2,0,1,1,120,256
2,0,3,1,101,257
2,1,3,1,4,258
2,3,3,1,45,259
2,1,3,1,58,260
2,1,3,1,116,261
2,2,3,1,34,262
2,3,3,1,114,263
2,0,3,1,82,264
2,1,3,1,43,265
2,1,3,1,62,266
2,1,3,1,35,267
2,0,3,1,18,268
2,3,3,1,97,269
2,1,1,0,96,270
2,2,3,1,78,271
2,2,3,1,5,272
2,2,3,1,108,273
2,1,3,1,11,274
2,0,2,1,84,275
2,2,3,1,49,276
2,3,3,1,38,277
2,0,3,1,119,278
2,2,3,1,53,279
2,0,3,1,86,280
2,2,3,1,8,281
2,1,3,1,88,282
2,2,3,1,21,283
2,1,3,1,42,284
2,3,3,1,22,285
2,1,3,1,17,286
2,3,3,1,63,287
2,1,3,1,94,288
2,3,3,1,113,289
2,2,3,1,93,290
2,0,3,1,33,291
2,1,3,1,115,292
2,0,3,1,87,293
2,3,3,1,59,294
2,3,3,1,32,295
2,1,3,1,15,296
2,1,3,1,91,297
2,0,3,1,68,298
2,2,3,1,19,299
2,0,3,1,20,300
2,3,3,1,81,301
2,0,3,1,110,302
2,2,3,1,79,303
2,3,3,1,111,304
2,1,1,0,28,305
2,3,3,1,69,306
2,3,3,1,106,307
2,2,3,1,2,308
2,2,3,1,77,309
2,1,3,1,30,310
2,0,3,1,56,311
2,3,3,1,6,312
2,0,3,1,61,313
2,1,3,1,31,314
2,2,3,1,100,315
2,2,3,1,72,316
2,2,3,1,7,317
2,2,3,1,66,318
2,0,3,1,73,319
2,2,3,1,89,320
2,2,3,1,109,321
2,3,3,1,70,322
2,1,3,1,92,323
2,2,3,1,117,324
2,1,3,1,46,325
2,1,3,1,55,326
2,1,3,1,60,327
2,2,3,1,52,328
2,3,3,1,98,329
2,2,3,1,64,330
2,2,3,1,47,331
2,0,3,1,57,332
2,2,3,1,12,333
2,1,3,1,105,334
2,0,3,1,54,335
2,0,3,1,26,336
2,3,3,1,16,337
2,0,3,1,39,338
2,1,3,1,71,339
2,3,3,1,9,340
2,1,3,1,27,341
2,3,3,1,14,342
2,2,3,1,50,343
2,0,3,1,80,344
2,3,3,1,44,345
2,2,3,1,95,346
2,1,3,1,75,347
2,1,3,1,10,348
2,3,3,1,1,349
2,0,3,1,41,350
2,0,3,1,74,351
2,2,3,1,23,352
2,2,3,1,103,353
2,3,3,1,48,354
2,3,3,1,24,355
2,3,3,1,76,356
2,3,3,1,40,357
2,0,3,1,67,358
2,0,3,1,90,359
2,3,3,1,13,360
