subject,condition,studyResp,studyResp2,studyResp3,named,afc,whichItem,trial
1,4,1,2,1,0,1,36,1
1,2,3,3,3,1,1,156,2
1,3,1,1,1,1,1,13,3
1,1,99999,99999,99999,1,1,48,4
1,1,99999,99999,99999,0,1,128,5
1,2,3,3,3,0,0,66,6
1,4,3,3,3,1,1,14,7
1,3,NaN,1,0,1,0,148,8
1,4,0,2,2,0,1,139,9
1,4,1,3,2,0,0,46,10
1,1,99999,99999,99999,0,1,65,11
1,2,3,3,3,0,1,95,12
1,3,0,1,1,0,1,55,13
1,2,3,3,3,0,1,150,14
1,1,99999,99999,99999,1,1,143,15
1,3,1,1,1,0,0,16,16
1,1,99999,99999,99999,0,1,17,17
1,3,0,1,1,1,1,186,18
1,2,2,3,3,1,1,44,19
1,2,3,3,3,1,0,140,20
1,4,2,2,2,1,1,103,21
1,4,2,2,2,1,1,122,22
1,3,1,1,1,0,1,123,23
1,1,99999,99999,99999,0,1,88,24
1,3,1,1,1,1,1,188,25
1,3,1,1,1,0,1,62,26
1,4,2,2,2,1,1,32,27
1,1,99999,99999,99999,0,0,40,28
1,1,99999,99999,99999,0,0,168,29
1,2,2,3,3,1,1,144,30
1,2,3,3,3,0,1,43,31
1,4,1,1,2,0,1,11,32
1,4,0,2,2,1,1,96,33
1,4,3,3,3,0,1,171,34
1,3,0,1,1,0,0,3,35
1,2,3,3,3,1,1,109,36
1,3,1,1,1,0,1,98,37
1,1,99999,99999,99999,1,1,121,38
1,2,3,3,3,1,1,181,39
1,1,99999,99999,99999,0,0,162,40
1,2,3,3,3,0,1,108,41
1,4,3,3,3,1,1,81,42
1,2,3,3,3,0,1,184,43
1,3,0,0,1,0,1,6,44
1,4,3,3,3,0,0,173,45
1,1,99999,99999,99999,0,1,159,46
1,1,99999,99999,99999,0,0,61,47
1,3,NaN,1,1,1,1,78,48
1,2,3,3,3,0,0,172,49
1,2,3,3,3,1,1,12,50
1,4,3,3,3,0,1,71,51
1,1,99999,99999,99999,0,0,31,52
1,1,99999,99999,99999,0,1,178,53
1,3,0,1,1,0,0,18,54
1,3,1,1,1,0,0,126,55
1,4,2,3,3,0,1,180,56
1,3,0,1,1,0,0,39,57
1,2,3,3,3,1,1,10,58
1,1,99999,99999,99999,0,0,47,59
1,4,2,2,2,0,0,20,60
1,2,3,3,3,0,0,170,61
1,4,1,1,2,1,1,182,62
1,3,1,1,1,0,0,167,63
1,1,99999,99999,99999,1,1,84,64
1,1,99999,99999,99999,0,1,4,65
1,1,99999,99999,99999,0,1,70,66
1,2,3,3,3,1,1,5,67
1,2,3,3,3,0,0,119,68
1,4,2,2,2,0,1,136,69
1,4,1,3,2,1,1,117,70
1,3,0,1,1,1,1,30,71
1,3,1,1,1,0,0,94,72
1,1,99999,99999,99999,0,1,87,73
1,4,2,2,2,0,1,135,74
1,2,3,3,3,1,1,49,75
1,1,99999,99999,99999,0,1,34,76
1,2,3,3,3,1,1,7,77
1,4,2,3,3,0,1,116,78
1,3,1,1,1,0,1,69,79
1,3,1,1,3,1,1,92,80
1,1,99999,99999,99999,0,1,29,81
1,4,2,3,NaN,0,1,154,82
1,1,99999,99999,99999,1,1,52,83
1,2,3,3,1,0,1,166,84
1,2,3,3,3,0,1,124,85
1,3,1,1,1,0,1,169,86
1,3,0,1,1,0,1,77,87
1,4,3,3,3,1,1,15,88
1,4,2,2,2,1,1,145,89
1,2,3,3,3,0,1,100,90
1,4,3,3,3,1,1,176,91
1,2,3,3,3,0,1,129,92
1,1,99999,99999,99999,0,1,86,93
1,3,1,1,1,0,1,21,94
1,3,1,1,1,0,1,63,95
1,1,99999,99999,99999,0,0,26,96
1,1,99999,99999,99999,0,0,127,97
1,3,1,1,1,0,1,80,98
1,3,1,2,1,0,1,54,99
1,2,3,3,3,1,1,35,100
1,2,3,3,3,0,1,72,101
1,1,99999,99999,99999,0,1,24,102
1,4,2,2,2,1,1,101,103
1,4,3,3,3,0,1,131,104
1,1,99999,99999,99999,1,1,138,105
1,4,2,2,2,1,1,75,106
1,3,0,1,1,1,1,164,107
1,3,1,1,1,1,1,50,108
1,2,3,3,3,1,1,38,109
1,2,3,3,3,1,1,89,110
1,1,99999,99999,99999,1,1,27,111
1,4,2,1,1,0,1,174,112
1,1,99999,99999,99999,0,1,185,113
1,2,3,3,3,1,1,114,114
1,4,3,3,3,0,0,190,115
1,1,99999,99999,99999,1,1,74,116
1,4,2,3,2,0,1,189,117
1,3,1,0,1,1,1,192,118
1,3,1,1,1,0,1,110,119
1,2,3,3,3,1,0,42,120
1,2,3,3,NaN,0,1,51,121
1,1,99999,99999,99999,0,1,58,122
1,2,3,3,3,0,1,41,123
1,1,99999,99999,99999,0,1,183,124
1,3,1,1,1,0,0,102,125
1,4,2,2,2,0,0,93,126
1,4,2,2,2,0,1,19,127
1,3,0,1,1,1,1,133,128
1,1,99999,99999,99999,0,1,57,129
1,4,2,2,3,0,1,73,130
1,1,99999,99999,99999,0,1,149,131
1,2,3,3,3,0,1,175,132
1,3,0,1,0,1,1,104,133
1,2,3,3,3,0,0,9,134
1,3,1,1,1,1,1,60,135
1,4,3,2,3,1,1,147,136
1,4,3,3,3,1,0,146,137
1,3,0,1,2,0,1,191,138
1,3,1,1,1,0,0,1,139
1,1,99999,99999,99999,1,1,90,140
1,2,3,3,3,1,1,142,141
1,4,3,3,3,1,1,68,142
1,2,3,3,3,1,0,67,143
1,1,99999,99999,99999,0,0,134,144
1,1,99999,99999,99999,1,1,97,145
1,3,1,1,0,1,1,112,146
1,1,99999,99999,99999,0,1,130,147
1,3,0,0,0,0,1,115,148
1,4,3,3,3,1,1,25,149
1,4,3,3,3,0,1,106,150
1,2,3,3,3,0,1,132,151
1,2,3,3,3,0,1,8,152
1,1,99999,99999,99999,0,1,160,153
1,3,1,0,0,0,1,118,154
1,4,2,2,2,0,1,105,155
1,4,3,3,3,0,1,85,156
1,2,3,3,3,0,1,120,157
1,3,1,1,0,1,1,37,158
1,1,99999,99999,99999,1,1,151,159
1,2,3,3,3,0,1,153,160
1,4,2,2,3,1,1,187,161
1,3,0,0,0,0,1,83,162
1,1,99999,99999,99999,0,0,152,163
1,1,99999,99999,99999,0,0,33,164
1,2,3,3,3,0,1,45,165
1,2,3,3,3,0,0,111,166
1,3,1,0,0,1,1,79,167
1,4,3,3,3,0,1,56,168
1,1,99999,99999,99999,1,1,157,169
1,3,1,1,0,1,1,22,170
1,3,0,0,0,0,1,59,171
1,4,3,3,3,1,1,99,172
1,1,99999,99999,99999,0,1,158,173
1,2,3,3,3,0,1,165,174
1,4,3,3,3,1,0,2,175
1,2,3,3,3,1,1,125,176
1,2,3,3,3,0,1,23,177
1,3,0,0,1,0,1,141,178
1,4,2,2,2,1,1,113,179
1,1,99999,99999,99999,0,1,179,180
1,1,99999,99999,99999,0,1,107,181
1,4,1,1,3,0,1,91,182
1,3,0,0,1,0,1,28,183
1,2,3,3,3,0,1,161,184
1,2,3,3,3,0,0,53,185
1,2,3,3,3,0,0,163,186
1,1,99999,99999,99999,0,1,64,187
1,4,2,1,2,0,1,76,188
1,1,99999,99999,99999,0,1,177,189
1,4,1,1,1,0,0,82,190
1,3,0,0,1,0,1,137,191
1,3,0,1,2,0,0,155,192
2,2,3,3,2,1,1,48,1
2,3,0,1,2,0,1,40,2
2,2,3,3,3,0,0,178,3
2,1,99999,99999,99999,0,1,15,4
2,4,3,3,2,1,0,51,5
2,1,99999,99999,99999,0,1,39,6
2,3,3,3,3,0,0,136,7
2,4,3,3,2,0,1,118,8
2,2,3,3,3,1,1,84,9
2,4,3,3,3,1,1,114,10
2,1,99999,99999,99999,0,0,18,11
2,3,2,2,2,0,1,116,12
2,4,2,3,3,0,0,115,13
2,3,2,3,3,0,1,88,14
2,1,99999,99999,99999,0,1,145,15
2,2,3,3,3,0,0,65,16
2,2,3,3,3,0,0,25,17
2,3,1,3,2,1,1,1,18
2,4,1,3,1,0,0,108,19
2,4,1,3,2,1,1,103,20
2,3,1,2,2,0,0,36,21
2,2,2,3,1,0,1,129,22
2,1,99999,99999,99999,0,1,62,23
2,1,99999,99999,99999,1,0,140,24
2,3,1,2,0,1,0,46,25
2,2,2,2,3,0,1,166,26
2,4,2,3,NaN,1,1,109,27
2,2,2,2,2,0,1,85,28
2,1,99999,99999,99999,0,0,123,29
2,4,2,NaN,2,0,1,11,30
2,3,2,3,3,1,1,104,31
2,1,99999,99999,99999,0,1,144,32
2,3,2,2,3,0,0,56,33
2,2,3,1,3,1,1,78,34
2,2,3,3,3,0,0,142,35
2,1,99999,99999,99999,1,0,6,36
2,3,2,3,3,1,1,79,37
2,4,3,2,2,1,0,30,38
2,4,NaN,2,3,1,0,167,39
2,1,99999,99999,99999,0,1,33,40
2,2,3,1,3,0,0,9,41
2,1,99999,99999,99999,0,1,3,42
2,2,3,3,3,0,0,98,43
2,3,3,0,2,0,0,59,44
2,1,99999,99999,99999,1,1,157,45
2,4,3,2,0,0,0,126,46
2,4,3,2,2,1,0,69,47
2,3,3,2,2,0,1,99,48
2,2,3,3,3,0,1,14,49
2,4,3,2,3,1,0,5,50
2,1,99999,99999,99999,0,1,86,51
2,3,2,1,1,1,0,100,52
2,4,3,2,3,1,0,68,53
2,3,0,1,2,1,0,133,54
2,1,99999,99999,99999,1,1,61,55
2,2,2,3,2,1,1,150,56
2,3,3,2,2,1,1,124,57
2,4,3,2,3,1,0,73,58
2,1,99999,99999,99999,1,1,121,59
2,2,3,2,3,1,1,156,60
2,3,2,2,3,1,1,192,61
2,2,2,2,2,1,1,139,62
2,4,3,3,3,1,1,49,63
2,1,99999,99999,99999,0,1,29,64
2,4,3,3,2,1,0,172,65
2,4,3,3,3,0,0,183,66
2,1,99999,99999,99999,0,1,94,67
2,1,99999,99999,99999,0,0,179,68
2,2,3,3,3,0,0,72,69
2,2,3,3,3,0,0,93,70
2,3,1,1,1,0,0,162,71
2,3,2,2,2,1,1,95,72
2,2,3,3,3,1,1,89,73
2,3,0,1,0,0,0,66,74
2,4,3,3,3,1,1,170,75
2,2,3,3,NaN,0,0,190,76
2,1,99999,99999,99999,1,1,92,77
2,3,2,2,3,0,0,159,78
2,4,3,3,3,1,0,185,79
2,1,99999,99999,99999,0,0,177,80
2,4,1,2,3,1,0,76,81
2,4,2,1,3,1,1,74,82
2,3,0,2,2,0,1,137,83
2,2,1,3,3,0,0,160,84
2,3,2,1,0,0,0,96,85
2,1,99999,99999,99999,0,1,34,86
2,2,2,2,2,1,1,187,87
2,1,99999,99999,99999,1,1,143,88
2,2,2,3,3,0,1,2,89
2,3,0,0,0,1,1,28,90
2,1,99999,99999,99999,0,0,4,91
2,4,3,3,3,1,1,113,92
2,3,0,2,2,0,0,81,93
2,1,99999,99999,99999,0,0,128,94
2,2,2,2,3,0,0,130,95
2,4,2,2,2,0,0,58,96
2,3,2,0,1,1,1,77,97
2,2,3,3,3,1,1,161,98
2,1,99999,99999,99999,0,1,8,99
2,4,3,0,2,0,1,146,100
2,1,99999,99999,99999,0,0,119,101
2,4,3,3,3,1,1,131,102
2,3,2,0,1,0,0,120,103
2,2,1,3,3,1,1,90,104
2,2,3,2,3,1,1,57,105
2,3,0,0,2,0,1,132,106
2,3,0,1,0,1,0,63,107
2,2,1,2,2,0,1,163,108
2,1,99999,99999,99999,0,0,153,109
2,4,2,3,2,0,0,174,110
2,4,3,0,3,0,1,147,111
2,1,99999,99999,99999,1,0,7,112
2,2,2,2,2,1,1,164,113
2,2,1,2,1,0,1,127,114
2,4,0,2,3,0,1,27,115
2,3,0,0,1,0,1,158,116
2,1,99999,99999,99999,0,1,135,117
2,1,99999,99999,99999,0,1,41,118
2,3,3,0,2,0,0,125,119
2,4,3,3,2,0,1,106,120
2,2,3,2,2,1,1,54,121
2,4,1,2,2,0,1,105,122
2,3,2,1,2,0,1,152,123
2,3,2,0,1,0,0,111,124
2,2,2,1,1,0,1,138,125
2,1,99999,99999,99999,0,0,42,126
2,1,99999,99999,99999,0,0,117,127
2,4,2,2,3,0,0,24,128
2,2,2,3,3,1,1,176,129
2,2,2,2,2,1,1,19,130
2,1,99999,99999,99999,1,1,112,131
2,3,0,0,0,0,0,70,132
2,4,NaN,2,3,1,1,151,133
2,1,99999,99999,99999,1,0,21,134
2,3,0,0,0,0,0,71,135
2,4,2,2,0,0,0,80,136
2,1,99999,99999,99999,0,0,169,137
2,4,1,3,3,0,1,50,138
2,4,2,2,2,1,1,97,139
2,3,0,0,0,0,1,20,140
2,1,99999,99999,99999,1,1,37,141
2,2,2,2,2,0,1,154,142
2,2,2,2,2,0,0,189,143
2,3,0,2,0,0,0,87,144
2,4,2,2,3,0,1,171,145
2,1,99999,99999,99999,0,1,180,146
2,4,2,1,3,1,1,122,147
2,3,0,2,0,0,0,149,148
2,1,99999,99999,99999,1,1,102,149
2,3,2,0,1,0,0,55,150
2,2,2,2,2,0,0,23,151
2,2,2,2,2,0,0,107,152
2,2,2,2,2,0,0,53,153
2,4,NaN,NaN,NaN,0,0,32,154
2,3,2,2,3,0,0,134,155
2,4,3,2,1,0,0,173,156
2,3,1,2,3,1,0,148,157
2,2,2,2,2,0,1,64,158
2,1,99999,99999,99999,0,0,110,159
2,1,99999,99999,99999,0,1,182,160
2,3,0,0,0,1,1,82,161
2,2,2,NaN,NaN,1,1,188,162
2,4,NaN,2,2,0,1,45,163
2,2,2,2,2,1,1,22,164
2,3,1,2,2,1,1,17,165
2,1,99999,99999,99999,0,1,26,166
2,4,2,3,3,1,1,12,167
2,1,99999,99999,99999,0,1,175,168
2,4,2,2,2,1,1,165,169
2,2,2,2,2,0,0,83,170
2,4,2,3,2,1,1,10,171
2,1,99999,99999,99999,0,0,52,172
2,3,0,0,0,0,0,91,173
2,1,99999,99999,99999,0,0,67,174
2,3,0,0,2,0,0,168,175
2,2,0,3,3,1,0,186,176
2,1,99999,99999,99999,0,1,47,177
2,4,2,3,2,1,0,16,178
2,2,0,3,1,0,1,60,179
2,3,0,2,2,1,1,75,180
2,4,0,3,2,0,1,43,181
2,2,1,2,2,0,1,35,182
2,1,99999,99999,99999,0,1,155,183
2,3,0,1,1,1,0,181,184
2,3,1,2,3,0,1,184,185
2,4,1,2,3,1,1,13,186
2,4,2,2,1,0,1,44,187
2,1,99999,99999,99999,0,0,141,188
2,1,99999,99999,99999,1,1,31,189
2,2,2,3,3,1,0,38,190
2,2,2,3,2,0,0,191,191
2,3,0,NaN,2,1,1,101,192
3,4,3,3,3,0,1,136,1
3,4,2,1,1,0,0,40,2
3,2,3,3,3,0,1,39,3
3,3,1,1,1,0,1,178,4
3,2,3,3,3,0,1,15,5
3,1,99999,99999,99999,0,0,51,6
3,3,1,1,2,1,1,48,7
3,1,99999,99999,99999,0,1,118,8
3,2,3,3,3,0,1,18,9
3,3,1,2,1,0,1,84,10
3,2,3,3,3,1,0,145,11
3,1,99999,99999,99999,0,1,115,12
3,3,0,1,1,1,1,65,13
3,4,3,3,3,0,1,116,14
3,1,99999,99999,99999,1,1,114,15
3,4,3,2,2,0,1,88,16
3,2,3,3,3,1,1,62,17
3,4,3,2,2,1,1,1,18
3,3,1,1,1,0,1,129,19
3,4,2,2,2,0,1,36,20
3,2,3,3,3,0,1,140,21
3,1,99999,99999,99999,0,1,108,22
3,1,99999,99999,99999,0,1,103,23
3,3,2,1,2,1,1,25,24
3,2,3,3,3,1,1,144,25
3,3,1,1,1,0,1,166,26
3,3,1,1,2,0,1,85,27
3,2,3,3,3,0,1,123,28
3,4,1,2,1,0,1,46,29
3,1,99999,99999,99999,1,1,109,30
3,4,3,3,2,0,1,104,31
3,1,99999,99999,99999,0,1,11,32
3,2,3,3,3,0,0,33,33
3,4,2,2,3,1,1,56,34
3,3,1,1,1,1,1,78,35
3,4,3,3,3,1,1,79,36
3,1,99999,99999,99999,0,1,167,37
3,1,99999,99999,99999,1,0,30,38
3,3,1,1,1,0,1,142,39
3,2,3,3,3,0,1,6,40
3,2,3,3,3,1,1,157,41
3,1,99999,99999,99999,1,1,69,42
3,2,3,3,3,1,0,3,43
3,3,1,1,1,0,0,9,44
3,4,2,2,3,0,1,99,45
3,3,1,1,1,1,1,98,46
3,4,3,2,3,0,0,59,47
3,1,99999,99999,99999,0,1,126,48
3,2,2,2,2,0,1,86,49
3,4,2,3,3,1,1,100,50
3,3,1,1,1,0,1,150,51
3,3,1,1,1,0,1,14,52
3,1,99999,99999,99999,0,1,68,53
3,4,3,3,3,1,1,133,54
3,1,99999,99999,99999,0,1,5,55
3,2,3,3,3,1,1,61,56
3,3,1,1,1,1,1,156,57
3,1,99999,99999,99999,0,1,73,58
3,2,3,3,3,1,1,29,59
3,2,3,3,3,1,1,121,60
3,4,3,3,3,1,1,192,61
3,3,2,2,2,0,1,139,62
3,4,2,3,3,1,1,124,63
3,1,99999,99999,99999,1,1,49,64
3,3,1,1,1,0,1,72,65
3,4,3,3,3,0,1,95,66
3,1,99999,99999,99999,0,1,183,67
3,4,2,3,3,0,0,162,68
3,1,99999,99999,99999,0,0,172,69
3,2,3,3,3,0,1,94,70
3,2,3,3,3,0,1,179,71
3,3,1,1,1,0,0,93,72
3,2,3,3,3,1,1,177,73
3,4,2,2,3,1,1,66,74
3,2,3,3,3,0,0,92,75
3,1,99999,99999,99999,0,0,170,76
3,4,2,2,3,0,1,159,77
3,1,99999,99999,99999,0,1,185,78
3,3,1,1,1,0,1,190,79
3,3,1,1,1,1,1,89,80
3,4,2,3,3,0,1,96,81
3,1,99999,99999,99999,0,1,76,82
3,4,2,3,3,1,1,137,83
3,2,2,3,2,0,0,143,84
3,3,1,1,1,0,1,160,85
3,1,99999,99999,99999,1,1,74,86
3,3,1,1,1,0,1,187,87
3,2,3,3,3,0,0,34,88
3,3,1,1,1,0,1,2,89
3,3,1,1,1,1,1,130,90
3,1,99999,99999,99999,0,0,58,91
3,4,1,1,2,1,0,28,92
3,4,NaN,2,2,1,1,81,93
3,2,NaN,3,3,0,0,128,94
3,2,2,3,3,0,1,4,95
3,1,99999,99999,99999,0,1,113,96
3,2,3,3,3,0,1,8,97
3,3,1,1,1,0,1,161,98
3,1,99999,99999,99999,0,0,146,99
3,4,2,3,3,0,1,120,100
3,4,3,3,3,1,1,77,101
3,2,3,3,3,0,1,119,102
3,3,1,1,1,0,0,90,103
3,1,99999,99999,99999,0,1,131,104
3,4,2,2,2,0,0,132,105
3,1,99999,99999,99999,0,1,174,106
3,4,2,NaN,3,1,1,63,107
3,2,3,3,3,1,0,7,108
3,3,1,1,1,0,1,163,109
3,3,1,1,1,1,1,57,110
3,1,99999,99999,99999,0,1,147,111
3,2,3,3,3,0,1,153,112
3,1,99999,99999,99999,0,1,106,113
3,1,99999,99999,99999,0,1,27,114
3,3,1,1,1,1,1,164,115
3,2,3,3,3,0,1,41,116
3,2,3,3,3,0,1,135,117
3,3,1,2,2,1,1,127,118
3,4,2,2,2,0,1,125,119
3,4,2,3,3,0,1,158,120
3,1,99999,99999,99999,0,1,105,121
3,3,1,1,1,1,1,138,122
3,3,1,1,1,0,1,54,123
3,4,2,2,2,0,0,152,124
3,4,2,3,3,0,0,111,125
3,1,99999,99999,99999,0,1,24,126
3,2,3,3,3,0,1,117,127
3,2,3,3,3,1,1,42,128
3,1,99999,99999,99999,0,0,80,129
3,4,3,3,3,1,1,70,130
3,3,1,1,1,1,1,19,131
3,2,3,3,3,1,1,21,132
3,2,3,3,3,1,1,112,133
3,4,3,3,3,0,1,71,134
3,1,99999,99999,99999,1,1,151,135
3,3,2,3,3,1,1,176,136
3,4,3,3,3,1,1,87,137
3,2,3,3,3,1,1,37,138
3,3,1,2,2,0,1,189,139
3,4,3,3,3,0,1,20,140
3,1,99999,99999,99999,1,1,97,141
3,2,3,3,3,0,0,169,142
3,1,99999,99999,99999,0,1,50,143
3,3,2,2,1,0,1,154,144
3,3,0,2,2,0,1,23,145
3,2,3,3,NaN,0,0,102,146
3,2,3,3,3,0,1,180,147
3,4,3,3,3,1,1,55,148
3,3,2,2,3,0,1,107,149
3,1,99999,99999,99999,1,1,122,150
3,1,99999,99999,99999,0,1,171,151
3,4,2,2,2,0,1,149,152
3,4,3,3,NaN,0,0,134,153
3,2,3,3,3,0,1,182,154
3,4,3,3,NaN,1,1,148,155
3,1,99999,99999,99999,1,1,32,156
3,1,99999,99999,99999,0,1,173,157
3,3,3,3,3,0,1,64,158
3,3,0,1,1,0,0,53,159
3,2,3,3,3,0,0,110,160
3,2,3,3,3,0,1,26,161
3,4,NaN,3,3,1,1,17,162
3,3,NaN,1,1,1,1,188,163
3,3,1,1,1,0,1,22,164
3,1,99999,99999,99999,1,1,12,165
3,2,NaN,3,3,1,1,175,166
3,1,99999,99999,99999,1,1,45,167
3,4,0,2,1,1,1,82,168
3,4,2,3,3,1,1,91,169
3,3,1,1,1,1,1,186,170
3,1,99999,99999,99999,1,1,10,171
3,1,99999,99999,99999,0,1,165,172
3,3,1,1,1,0,1,83,173
3,2,3,3,3,0,1,52,174
3,2,3,3,3,0,0,67,175
3,4,3,3,3,0,0,168,176
3,2,3,3,3,0,0,155,177
3,2,3,3,3,0,1,47,178
3,4,3,3,3,1,1,181,179
3,4,3,3,3,1,1,75,180
3,3,2,2,2,1,1,60,181
3,1,99999,99999,99999,1,1,16,182
3,1,99999,99999,99999,1,1,43,183
3,3,1,2,1,1,1,35,184
3,1,99999,99999,99999,0,0,44,185
3,4,3,3,3,0,1,184,186
3,3,2,2,2,1,1,38,187
3,4,2,3,3,1,1,101,188
3,2,3,3,3,0,1,31,189
3,1,99999,99999,99999,0,1,13,190
3,3,2,2,2,0,1,191,191
3,2,3,3,3,0,0,141,192
4,3,0,0,1,0,0,39,1
4,2,3,3,3,0,1,118,2
4,2,3,3,3,0,0,51,3
4,4,2,1,2,0,0,178,4
4,1,99999,99999,99999,0,1,136,5
4,3,0,1,1,0,0,15,6
4,1,99999,99999,99999,0,0,40,7
4,4,3,3,3,1,0,48,8
4,4,3,3,3,1,1,84,9
4,3,1,0,0,0,1,145,10
4,3,0,0,0,0,0,18,11
4,2,3,3,3,0,1,115,12
4,1,99999,99999,99999,0,1,88,13
4,1,99999,99999,99999,0,0,116,14
4,4,1,2,1,0,0,65,15
4,2,3,3,3,1,0,114,16
4,1,99999,99999,99999,0,1,36,17
4,3,0,0,0,0,0,62,18
4,4,3,3,3,1,1,129,19
4,2,3,3,3,0,1,103,20
4,4,3,3,3,1,1,25,21
4,2,3,3,3,0,0,108,22
4,3,0,0,1,1,1,140,23
4,1,99999,99999,99999,0,1,1,24
4,3,0,0,0,0,1,144,25
4,3,0,0,0,0,1,123,26
4,1,99999,99999,99999,1,1,104,27
4,2,3,3,3,0,1,11,28
4,4,2,2,2,0,1,166,29
4,1,99999,99999,99999,0,1,46,30
4,4,3,3,3,0,0,85,31
4,2,3,3,3,0,1,109,32
4,4,2,2,2,0,0,78,33
4,2,3,3,3,0,0,167,34
4,2,3,3,3,1,0,30,35
4,1,99999,99999,99999,1,1,79,36
4,3,0,0,0,0,0,6,37
4,3,0,0,0,0,0,33,38
4,4,2,2,2,0,0,142,39
4,1,99999,99999,99999,0,0,56,40
4,4,1,1,2,1,1,98,41
4,2,3,3,3,0,1,126,42
4,2,3,3,3,0,0,69,43
4,1,99999,99999,99999,0,1,99,44
4,3,1,0,0,0,0,3,45
4,4,3,3,3,0,0,9,46
4,3,1,0,0,1,1,157,47
4,1,99999,99999,99999,0,0,59,48
4,4,3,3,3,1,1,14,49
4,1,99999,99999,99999,1,1,100,50
4,4,3,3,3,0,0,150,51
4,1,99999,99999,99999,0,0,133,52
4,2,3,3,3,1,1,68,53
4,3,0,0,0,0,0,61,54
4,3,1,0,0,0,1,86,55
4,2,3,3,3,0,0,5,56
4,4,3,1,1,0,1,139,57
4,1,99999,99999,99999,0,1,124,58
4,4,0,1,0,0,1,156,59
4,3,0,0,0,0,1,29,60
4,3,0,1,0,0,0,121,61
4,2,3,3,3,0,1,73,62
4,2,3,3,3,0,0,49,63
4,1,99999,99999,99999,1,1,192,64
4,2,3,3,3,0,1,183,65
4,2,3,3,3,0,0,172,66
4,4,2,1,2,0,1,72,67
4,3,0,0,0,0,1,179,68
4,1,99999,99999,99999,0,0,162,69
4,3,0,0,0,0,1,94,70
4,1,99999,99999,99999,0,0,95,71
4,4,1,1,1,0,0,93,72
4,1,99999,99999,99999,0,1,66,73
4,2,3,3,3,0,0,185,74
4,3,0,0,0,0,1,177,75
4,4,2,1,2,1,1,89,76
4,3,0,0,0,0,0,92,77
4,2,3,3,3,0,1,170,78
4,4,1,1,1,1,1,190,79
4,1,99999,99999,99999,0,1,159,80
4,1,99999,99999,99999,0,1,137,81
4,3,2,1,1,0,0,34,82
4,1,99999,99999,99999,0,1,96,83
4,4,2,2,3,0,1,187,84
4,2,3,3,3,0,0,76,85
4,4,0,1,1,0,1,160,86
4,3,0,0,0,0,0,143,87
4,2,3,3,3,1,1,74,88
4,1,99999,99999,99999,0,1,28,89
4,2,3,3,3,0,1,113,90
4,4,0,0,0,0,0,130,91
4,2,2,3,3,0,0,58,92
4,3,0,0,0,0,1,128,93
4,1,99999,99999,99999,0,0,81,94
4,3,0,0,0,0,0,4,95
4,4,1,2,3,1,0,2,96
4,2,3,3,3,1,1,131,97
4,3,0,1,1,0,1,119,98
4,4,1,1,1,1,1,161,99
4,1,99999,99999,99999,1,1,77,100
4,1,99999,99999,99999,0,1,120,101
4,2,2,3,3,0,1,146,102
4,3,0,0,1,1,1,8,103
4,4,3,3,3,0,1,90,104
4,4,1,1,1,0,1,163,105
4,3,0,0,0,1,1,7,106
4,2,1,3,2,0,1,147,107
4,2,3,3,3,0,0,174,108
4,3,0,0,0,1,1,153,109
4,4,2,1,1,0,0,57,110
4,1,99999,99999,99999,0,1,63,111
4,1,99999,99999,99999,0,0,132,112
4,4,3,3,3,1,1,164,113
4,3,0,0,0,0,0,135,114
4,2,3,3,3,0,1,27,115
4,4,1,2,2,0,0,127,116
4,1,99999,99999,99999,0,1,158,117
4,1,99999,99999,99999,1,0,125,118
4,2,3,3,3,1,1,106,119
4,3,1,0,0,0,1,41,120
4,4,3,3,3,0,1,54,121
4,2,3,3,3,0,0,105,122
4,3,0,0,0,0,0,42,123
4,1,99999,99999,99999,0,1,111,124
4,2,3,3,3,0,0,24,125
4,4,1,1,0,1,1,138,126
4,3,1,0,0,0,1,117,127
4,1,99999,99999,99999,0,0,152,128
4,1,99999,99999,99999,0,1,71,129
4,1,99999,99999,99999,0,0,70,130
4,4,3,3,3,1,1,176,131
4,3,0,1,2,1,1,112,132
4,2,3,3,3,0,1,80,133
4,4,3,3,2,0,1,19,134
4,2,3,3,3,1,1,151,135
4,3,0,0,0,0,0,21,136
4,4,3,3,3,1,1,154,137
4,3,0,0,0,0,0,169,138
4,2,3,3,3,1,1,97,139
4,4,1,1,2,0,1,189,140
4,1,99999,99999,99999,0,0,20,141
4,2,3,3,3,0,1,50,142
4,1,99999,99999,99999,0,0,87,143
4,3,0,0,1,0,1,37,144
4,4,2,2,2,1,1,23,145
4,1,99999,99999,99999,0,1,149,146
4,1,99999,99999,99999,0,0,55,147
4,2,3,3,3,0,1,171,148
4,2,3,3,3,0,1,122,149
4,3,0,0,0,0,1,102,150
4,4,2,2,2,0,0,107,151
4,3,0,0,NaN,0,0,180,152
4,2,3,3,3,0,0,32,153
4,3,0,0,0,0,0,110,154
4,4,3,3,3,0,1,64,155
4,1,99999,99999,99999,1,1,148,156
4,4,2,2,0,0,0,53,157
4,1,99999,99999,99999,0,0,134,158
4,2,3,3,3,0,1,173,159
4,3,0,0,1,0,1,182,160
4,4,2,2,1,0,1,188,161
4,3,0,0,1,0,1,26,162
4,1,99999,99999,99999,0,1,82,163
4,4,2,2,2,0,1,22,164
4,2,3,3,3,1,1,12,165
4,1,99999,99999,99999,0,1,17,166
4,2,3,3,3,0,1,45,167
4,3,0,0,0,0,1,175,168
4,4,2,2,2,0,1,186,169
4,2,3,3,3,0,1,165,170
4,3,0,0,0,0,0,67,171
4,1,99999,99999,99999,0,1,91,172
4,2,3,3,3,0,0,10,173
4,1,99999,99999,99999,0,1,168,174
4,4,1,1,1,0,0,83,175
4,3,0,1,0,0,0,52,176
4,4,2,3,3,1,1,35,177
4,2,3,3,3,1,1,16,178
4,4,1,1,2,0,1,60,179
4,1,99999,99999,99999,0,0,181,180
4,3,0,0,0,0,0,155,181
4,3,1,1,0,0,0,47,182
4,1,99999,99999,99999,0,1,75,183
4,2,3,0,3,1,1,43,184
4,3,0,0,0,0,1,31,185
4,3,0,0,0,0,1,141,186
4,1,99999,99999,99999,0,1,101,187
4,2,3,3,3,1,1,13,188
4,2,2,3,3,0,1,44,189
4,4,3,2,3,1,1,38,190
4,1,99999,99999,99999,0,1,184,191
4,4,2,3,3,1,1,191,192
5,3,1,1,0,1,1,88,1
5,2,3,3,3,1,1,84,2
5,4,1,3,3,0,1,115,3
5,4,3,3,3,1,1,114,4
5,2,3,3,3,0,1,65,5
5,3,0,1,0,0,1,116,6
5,1,99999,99999,99999,0,1,18,7
5,1,99999,99999,99999,0,0,145,8
5,3,0,1,1,0,0,40,9
5,3,1,0,1,0,1,136,10
5,2,NaN,3,3,0,1,178,11
5,2,3,3,3,1,1,48,12
5,1,99999,99999,99999,0,0,15,13
5,4,3,3,3,0,1,51,14
5,4,2,2,2,0,1,118,15
5,1,99999,99999,99999,0,1,39,16
5,4,3,3,3,1,1,109,17
5,2,3,3,3,0,0,166,18
5,1,99999,99999,99999,0,1,123,19
5,1,99999,99999,99999,1,1,144,20
5,3,1,1,1,0,1,46,21
5,2,2,3,3,0,1,85,22
5,4,3,3,3,0,0,11,23
5,3,0,0,0,0,0,104,24
5,1,99999,99999,99999,1,1,140,25
5,2,3,3,3,1,1,25,26
5,3,0,0,0,1,1,1,27
5,2,3,3,3,1,1,129,28
5,1,99999,99999,99999,1,1,62,29
5,4,2,3,3,0,0,108,30
5,3,0,0,1,0,1,36,31
5,4,3,3,3,1,1,103,32
5,4,2,3,NaN,1,1,126,33
5,3,0,0,0,0,0,59,34
5,3,1,1,0,0,1,99,35
5,1,99999,99999,99999,0,1,3,36
5,1,99999,99999,99999,1,1,157,37
5,4,3,3,3,1,1,69,38
5,2,3,3,3,0,0,9,39
5,2,3,3,3,1,1,98,40
5,2,3,3,3,1,1,142,41
5,2,3,3,3,1,1,78,42
5,1,99999,99999,99999,1,1,6,43
5,4,3,3,3,1,1,167,44
5,4,3,2,2,1,1,30,45
5,1,99999,99999,99999,0,0,33,46
5,3,0,0,0,0,1,56,47
5,3,0,0,0,1,1,79,48
5,2,3,3,3,1,1,139,49
5,4,3,3,3,1,1,73,50
5,1,99999,99999,99999,1,1,29,51
5,4,3,3,3,1,1,49,52
5,2,3,3,3,1,1,156,53
5,3,0,NaN,0,0,0,124,54
5,1,99999,99999,99999,1,0,121,55
5,3,0,0,3,1,1,192,56
5,3,0,0,0,1,1,100,57
5,4,3,3,3,1,1,68,58
5,4,3,3,3,1,1,5,59
5,2,3,3,3,0,1,14,60
5,1,99999,99999,99999,0,1,86,61
5,1,99999,99999,99999,0,0,61,62
5,2,2,3,3,0,1,150,63
5,3,0,0,0,0,1,133,64
5,1,99999,99999,99999,0,1,177,65
5,4,3,3,3,0,0,185,66
5,2,3,3,3,1,1,89,67
5,1,99999,99999,99999,1,1,92,68
5,3,0,0,0,0,1,159,69
5,2,3,3,3,0,0,190,70
5,3,0,0,1,0,1,66,71
5,4,3,3,3,0,1,170,72
5,1,99999,99999,99999,0,1,94,73
5,3,0,1,0,0,1,162,74
5,2,3,3,3,0,1,72,75
5,3,0,1,0,1,1,95,76
5,1,99999,99999,99999,0,0,179,77
5,2,3,3,3,0,0,93,78
5,4,3,3,NaN,1,0,172,79
5,4,3,3,3,0,1,183,80
5,3,0,0,0,1,1,28,81
5,1,99999,99999,99999,0,0,128,82
5,2,3,3,3,0,1,2,83
5,1,99999,99999,99999,0,1,4,84
5,3,0,0,0,1,1,81,85
5,4,3,3,3,0,1,113,86
5,4,3,3,3,1,1,58,87
5,2,3,3,3,0,0,130,88
5,3,0,3,0,0,1,137,89
5,1,99999,99999,99999,0,1,34,90
5,1,99999,99999,99999,0,0,143,91
5,2,3,3,3,0,1,160,92
5,4,3,3,3,0,1,74,93
5,2,3,NaN,3,1,1,187,94
5,3,0,0,0,0,1,96,95
5,4,3,3,3,0,1,76,96
5,3,0,2,0,0,0,132,97
5,1,99999,99999,99999,0,1,153,98
5,4,3,3,3,0,1,174,99
5,2,3,3,3,1,1,57,100
5,2,3,3,3,0,1,163,101
5,1,99999,99999,99999,1,1,7,102
5,4,3,3,3,0,0,147,103
5,3,0,1,0,0,1,63,104
5,3,0,0,1,0,1,77,105
5,2,3,3,3,1,1,161,106
5,4,3,3,3,0,1,146,107
5,1,99999,99999,99999,0,1,119,108
5,2,3,3,3,0,1,90,109
5,1,99999,99999,99999,0,1,8,110
5,3,0,1,1,0,1,120,111
5,4,3,3,3,1,1,131,112
5,2,NaN,3,3,0,1,54,113
5,3,0,1,0,0,1,111,114
5,4,3,3,3,0,1,105,115
5,4,3,3,3,0,0,24,116
5,3,0,0,0,0,0,152,117
5,1,99999,99999,99999,0,1,117,118
5,1,99999,99999,99999,1,1,42,119
5,2,3,3,3,1,1,138,120
5,1,99999,99999,99999,0,1,41,121
5,3,0,2,0,0,1,125,122
5,2,3,3,3,1,1,164,123
5,1,99999,99999,99999,0,0,135,124
5,4,3,3,3,0,1,27,125
5,4,3,3,3,0,1,106,126
5,2,NaN,3,3,1,1,127,127
5,3,0,0,0,0,1,158,128
5,2,3,3,3,0,1,189,129
5,4,3,3,3,1,1,97,130
5,3,0,0,0,0,0,87,131
5,1,99999,99999,99999,1,1,37,132
5,4,3,3,3,1,1,50,133
5,2,3,3,3,0,1,154,134
5,3,0,2,0,0,1,20,135
5,1,99999,99999,99999,0,0,169,136
5,3,0,0,0,0,1,71,137
5,4,3,3,3,1,1,151,138
5,2,3,3,3,1,1,19,139
5,1,99999,99999,99999,1,1,21,140
5,3,0,0,0,0,0,70,141
5,2,3,3,3,1,1,176,142
5,4,3,3,3,0,1,80,143
5,1,99999,99999,99999,1,1,112,144
5,3,1,3,0,1,0,148,145
5,2,3,3,NaN,0,1,53,146
5,3,0,0,0,0,0,134,147
5,4,3,3,3,1,1,32,148
5,1,99999,99999,99999,0,0,110,149
5,1,99999,99999,99999,1,1,182,150
5,4,3,3,3,0,1,173,151
5,2,3,3,NaN,1,1,64,152
5,2,3,3,3,1,1,23,153
5,3,3,0,0,1,1,55,154
5,2,3,3,3,1,1,107,155
5,3,0,0,0,1,1,149,156
5,4,3,0,0,1,1,122,157
5,1,99999,99999,99999,0,1,180,158
5,1,99999,99999,99999,1,1,102,159
5,4,3,3,3,0,1,171,160
5,1,99999,99999,99999,0,1,67,161
5,4,3,3,3,1,1,165,162
5,2,3,3,3,0,1,83,163
5,4,3,3,3,1,1,10,164
5,1,99999,99999,99999,1,1,52,165
5,3,0,0,0,0,1,91,166
5,3,0,0,0,1,1,168,167
5,2,3,NaN,3,1,1,186,168
5,3,0,0,0,0,1,17,169
5,1,99999,99999,99999,0,1,175,170
5,3,0,0,0,0,1,82,171
5,2,3,3,3,1,1,188,172
5,4,3,3,3,1,1,12,173
5,4,NaN,3,3,1,1,45,174
5,2,3,3,3,0,1,22,175
5,1,99999,99999,99999,0,1,26,176
5,3,0,0,0,0,1,184,177
5,3,0,0,0,1,1,101,178
5,1,99999,99999,99999,0,1,141,179
5,4,3,3,3,0,1,13,180
5,1,99999,99999,99999,0,0,31,181
5,4,3,3,3,1,1,44,182
5,2,3,3,3,1,1,38,183
5,2,3,3,3,0,1,191,184
5,1,99999,99999,99999,0,0,155,185
5,3,0,0,0,1,1,181,186
5,3,0,3,0,0,1,75,187
5,4,3,3,3,1,1,16,188
5,4,0,3,3,1,1,43,189
5,1,99999,99999,99999,0,0,47,190
5,2,3,3,3,1,1,35,191
5,2,3,3,3,1,1,60,192
6,1,99999,99999,99999,0,1,115,1
6,1,99999,99999,99999,1,1,114,2
6,2,3,3,3,1,1,18,3
6,4,2,3,3,0,1,116,4
6,4,1,2,3,1,1,88,5
6,3,2,2,2,1,1,84,6
6,3,0,1,1,1,1,65,7
6,2,3,3,3,0,0,145,8
6,2,3,3,3,1,1,15,9
6,4,1,2,2,0,0,40,10
6,4,2,2,3,1,1,136,11
6,3,1,1,2,1,1,48,12
6,3,0,2,2,0,1,178,13
6,2,3,3,3,0,0,39,14
6,1,99999,99999,99999,0,1,51,15
6,1,99999,99999,99999,0,1,118,16
6,1,99999,99999,99999,0,1,11,17
6,1,99999,99999,99999,0,0,109,18
6,3,2,2,2,0,1,166,19
6,2,3,3,3,0,1,123,20
6,3,1,1,3,0,1,85,21
6,4,2,3,3,1,1,46,22
6,2,3,3,3,0,1,144,23
6,4,2,3,3,1,1,104,24
6,3,1,1,2,1,1,25,25
6,1,99999,99999,99999,0,0,108,26
6,2,2,2,3,0,1,62,27
6,1,99999,99999,99999,0,1,103,28
6,4,3,3,3,1,1,36,29
6,4,3,3,3,1,1,1,30
6,2,3,3,3,1,1,140,31
6,3,1,2,2,0,1,129,32
6,1,99999,99999,99999,1,1,69,33
6,3,2,2,3,0,0,9,34
6,2,3,3,3,0,1,3,35
6,4,3,3,3,1,1,99,36
6,2,3,3,3,1,1,157,37
6,4,3,3,3,1,1,59,38
6,3,1,1,2,1,1,98,39
6,1,99999,99999,99999,0,1,126,40
6,4,3,3,3,1,1,79,41
6,1,99999,99999,99999,0,0,167,42
6,3,2,2,2,1,1,78,43
6,2,3,3,3,0,0,33,44
6,2,3,3,3,1,1,6,45
6,4,3,3,3,0,1,56,46
6,3,2,1,2,0,1,142,47
6,1,99999,99999,99999,0,1,30,48
6,1,99999,99999,99999,1,1,49,49
6,4,3,3,3,0,1,124,50
6,1,99999,99999,99999,0,1,73,51
6,2,3,3,NaN,0,1,121,52
6,4,3,3,3,1,1,192,53
6,3,NaN,3,3,1,1,139,54
6,3,2,2,2,1,1,156,55
6,2,3,3,3,1,1,29,56
6,4,3,3,3,0,1,133,57
6,2,3,3,3,0,1,86,58
6,3,2,3,2,0,1,150,59
6,3,2,3,3,0,1,14,60
6,1,99999,99999,99999,1,1,5,61
6,4,3,3,3,1,1,100,62
6,2,3,3,3,1,1,61,63
6,1,99999,99999,99999,0,1,68,64
6,1,99999,99999,99999,0,0,185,65
6,2,2,3,3,1,1,177,66
6,2,3,3,3,0,0,92,67
6,3,1,2,2,1,1,89,68
6,3,1,2,2,1,1,190,69
6,1,99999,99999,99999,0,1,170,70
6,4,3,3,3,1,1,66,71
6,4,1,2,2,0,1,159,72
6,2,1,1,2,0,0,179,73
6,2,3,3,3,0,1,94,74
6,1,99999,99999,99999,0,1,172,75
6,4,3,3,3,1,1,95,76
6,3,2,2,2,0,1,93,77
6,3,1,2,1,0,1,72,78
6,1,99999,99999,99999,0,0,183,79
6,4,2,3,3,0,0,162,80
6,4,3,3,3,1,1,28,81
6,4,3,3,3,1,1,81,82
6,2,2,3,3,0,1,128,83
6,1,99999,99999,99999,0,0,113,84
6,2,2,3,3,0,1,4,85
6,1,99999,99999,99999,0,0,58,86
6,3,1,1,1,1,1,130,87
6,3,3,2,3,0,1,2,88
6,3,3,3,3,0,0,187,89
6,1,99999,99999,99999,0,1,76,90
6,3,2,2,2,0,1,160,91
6,1,99999,99999,99999,1,1,74,92
6,2,3,3,3,0,1,143,93
6,4,3,3,3,1,1,137,94
6,2,2,2,3,1,0,34,95
6,4,3,3,3,1,1,96,96
6,1,99999,99999,99999,1,1,147,97
6,4,2,2,2,0,1,63,98
6,4,2,2,2,0,0,132,99
6,1,99999,99999,99999,0,0,174,100
6,3,2,3,2,0,1,57,101
6,2,3,3,3,0,1,153,102
6,2,3,3,NaN,1,0,7,103
6,3,1,2,2,1,1,163,104
6,3,3,3,3,1,0,90,105
6,1,99999,99999,99999,1,1,131,106
6,4,1,3,3,1,1,77,107
6,2,3,3,NaN,1,1,8,108
6,1,99999,99999,99999,1,1,146,109
6,3,1,3,2,0,1,161,110
6,4,2,3,3,0,0,120,111
6,2,3,3,3,1,1,119,112
6,1,99999,99999,99999,0,1,105,113
6,1,99999,99999,99999,0,0,24,114
6,2,3,3,3,0,0,42,115
6,3,1,1,2,1,1,138,116
6,4,2,2,2,0,1,111,117
6,4,2,2,2,1,0,152,118
6,3,2,2,2,1,1,54,119
6,2,3,3,2,0,1,117,120
6,2,3,2,3,0,1,41,121
6,3,1,1,2,0,1,164,122
6,3,2,2,3,0,0,127,123
6,4,2,3,3,0,1,158,124
6,1,99999,99999,99999,1,1,27,125
6,4,2,3,3,0,1,125,126
6,1,99999,99999,99999,0,1,106,127
6,2,3,3,3,0,1,135,128
6,3,2,2,3,0,1,189,129
6,3,3,3,2,0,1,154,130
6,2,NaN,3,3,1,1,37,131
6,1,99999,99999,99999,1,1,50,132
6,2,3,NaN,NaN,0,0,169,133
6,4,3,3,3,0,1,20,134
6,4,3,3,3,0,1,87,135
6,1,99999,99999,99999,1,1,97,136
6,3,2,3,3,0,1,19,137
6,2,3,3,NaN,1,0,21,138
6,1,99999,99999,99999,0,1,80,139
6,4,3,3,3,0,1,71,140
6,3,3,NaN,3,0,1,176,141
6,4,3,3,3,0,1,70,142
6,2,3,NaN,NaN,1,1,112,143
6,1,99999,99999,99999,1,1,151,144
6,3,2,3,3,0,1,64,145
6,1,99999,99999,99999,1,1,32,146
6,4,3,3,NaN,1,1,148,147
6,3,2,2,3,0,0,53,148
6,2,3,3,NaN,0,1,182,149
6,1,99999,99999,99999,0,1,173,150
6,2,3,3,3,0,1,110,151
6,4,3,3,3,0,0,134,152
6,2,3,3,3,0,0,102,153
6,2,3,3,3,0,1,180,154
6,4,3,2,3,1,1,149,155
6,1,99999,99999,99999,0,1,171,156
6,3,2,3,3,1,1,23,157
6,4,3,3,3,1,1,55,158
6,3,2,3,3,1,1,107,159
6,1,99999,99999,99999,1,1,122,160
6,4,3,3,3,1,1,168,161
6,3,2,2,3,1,1,186,162
6,1,99999,99999,99999,0,0,10,163
6,1,99999,99999,99999,0,1,165,164
6,2,3,3,NaN,0,1,67,165
6,2,3,2,3,0,1,52,166
6,3,1,2,2,0,1,83,167
6,4,3,3,3,0,1,91,168
6,3,2,2,3,1,1,188,169
6,4,3,3,3,1,1,17,170
6,4,2,2,2,0,1,82,171
6,2,3,3,3,0,0,26,172
6,1,99999,99999,99999,1,1,12,173
6,2,3,3,3,0,1,175,174
6,1,99999,99999,99999,0,1,45,175
6,3,1,2,3,0,1,22,176
6,4,2,3,2,1,1,101,177
6,1,99999,99999,99999,1,1,13,178
6,1,99999,99999,99999,0,1,44,179
6,3,3,3,NaN,1,1,38,180
6,2,3,3,3,0,0,31,181
6,2,3,3,3,0,0,141,182
6,4,3,3,3,0,1,184,183
6,3,3,NaN,3,1,1,191,184
6,1,99999,99999,99999,1,1,16,185
6,2,3,3,3,0,0,155,186
6,3,NaN,3,3,0,1,60,187
6,4,3,3,3,1,1,181,188
6,4,3,3,3,1,1,75,189
6,3,2,3,2,1,1,35,190
6,2,3,3,3,1,1,47,191
6,1,99999,99999,99999,0,1,43,192
7,3,1,1,1,0,1,115,1
7,2,3,3,3,0,0,116,2
7,1,99999,99999,99999,0,1,84,3
7,3,1,0,1,1,1,114,4
7,1,99999,99999,99999,0,1,65,5
7,4,3,3,3,1,1,145,6
7,4,3,3,3,0,1,18,7
7,2,3,3,3,0,1,88,8
7,2,3,3,3,0,0,40,9
7,2,3,3,3,0,0,136,10
7,3,1,1,1,1,1,118,11
7,4,3,3,3,1,1,39,12
7,4,3,3,3,0,0,15,13
7,3,1,1,1,0,0,51,14
7,1,99999,99999,99999,0,1,178,15
7,1,99999,99999,99999,0,0,48,16
7,2,3,3,3,0,1,104,17
7,4,2,3,3,0,1,144,18
7,3,1,1,1,1,0,109,19
7,2,3,3,3,0,1,46,20
7,1,99999,99999,99999,0,0,166,21
7,3,1,1,1,0,0,11,22
7,4,2,3,3,1,1,123,23
7,1,99999,99999,99999,0,1,85,24
7,4,3,3,3,1,1,62,25
7,2,3,3,3,0,1,36,26
7,2,2,3,3,0,0,1,27
7,4,3,3,3,1,1,140,28
7,3,2,2,1,1,1,103,29
7,3,0,1,1,0,1,108,30
7,1,99999,99999,99999,0,1,129,31
7,1,99999,99999,99999,1,0,25,32
7,3,1,1,1,0,1,126,33
7,3,2,3,3,1,1,69,34
7,4,2,3,3,1,1,157,35
7,1,99999,99999,99999,1,1,98,36
7,2,3,3,3,0,0,59,37
7,2,3,3,3,0,1,99,38
7,1,99999,99999,99999,0,0,9,39
7,4,2,3,3,0,0,3,40
7,4,3,3,3,0,1,33,41
7,2,3,3,3,0,1,56,42
7,2,3,3,3,1,0,79,43
7,3,2,3,3,1,1,30,44
7,3,1,3,3,0,0,167,45
7,1,99999,99999,99999,0,0,142,46
7,1,99999,99999,99999,1,1,78,47
7,4,1,2,2,0,1,6,48
7,4,3,3,3,1,0,121,49
7,2,3,3,3,1,1,192,50
7,1,99999,99999,99999,0,0,139,51
7,3,2,3,3,1,1,49,52
7,1,99999,99999,99999,1,0,156,53
7,3,2,2,3,0,0,73,54
7,4,2,3,3,1,1,29,55
7,2,3,3,3,0,0,124,56
7,2,3,3,3,1,1,133,57
7,1,99999,99999,99999,0,0,150,58
7,3,2,3,3,1,1,68,59
7,2,3,3,3,1,1,100,60
7,4,2,3,3,0,0,61,61
7,1,99999,99999,99999,0,0,14,62
7,3,2,3,3,1,1,5,63
7,4,2,3,3,1,1,86,64
7,2,3,3,3,0,1,159,65
7,2,3,3,3,0,1,66,66
7,4,3,3,3,1,1,177,67
7,4,3,3,3,1,1,92,68
7,1,99999,99999,99999,0,1,190,69
7,3,2,3,3,0,0,185,70
7,3,3,3,3,1,1,170,71
7,1,99999,99999,99999,1,1,89,72
7,3,2,1,1,0,0,172,73
7,4,2,2,3,1,1,94,74
7,1,99999,99999,99999,0,1,72,75
7,4,2,3,2,0,0,179,76
7,2,3,3,3,0,0,95,77
7,2,3,3,3,0,0,162,78
7,3,2,1,1,0,0,183,79
7,1,99999,99999,99999,0,0,93,80
7,4,3,3,3,1,1,4,81
7,1,99999,99999,99999,0,1,2,82
7,3,2,2,2,1,1,113,83
7,3,3,3,3,1,1,58,84
7,4,3,3,3,0,1,128,85
7,2,3,3,3,0,0,28,86
7,2,3,3,3,1,1,81,87
7,1,99999,99999,99999,0,1,130,88
7,3,2,2,2,0,1,76,89
7,1,99999,99999,99999,0,1,160,90
7,4,3,3,3,0,0,34,91
7,2,3,3,3,0,1,137,92
7,1,99999,99999,99999,0,1,187,93
7,2,3,3,3,1,1,96,94
7,3,3,3,3,1,1,74,95
7,4,3,3,3,1,1,143,96
7,3,2,2,1,0,0,147,97
7,1,99999,99999,99999,0,1,57,98
7,1,99999,99999,99999,1,0,163,99
7,4,2,2,2,1,1,7,100
7,3,2,2,1,0,1,174,101
7,2,3,3,3,0,0,132,102
7,4,1,2,2,0,1,153,103
7,2,3,3,3,0,0,63,104
7,3,1,1,1,1,1,131,105
7,2,3,3,3,0,1,120,106
7,4,3,3,3,1,1,8,107
7,1,99999,99999,99999,0,1,161,108
7,4,2,1,3,0,1,119,109
7,2,3,3,3,1,1,77,110
7,1,99999,99999,99999,0,0,90,111
7,3,1,1,1,1,1,146,112
7,2,3,3,3,1,0,152,113
7,1,99999,99999,99999,0,1,54,114
7,3,1,1,1,0,1,105,115
7,4,3,3,3,1,1,117,116
7,1,99999,99999,99999,1,1,138,117
7,4,3,3,3,1,1,42,118
7,2,3,3,3,0,1,111,119
7,3,1,1,1,1,1,24,120
7,4,1,1,1,0,0,135,121
7,1,99999,99999,99999,1,1,164,122
7,4,3,3,3,1,0,41,123
7,1,99999,99999,99999,1,1,127,124
7,3,3,3,3,0,1,106,125
7,2,3,3,3,0,1,158,126
7,3,1,3,2,1,1,27,127
7,2,3,3,3,1,1,125,128
7,4,2,1,1,0,0,169,129
7,2,3,3,3,0,1,87,130
7,1,99999,99999,99999,0,1,154,131
7,4,3,3,3,0,1,37,132
7,3,2,3,3,1,1,50,133
7,2,3,3,3,0,0,20,134
7,3,3,3,3,1,1,97,135
7,1,99999,99999,99999,1,1,189,136
7,4,3,3,3,1,1,112,137
7,3,1,3,3,1,0,80,138
7,2,3,3,3,0,0,70,139
7,4,2,1,1,0,1,21,140
7,1,99999,99999,99999,0,1,19,141
7,2,3,3,3,0,0,71,142
7,1,99999,99999,99999,1,1,176,143
7,3,1,1,1,1,0,151,144
7,3,1,1,1,0,0,32,145
7,3,1,1,1,0,1,173,146
7,2,3,3,NaN,1,1,148,147
7,1,99999,99999,99999,0,1,64,148
7,4,3,NaN,3,0,0,110,149
7,4,1,3,3,0,0,182,150
7,2,3,3,3,1,1,134,151
7,1,99999,99999,99999,0,0,53,152
7,4,2,3,3,0,1,180,153
7,2,3,3,3,1,1,55,154
7,3,1,1,1,0,0,171,155
7,1,99999,99999,99999,1,1,107,156
7,4,3,3,3,1,1,102,157
7,2,3,3,3,1,1,149,158
7,1,99999,99999,99999,1,1,23,159
7,3,1,1,1,1,1,122,160
7,4,1,2,2,0,0,52,161
7,4,3,3,3,0,1,67,162
7,1,99999,99999,99999,0,1,83,163
7,2,3,3,3,0,0,168,164
7,3,1,1,1,1,1,165,165
7,2,3,3,3,0,1,91,166
7,1,99999,99999,99999,1,1,186,167
7,3,3,1,1,0,0,10,168
7,4,1,3,3,1,1,26,169
7,3,3,3,3,1,1,12,170
7,1,99999,99999,99999,0,1,22,171
7,1,99999,99999,99999,1,0,188,172
7,3,2,3,1,0,1,45,173
7,2,3,3,3,0,1,17,174
7,4,3,3,3,0,0,175,175
7,2,3,3,3,0,1,82,176
7,2,3,3,3,0,1,184,177
7,2,3,3,3,0,0,101,178
7,3,1,1,1,0,1,13,179
7,1,99999,99999,99999,1,1,38,180
7,4,3,3,3,1,1,31,181
7,1,99999,99999,99999,0,0,191,182
7,4,2,3,2,0,1,141,183
7,3,1,1,1,0,1,44,184
7,3,2,1,2,1,1,16,185
7,3,2,2,2,0,1,43,186
7,2,NaN,3,3,1,1,181,187
7,1,99999,99999,99999,0,0,35,188
7,2,3,3,3,0,1,75,189
7,4,2,3,3,0,0,155,190
7,4,2,3,3,1,1,47,191
7,1,99999,99999,99999,0,1,60,192
8,1,99999,99999,99999,0,0,145,1
8,3,0,1,1,0,1,88,2
8,3,1,1,1,0,0,116,3
8,2,3,3,3,1,1,65,4
8,1,99999,99999,99999,0,1,18,5
8,2,3,3,3,1,1,84,6
8,4,3,3,3,0,1,115,7
8,4,2,2,3,1,1,114,8
8,1,99999,99999,99999,0,1,39,9
8,4,3,2,3,0,1,51,10
8,3,1,1,1,0,0,40,11
8,4,2,2,3,0,1,118,12
8,2,3,3,3,1,0,48,13
8,1,99999,99999,99999,0,1,15,14
8,2,3,3,3,0,1,178,15
8,3,1,1,1,1,1,136,16
8,2,3,3,3,0,1,166,17
8,3,1,1,1,1,1,104,18
8,4,3,3,3,1,1,109,19
8,1,99999,99999,99999,0,1,123,20
8,1,99999,99999,99999,0,1,144,21
8,4,2,2,2,0,1,11,22
8,2,3,3,3,0,0,85,23
8,3,1,1,1,0,0,46,24
8,4,1,2,2,0,0,108,25
8,3,1,1,1,0,1,1,26
8,1,99999,99999,99999,1,1,140,27
8,4,3,3,3,1,1,103,28
8,3,1,1,1,0,1,36,29
8,2,3,3,3,1,1,25,30
8,1,99999,99999,99999,0,1,62,31
8,2,3,3,3,0,1,129,32
8,3,1,1,1,0,1,99,33
8,3,1,1,1,0,0,59,34
8,2,3,3,3,0,0,9,35
8,2,3,3,3,1,1,98,36
8,4,3,3,3,0,1,126,37
8,1,99999,99999,99999,1,1,157,38
8,4,3,3,3,1,0,69,39
8,1,99999,99999,99999,0,1,3,40
8,1,99999,99999,99999,0,0,33,41
8,3,2,2,2,1,1,79,42
8,3,1,1,1,0,1,56,43
8,2,3,3,3,1,1,142,44
8,4,3,3,3,1,1,167,45
8,1,99999,99999,99999,0,1,6,46
8,2,3,3,3,1,1,78,47
8,4,1,2,2,0,1,30,48
8,4,2,2,1,1,1,73,49
8,2,3,3,3,1,1,156,50
8,3,2,2,3,1,1,124,51
8,1,99999,99999,99999,0,1,121,52
8,2,3,3,3,1,1,139,53
8,1,99999,99999,99999,0,1,29,54
8,4,3,3,3,1,1,49,55
8,3,2,2,2,1,1,192,56
8,4,3,3,3,1,1,5,57
8,1,99999,99999,99999,0,1,86,58
8,4,NaN,3,3,1,1,68,59
8,3,1,1,1,0,1,100,60
8,2,3,3,3,0,0,150,61
8,1,99999,99999,99999,0,0,61,62
8,3,1,1,1,1,1,133,63
8,2,3,3,3,1,1,14,64
8,4,3,3,3,1,1,170,65
8,3,1,1,2,0,1,66,66
8,2,3,3,3,1,1,89,67
8,1,99999,99999,99999,1,1,92,68
8,4,3,3,3,0,0,185,69
8,1,99999,99999,99999,0,0,177,70
8,2,3,3,3,0,1,190,71
8,3,1,1,1,0,1,159,72
8,1,99999,99999,99999,0,0,179,73
8,4,3,3,3,1,1,183,74
8,4,3,3,3,1,0,172,75
8,3,1,1,1,1,1,95,76
8,2,3,3,3,0,1,72,77
8,3,1,1,2,0,0,162,78
8,2,3,3,3,0,1,93,79
8,1,99999,99999,99999,0,0,94,80
8,2,3,3,3,1,1,130,81
8,1,99999,99999,99999,0,1,128,82
8,1,99999,99999,99999,0,1,4,83
8,2,3,3,3,1,1,2,84
8,4,3,3,3,1,1,113,85
8,4,3,3,3,1,1,58,86
8,3,1,2,2,1,1,81,87
8,3,1,2,2,0,1,28,88
8,1,99999,99999,99999,0,0,34,89
8,4,3,3,3,1,1,74,90
8,1,99999,99999,99999,1,1,143,91
8,3,1,1,1,0,0,137,92
8,2,2,3,3,0,1,160,93
8,4,2,2,2,0,1,76,94
8,2,3,3,3,1,1,187,95
8,3,1,1,1,0,1,96,96
8,4,3,3,3,1,1,147,97
8,2,2,2,3,1,1,163,98
8,3,1,1,1,0,1,63,99
8,1,99999,99999,99999,1,0,7,100
8,2,3,3,3,1,1,57,101
8,3,1,1,1,0,1,132,102
8,1,99999,99999,99999,0,1,153,103
8,4,2,2,2,0,1,174,104
8,3,1,1,1,0,1,120,105
8,2,3,3,3,1,1,90,106
8,3,1,1,1,0,1,77,107
8,4,2,2,2,0,0,146,108
8,4,3,3,3,1,1,131,109
8,1,99999,99999,99999,0,1,119,110
8,1,99999,99999,99999,1,0,8,111
8,2,3,3,3,1,1,161,112
8,1,99999,99999,99999,0,1,42,113
8,4,2,3,3,0,0,24,114
8,3,1,1,1,0,0,152,115
8,4,2,1,1,0,1,105,116
8,3,1,1,2,0,1,111,117
8,2,3,3,3,1,1,54,118
8,1,99999,99999,99999,0,1,117,119
8,2,3,3,3,1,1,138,120
8,1,99999,99999,99999,0,1,135,121
8,4,3,3,3,0,1,106,122
8,2,3,3,3,0,1,127,123
8,4,3,3,3,1,1,27,124
8,3,1,1,1,0,1,125,125
8,2,3,3,3,1,0,164,126
8,1,99999,99999,99999,0,0,41,127
8,3,1,1,1,0,1,158,128
8,1,99999,99999,99999,1,1,37,129
8,1,99999,99999,99999,0,1,169,130
8,4,3,3,3,1,1,50,131
8,3,1,1,1,0,1,20,132
8,2,3,3,3,1,1,189,133
8,4,3,3,3,1,1,97,134
8,3,1,2,1,0,1,87,135
8,2,3,3,3,1,1,154,136
8,1,99999,99999,99999,0,0,21,137
8,1,99999,99999,99999,1,1,112,138
8,3,1,1,1,0,1,70,139
8,4,2,3,3,0,1,80,140
8,3,1,1,1,0,0,71,141
8,2,3,3,3,1,0,19,142
8,2,3,3,3,1,1,176,143
8,4,3,3,3,1,1,151,144
8,3,1,1,1,0,0,134,145
8,3,1,1,1,1,0,148,146
8,1,99999,99999,99999,1,1,182,147
8,2,3,3,3,0,1,53,148
8,4,2,2,3,1,0,173,149
8,2,3,3,3,0,1,64,150
8,4,2,2,2,1,1,32,151
8,1,99999,99999,99999,0,0,110,152
8,3,1,1,1,0,1,149,153
8,4,2,2,2,1,1,122,154
8,4,3,3,3,0,1,171,155
8,2,3,3,3,0,1,107,156
8,3,1,1,1,1,1,55,157
8,1,99999,99999,99999,0,1,102,158
8,1,99999,99999,99999,0,1,180,159
8,2,3,3,3,0,1,23,160
8,1,99999,99999,99999,1,1,67,161
8,2,3,3,3,0,1,83,162
8,1,99999,99999,99999,0,0,52,163
8,4,3,3,3,1,1,165,164
8,3,1,1,1,0,1,91,165
8,4,3,3,3,1,1,10,166
8,3,1,1,1,0,0,168,167
8,2,3,3,3,1,0,186,168
8,3,1,1,1,1,1,82,169
8,2,3,3,3,1,1,188,170
8,1,99999,99999,99999,0,0,26,171
8,1,99999,99999,99999,1,1,175,172
8,3,1,1,1,0,1,17,173
8,4,1,1,1,0,1,45,174
8,4,3,3,3,1,1,12,175
8,2,3,3,3,1,1,22,176
8,2,3,3,3,0,1,38,177
8,4,3,3,3,1,0,44,178
8,3,1,1,1,0,0,101,179
8,1,99999,99999,99999,0,0,141,180
8,4,2,3,3,1,1,13,181
8,1,99999,99999,99999,0,1,31,182
8,3,1,1,1,0,1,184,183
8,2,3,3,3,0,1,191,184
8,3,1,1,3,1,1,181,185
8,1,99999,99999,99999,0,0,47,186
8,2,2,3,3,0,1,60,187
8,2,3,3,3,1,1,35,188
8,4,3,3,3,1,1,16,189
8,3,1,1,1,0,1,75,190
8,4,2,3,2,0,1,43,191
8,1,99999,99999,99999,1,0,155,192
9,2,3,3,3,0,0,145,1
9,1,99999,99999,99999,1,1,114,2
9,2,3,3,3,0,0,18,3
9,4,3,3,3,1,0,88,4
9,4,3,3,2,0,0,116,5
9,3,1,0,1,1,0,84,6
9,1,99999,99999,99999,1,0,115,7
9,3,1,1,1,0,1,65,8
9,1,99999,99999,99999,0,1,118,9
9,1,99999,99999,99999,0,0,51,10
9,3,0,2,1,0,1,178,11
9,4,3,3,3,1,0,136,12
9,2,3,3,3,0,1,39,13
9,2,3,3,3,1,1,15,14
9,4,1,2,2,0,0,40,15
9,3,0,0,1,1,1,48,16
9,4,2,3,NaN,1,1,46,17
9,2,3,3,3,0,1,123,18
9,1,99999,99999,99999,0,1,11,19
9,2,3,3,NaN,0,1,144,20
9,1,99999,99999,99999,0,1,109,21
9,4,3,3,NaN,0,1,104,22
9,3,1,2,3,0,1,85,23
9,3,NaN,1,1,0,1,166,24
9,4,NaN,3,3,1,1,1,25
9,2,3,3,3,0,0,140,26
9,4,3,2,2,1,0,36,27
9,3,1,1,2,0,1,129,28
9,1,99999,99999,99999,0,0,108,29
9,3,2,1,1,1,1,25,30
9,2,3,3,3,0,1,62,31
9,1,99999,99999,99999,1,1,103,32
9,2,3,3,3,1,1,157,33
9,3,1,2,1,0,0,98,34
9,1,99999,99999,99999,0,1,126,35
9,1,99999,99999,99999,1,1,69,36
9,4,3,3,3,1,0,99,37
9,2,3,3,3,0,1,3,38
9,4,2,2,3,0,0,59,39
9,3,1,1,1,0,0,9,40
9,2,2,3,2,1,1,33,41
9,1,99999,99999,99999,1,1,30,42
9,3,1,1,1,1,0,78,43
9,1,99999,99999,99999,0,0,167,44
9,3,1,2,2,0,0,142,45
9,4,NaN,2,3,0,1,56,46
9,2,2,3,3,0,1,6,47
9,4,0,3,3,0,0,79,48
9,3,1,2,1,0,1,156,49
9,1,99999,99999,99999,0,1,73,50
9,2,2,2,3,1,1,29,51
9,3,3,1,2,0,1,139,52
9,1,99999,99999,99999,1,1,49,53
9,4,3,3,3,0,0,124,54
9,4,2,3,2,1,0,192,55
9,2,2,3,2,0,0,121,56
9,1,99999,99999,99999,0,0,5,57
9,2,0,3,3,0,0,86,58
9,3,1,NaN,1,0,1,150,59
9,4,2,3,3,0,1,133,60
9,4,2,2,3,1,1,100,61
9,2,3,3,2,0,0,61,62
9,3,1,2,1,0,1,14,63
9,1,99999,99999,99999,1,1,68,64
9,3,2,2,1,0,1,190,65
9,4,NaN,1,2,0,0,66,66
9,2,3,3,3,1,1,177,67
9,1,99999,99999,99999,0,0,185,68
9,3,2,2,2,1,1,89,69
9,4,2,1,2,0,0,159,70
9,2,3,2,3,0,1,92,71
9,1,99999,99999,99999,1,1,170,72
9,2,3,0,3,1,1,94,73
9,4,2,2,2,0,0,162,74
9,2,3,3,3,1,0,179,75
9,1,99999,99999,99999,0,0,183,76
9,3,1,NaN,1,0,1,72,77
9,3,1,1,2,0,0,93,78
9,4,3,1,2,1,1,95,79
9,1,99999,99999,99999,0,0,172,80
9,2,2,2,2,0,0,128,81
9,1,99999,99999,99999,0,0,58,82
9,4,0,2,2,1,1,28,83
9,3,2,1,1,0,0,130,84
9,3,1,1,3,0,1,2,85
9,1,99999,99999,99999,0,0,113,86
9,4,3,3,0,0,0,81,87
9,2,3,3,3,0,1,4,88
9,1,99999,99999,99999,1,1,74,89
9,2,3,3,3,0,0,34,90
9,4,2,3,3,0,1,137,91
9,3,1,2,3,0,0,160,92
9,3,1,1,2,0,1,187,93
9,1,99999,99999,99999,0,1,76,94
9,2,3,3,2,0,1,143,95
9,4,2,2,2,1,1,96,96
9,1,99999,99999,99999,0,1,174,97
9,4,1,2,1,0,1,132,98
9,2,3,2,3,0,0,153,99
9,4,2,2,2,1,1,63,100
9,1,99999,99999,99999,0,0,147,101
9,2,3,1,3,0,0,7,102
9,3,2,NaN,1,0,1,163,103
9,3,1,0,1,1,0,57,104
9,3,1,0,1,0,0,90,105
9,3,1,1,2,1,0,161,106
9,2,3,3,3,0,1,119,107
9,2,1,1,3,0,0,8,108
9,4,0,2,3,0,0,120,109
9,4,2,NaN,1,0,0,77,110
9,1,99999,99999,99999,0,1,131,111
9,1,99999,99999,99999,1,1,146,112
9,2,3,3,2,0,0,42,113
9,3,1,2,1,0,0,138,114
9,2,3,1,3,0,0,117,115
9,4,2,2,2,0,1,152,116
9,1,99999,99999,99999,0,0,24,117
9,1,99999,99999,99999,1,0,105,118
9,3,1,2,1,0,0,54,119
9,4,2,0,3,0,1,111,120
9,3,2,3,1,0,1,127,121
9,4,2,2,1,1,0,125,122
9,3,1,1,2,0,1,164,123
9,2,3,3,3,0,0,135,124
9,2,3,2,3,0,0,41,125
9,1,99999,99999,99999,1,1,27,126
9,4,2,2,2,0,1,158,127
9,1,99999,99999,99999,0,1,106,128
9,2,3,3,3,1,0,37,129
9,1,99999,99999,99999,1,0,97,130
9,1,99999,99999,99999,1,0,50,131
9,4,3,3,2,0,0,87,132
9,2,3,3,3,0,0,169,133
9,3,1,1,1,0,0,189,134
9,3,1,1,1,0,0,154,135
9,4,2,3,2,1,1,20,136
9,4,3,0,2,0,1,71,137
9,1,99999,99999,99999,1,1,151,138
9,2,3,3,3,1,1,112,139
9,4,2,3,1,0,1,70,140
9,2,2,3,3,1,0,21,141
9,3,2,1,2,0,1,176,142
9,1,99999,99999,99999,0,0,80,143
9,3,2,2,2,0,1,19,144
9,2,3,NaN,NaN,0,1,182,145
9,4,2,NaN,2,1,1,134,146
9,2,NaN,NaN,NaN,0,0,110,147
9,3,2,NaN,2,0,0,53,148
9,1,99999,99999,99999,0,1,173,149
9,4,1,2,2,1,0,148,150
9,1,99999,99999,99999,1,1,32,151
9,3,NaN,3,NaN,0,1,64,152
9,1,99999,99999,99999,0,0,171,153
9,2,3,NaN,3,1,1,102,154
9,3,3,NaN,NaN,0,1,23,155
9,3,2,2,2,0,1,107,156
9,2,3,NaN,3,0,1,180,157
9,4,NaN,3,NaN,0,0,149,158
9,1,99999,99999,99999,0,1,122,159
9,4,NaN,3,3,0,1,55,160
9,2,3,3,3,0,0,52,161
9,1,99999,99999,99999,1,1,165,162
9,1,99999,99999,99999,0,0,10,163
9,2,3,3,3,0,1,67,164
9,4,2,2,2,0,0,168,165
9,3,1,0,1,0,0,83,166
9,4,2,2,NaN,0,1,91,167
9,3,1,1,0,1,1,186,168
9,4,0,1,1,1,0,82,169
9,1,99999,99999,99999,1,1,12,170
9,2,3,3,3,0,1,175,171
9,1,99999,99999,99999,0,0,45,172
9,3,1,1,2,1,1,188,173
9,4,2,2,2,1,1,17,174
9,3,1,1,1,0,1,22,175
9,2,3,3,3,0,0,26,176
9,4,2,2,2,0,1,184,177
9,3,2,1,2,0,0,191,178
9,3,NaN,2,2,1,1,38,179
9,2,NaN,3,3,1,1,31,180
9,1,99999,99999,99999,0,1,44,181
9,4,2,NaN,NaN,0,0,101,182
9,1,99999,99999,99999,0,1,13,183
9,2,NaN,2,2,0,0,141,184
9,2,1,2,NaN,1,1,155,185
9,3,2,2,NaN,1,1,35,186
9,2,3,NaN,3,0,0,47,187
9,1,99999,99999,99999,0,0,16,188
9,3,2,2,1,1,1,60,189
9,1,99999,99999,99999,0,1,43,190
9,4,NaN,NaN,3,0,0,75,191
9,4,NaN,1,1,1,1,181,192
10,3,0,0,0,0,1,115,1
10,4,3,3,3,0,1,18,2
10,3,0,2,2,1,1,114,3
10,2,3,3,3,0,1,116,4
10,2,3,NaN,3,1,1,88,5
10,1,99999,99999,99999,1,1,84,6
10,4,2,3,3,0,1,145,7
10,1,99999,99999,99999,1,0,65,8
10,2,3,3,3,0,0,40,9
10,1,99999,99999,99999,0,1,178,10
10,3,0,0,2,0,1,118,11
10,4,3,3,3,0,1,39,12
10,2,3,NaN,3,0,1,136,13
10,3,0,0,0,0,1,51,14
10,4,3,3,0,0,1,15,15
10,1,99999,99999,99999,1,1,48,16
10,2,3,3,3,0,1,46,17
10,1,99999,99999,99999,0,1,166,18
10,3,2,2,2,0,1,109,19
10,2,3,3,3,1,1,104,20
10,4,3,3,3,0,1,123,21
10,4,3,2,2,0,1,144,22
10,1,99999,99999,99999,0,1,85,23
10,3,0,2,0,0,1,11,24
10,3,0,1,2,0,0,103,25
10,3,0,0,0,0,0,108,26
10,1,99999,99999,99999,1,1,25,27
10,4,3,3,3,1,1,140,28
10,2,3,3,3,0,1,1,29
10,1,99999,99999,99999,1,1,129,30
10,4,3,3,3,1,1,62,31
10,2,3,3,3,1,1,36,32
10,3,0,0,0,0,0,126,33
10,2,3,3,NaN,0,0,59,34
10,3,1,1,0,1,1,69,35
10,4,3,3,3,1,1,157,36
10,1,99999,99999,99999,1,1,98,37
10,4,2,3,2,1,1,3,38
10,1,99999,99999,99999,0,0,9,39
10,2,3,3,3,0,1,99,40
10,3,0,1,0,1,0,30,41
10,4,2,1,1,0,0,6,42
10,2,3,3,3,0,1,56,43
10,3,0,2,0,0,0,167,44
10,1,99999,99999,99999,1,1,78,45
10,4,3,3,3,0,0,33,46
10,2,3,3,3,1,1,79,47
10,1,99999,99999,99999,1,1,142,48
10,4,3,3,3,1,1,121,49
10,3,0,0,1,1,1,49,50
10,1,99999,99999,99999,0,1,139,51
10,1,99999,99999,99999,1,1,156,52
10,2,3,3,3,1,1,192,53
10,3,0,0,0,0,0,73,54
10,2,3,3,3,0,1,124,55
10,4,NaN,3,3,1,1,29,56
10,4,3,3,3,1,1,61,57
10,1,99999,99999,99999,0,0,150,58
10,1,99999,99999,99999,0,1,14,59
10,3,0,0,0,1,1,5,60
10,3,0,0,0,0,1,68,61
10,2,3,3,3,0,1,133,62
10,4,3,3,3,0,1,86,63
10,2,3,3,3,0,1,100,64
10,3,1,0,2,1,1,170,65
10,2,3,3,3,0,1,159,66
10,1,99999,99999,99999,0,1,190,67
10,1,99999,99999,99999,1,1,89,68
10,2,3,3,3,0,0,66,69
10,3,2,2,2,0,1,185,70
10,4,2,2,3,0,1,177,71
10,4,3,3,3,0,0,92,72
10,2,3,3,3,1,1,95,73
10,2,3,3,3,0,1,162,74
10,3,0,0,0,0,1,172,75
10,3,0,0,0,0,0,183,76
10,4,2,3,3,0,1,179,77
10,1,99999,99999,99999,0,1,72,78
10,1,99999,99999,99999,0,1,93,79
10,4,3,3,3,0,0,94,80
10,4,2,3,3,0,0,128,81
10,3,2,2,3,0,0,113,82
10,2,3,3,3,0,1,28,83
10,1,99999,99999,99999,0,1,130,84
10,2,3,3,3,1,1,81,85
10,3,2,2,3,0,0,58,86
10,1,99999,99999,99999,0,1,2,87
10,4,2,2,2,1,1,4,88
10,4,3,NaN,3,1,1,143,89
10,2,3,3,3,0,0,137,90
10,4,3,3,3,0,1,34,91
10,1,99999,99999,99999,0,0,187,92
10,3,2,3,3,1,1,74,93
10,1,99999,99999,99999,0,1,160,94
10,2,3,3,3,1,1,96,95
10,3,0,2,3,0,1,76,96
10,4,2,3,3,1,0,7,97
10,1,99999,99999,99999,0,1,57,98
10,2,3,3,3,0,0,132,99
10,3,0,0,0,0,0,174,100
10,4,2,2,2,0,1,153,101
10,2,3,3,3,0,1,63,102
10,3,0,0,0,0,1,147,103
10,1,99999,99999,99999,0,1,163,104
10,1,99999,99999,99999,1,0,90,105
10,3,0,0,0,0,0,146,106
10,3,0,0,0,0,0,131,107
10,2,3,3,3,0,1,77,108
10,4,2,2,3,1,1,119,109
10,1,99999,99999,99999,0,0,161,110
10,4,3,3,NaN,0,1,8,111
10,2,3,3,3,0,1,120,112
10,2,3,3,3,0,0,152,113
10,1,99999,99999,99999,1,1,138,114
10,3,0,0,0,0,1,24,115
10,3,0,0,0,0,1,105,116
10,4,3,3,3,0,0,117,117
10,4,3,3,3,0,0,42,118
10,2,3,3,3,0,1,111,119
10,1,99999,99999,99999,0,1,54,120
10,1,99999,99999,99999,1,1,164,121
10,4,2,2,2,1,1,41,122
10,2,3,3,3,0,1,158,123
10,2,3,3,3,0,0,125,124
10,3,0,0,0,1,1,27,125
10,1,99999,99999,99999,0,1,127,126
10,3,0,0,0,0,1,106,127
10,4,0,0,0,0,0,135,128
10,4,2,2,2,0,0,169,129
10,2,3,3,3,0,1,87,130
10,3,0,0,NaN,1,1,97,131
10,3,0,0,0,0,1,50,132
10,4,2,3,3,1,1,37,133
10,1,99999,99999,99999,0,1,189,134
10,2,3,3,3,0,1,20,135
10,1,99999,99999,99999,0,1,154,136
10,4,3,NaN,3,1,1,112,137
10,4,2,2,2,0,0,21,138
10,3,0,0,0,1,1,151,139
10,2,3,3,3,0,1,70,140
10,3,3,3,2,0,1,80,141
10,1,99999,99999,99999,1,1,176,142
10,1,99999,99999,99999,0,1,19,143
10,2,3,3,3,0,1,71,144
10,4,NaN,3,3,0,1,110,145
10,2,NaN,3,3,0,0,134,146
10,1,99999,99999,99999,0,1,53,147
10,1,99999,99999,99999,0,1,64,148
10,4,3,3,2,1,1,182,149
10,3,1,2,0,1,1,32,150
10,2,3,2,2,1,0,148,151
10,3,0,0,0,0,1,173,152
10,4,2,2,2,0,1,180,153
10,4,2,2,2,0,0,102,154
10,2,3,3,3,0,1,149,155
10,2,3,3,3,0,1,55,156
10,1,99999,99999,99999,1,1,23,157
10,1,99999,99999,99999,0,1,107,158
10,3,0,0,0,0,0,171,159
10,3,0,0,0,1,1,122,160
10,3,0,0,0,0,1,165,161
10,1,99999,99999,99999,0,1,83,162
10,2,3,3,3,0,0,168,163
10,4,3,3,3,0,0,67,164
10,3,0,0,0,0,0,10,165
10,2,3,3,3,0,0,91,166
10,4,3,3,3,0,0,52,167
10,1,99999,99999,99999,0,0,186,168
10,2,3,3,3,0,0,82,169
10,1,99999,99999,99999,0,1,188,170
10,4,3,3,3,0,1,175,171
10,3,2,2,0,0,1,45,172
10,3,2,2,3,1,1,12,173
10,1,99999,99999,99999,1,1,22,174
10,4,3,3,3,0,1,26,175
10,2,NaN,3,3,1,1,17,176
10,3,0,0,0,1,1,44,177
10,2,3,3,3,0,1,184,178
10,4,3,NaN,3,0,0,141,179
10,2,3,3,NaN,1,1,101,180
10,1,99999,99999,99999,0,1,191,181
10,3,0,0,0,0,1,13,182
10,4,3,3,3,0,1,31,183
10,1,99999,99999,99999,0,1,38,184
10,2,3,0,3,1,0,181,185
10,3,0,0,0,0,1,16,186
10,2,3,3,3,0,1,75,187
10,4,3,0,3,0,1,155,188
10,3,0,0,0,0,1,43,189
10,1,99999,99999,99999,1,1,35,190
10,4,3,3,3,0,1,47,191
10,1,99999,99999,99999,0,1,60,192
11,4,1,2,3,0,1,115,1
11,2,3,3,3,0,1,65,2
11,1,99999,99999,99999,1,1,18,3
11,2,2,3,3,1,1,84,4
11,1,99999,99999,99999,0,0,145,5
11,4,1,2,2,1,0,114,6
11,3,2,2,3,0,1,116,7
11,3,0,1,1,1,1,88,8
11,1,99999,99999,99999,0,1,15,9
11,2,3,3,3,1,1,48,10
11,2,3,3,3,0,1,178,11
11,3,0,1,1,0,0,40,12
11,4,2,2,2,1,1,118,13
11,3,1,1,2,0,1,136,14
11,4,3,3,3,0,0,51,15
11,1,99999,99999,99999,0,1,39,16
11,1,99999,99999,99999,0,0,123,17
11,3,0,1,1,0,1,46,18
11,4,2,3,3,1,1,109,19
11,2,2,3,3,0,1,85,20
11,4,2,2,2,0,1,11,21
11,1,99999,99999,99999,0,1,144,22
11,3,1,2,2,0,0,104,23
11,2,3,3,3,0,0,166,24
11,1,99999,99999,99999,0,1,62,25
11,3,1,1,3,1,1,1,26
11,2,3,2,3,0,0,129,27
11,3,1,1,1,0,0,36,28
11,1,99999,99999,99999,1,0,140,29
11,2,2,3,3,1,1,25,30
11,4,3,3,3,1,1,103,31
11,4,1,1,2,0,0,108,32
11,3,2,3,3,0,1,99,33
11,2,2,3,3,1,1,98,34
11,1,99999,99999,99999,0,0,3,35
11,3,1,2,2,0,0,59,36
11,2,3,3,3,0,0,9,37
11,1,99999,99999,99999,1,1,157,38
11,4,2,3,3,0,1,126,39
11,4,3,3,3,1,1,69,40
11,2,3,3,3,1,1,142,41
11,1,99999,99999,99999,0,1,6,42
11,4,2,2,3,1,1,30,43
11,3,1,2,2,0,0,56,44
11,3,1,3,3,1,1,79,45
11,2,3,3,3,1,1,78,46
11,1,99999,99999,99999,1,1,33,47
11,4,2,3,3,1,1,167,48
11,1,99999,99999,99999,1,0,121,49
11,3,2,3,3,1,1,124,50
11,2,2,3,3,1,1,139,51
11,4,3,3,3,1,1,49,52
11,2,3,3,3,1,1,156,53
11,1,99999,99999,99999,0,1,29,54
11,4,2,3,3,0,0,73,55
11,3,2,3,3,1,1,192,56
11,4,3,3,3,1,1,5,57
11,2,3,3,3,0,1,14,58
11,4,3,3,3,1,1,68,59
11,2,2,3,3,0,1,150,60
11,3,2,3,3,1,1,133,61
11,1,99999,99999,99999,0,1,86,62
11,3,2,2,2,0,0,100,63
11,1,99999,99999,99999,1,1,61,64
11,4,3,3,3,1,1,170,65
11,2,3,3,3,0,0,190,66
11,2,3,3,3,1,1,89,67
11,3,1,1,1,0,1,66,68
11,1,99999,99999,99999,0,0,177,69
11,3,1,1,1,0,0,159,70
11,4,3,3,3,0,0,185,71
11,1,99999,99999,99999,1,1,92,72
11,3,2,1,1,1,1,95,73
11,2,3,3,3,1,1,72,74
11,4,2,2,NaN,1,1,172,75
11,3,1,1,1,0,1,162,76
11,1,99999,99999,99999,0,1,179,77
11,2,3,3,3,0,1,93,78
11,4,3,3,3,0,1,183,79
11,1,99999,99999,99999,0,0,94,80
11,3,1,1,1,1,1,28,81
11,1,99999,99999,99999,0,0,4,82
11,2,3,3,3,0,0,2,83
11,1,99999,99999,99999,0,0,128,84
11,4,3,3,3,0,1,113,85
11,2,3,3,3,0,0,130,86
11,3,1,2,2,0,0,81,87
11,4,3,3,3,0,0,58,88
11,1,99999,99999,99999,1,0,34,89
11,3,2,3,3,0,1,137,90
11,4,3,3,3,1,1,74,91
11,2,3,3,3,1,1,187,92
11,3,1,1,1,1,1,96,93
11,2,3,3,3,0,0,160,94
11,4,2,3,3,0,0,76,95
11,1,99999,99999,99999,0,0,143,96
11,3,2,2,2,0,0,132,97
11,2,2,2,3,0,1,163,98
11,4,2,2,2,0,1,147,99
11,3,1,1,1,0,1,63,100
11,2,3,3,3,0,1,57,101
11,4,1,1,1,0,1,174,102
11,1,99999,99999,99999,1,1,7,103
11,1,99999,99999,99999,0,0,153,104
11,1,99999,99999,99999,0,1,8,105
11,2,3,3,3,0,1,161,106
11,4,3,3,3,1,1,131,107
11,1,99999,99999,99999,1,0,119,108
11,3,1,1,1,0,1,120,109
11,3,1,1,1,1,1,77,110
11,2,3,3,3,1,1,90,111
11,4,3,1,1,0,1,146,112
11,3,1,1,3,0,1,111,113
11,4,1,2,3,0,0,105,114
11,4,3,3,NaN,0,0,24,115
11,1,99999,99999,99999,0,0,42,116
11,2,3,3,NaN,1,1,138,117
11,2,3,3,NaN,0,1,54,118
11,1,99999,99999,99999,0,1,117,119
11,3,1,3,1,0,0,152,120
11,1,99999,99999,99999,0,1,135,121
11,2,3,3,3,0,1,127,122
11,4,3,3,3,0,0,106,123
11,4,2,3,2,1,1,27,124
11,2,3,3,NaN,1,1,164,125
11,3,1,1,2,0,1,158,126
11,1,99999,99999,99999,0,1,41,127
11,3,1,1,2,0,0,125,128
11,1,99999,99999,99999,1,1,37,129
11,1,99999,99999,99999,0,1,169,130
11,2,2,3,3,0,1,154,131
11,2,3,3,3,0,1,189,132
11,3,1,1,1,0,1,87,133
11,3,1,1,1,0,1,20,134
11,4,3,3,3,1,1,97,135
11,4,3,3,3,0,1,50,136
11,1,99999,99999,99999,1,1,112,137
11,2,3,3,3,1,1,19,138
11,2,2,3,3,1,1,176,139
11,3,1,1,1,0,1,70,140
11,1,99999,99999,99999,0,0,21,141
11,4,1,2,2,1,1,151,142
11,4,3,3,3,0,1,80,143
11,3,1,1,1,0,0,71,144
11,3,1,0,2,1,1,134,145
11,2,3,3,3,1,1,64,146
11,2,3,3,3,0,1,53,147
11,4,3,3,NaN,0,0,173,148
11,1,99999,99999,99999,0,0,110,149
11,1,99999,99999,99999,1,1,182,150
11,3,0,2,3,1,1,148,151
11,4,2,3,NaN,1,1,32,152
11,3,1,2,2,0,1,55,153
11,1,99999,99999,99999,0,1,180,154
11,1,99999,99999,99999,0,1,102,155
11,2,3,3,NaN,1,1,23,156
11,4,1,3,1,0,1,122,157
11,3,0,0,1,0,1,149,158
11,2,3,3,3,0,1,107,159
11,4,3,3,3,0,1,171,160
11,1,99999,99999,99999,0,1,67,161
11,2,3,3,3,1,1,186,162
11,3,0,1,1,0,1,91,163
11,2,3,3,3,0,1,83,164
11,1,99999,99999,99999,0,0,52,165
11,4,1,2,2,0,1,165,166
11,3,1,2,1,0,0,168,167
11,4,3,3,3,0,0,10,168
11,4,1,1,1,0,1,45,169
11,2,3,3,NaN,1,1,188,170
11,4,3,3,3,1,1,12,171
11,1,99999,99999,99999,0,0,26,172
11,3,1,1,1,1,1,82,173
11,1,99999,99999,99999,0,1,175,174
11,2,3,3,NaN,1,1,22,175
11,3,2,1,2,0,1,17,176
11,4,2,3,3,0,1,13,177
11,3,1,1,1,0,1,184,178
11,3,1,1,1,0,1,101,179
11,1,99999,99999,99999,0,1,141,180
11,1,99999,99999,99999,1,0,31,181
11,2,3,3,3,1,1,38,182
11,2,3,3,3,1,1,191,183
11,4,3,3,3,1,1,44,184
11,3,1,NaN,3,1,1,181,185
11,2,3,3,3,1,1,35,186
11,1,99999,99999,99999,0,0,155,187
11,2,3,3,3,0,1,60,188
11,4,1,3,3,0,1,43,189
11,4,3,3,3,1,1,16,190
11,1,99999,99999,99999,0,0,47,191
11,3,2,2,2,0,1,75,192
12,2,3,3,3,1,1,145,1
12,2,NaN,3,3,0,0,18,2
12,3,2,1,0,1,1,84,3
12,4,3,3,3,0,1,116,4
12,3,1,1,0,0,1,65,5
12,1,99999,99999,99999,1,1,114,6
12,4,3,3,3,1,1,88,7
12,1,99999,99999,99999,0,0,115,8
12,2,3,3,3,0,0,15,9
12,4,2,2,2,0,0,40,10
12,1,99999,99999,99999,0,1,118,11
12,2,3,3,3,1,1,39,12
12,3,1,2,1,0,0,178,13
12,3,2,1,1,1,1,48,14
12,4,3,3,3,0,1,136,15
12,1,99999,99999,99999,0,0,51,16
12,1,99999,99999,99999,1,1,109,17
12,2,3,3,3,0,1,144,18
12,4,2,2,2,1,0,46,19
12,3,2,1,1,0,0,85,20
12,2,3,3,3,0,1,123,21
12,1,99999,99999,99999,0,1,11,22
12,3,1,1,1,0,1,166,23
12,4,2,3,3,1,1,104,24
12,2,3,3,3,1,0,140,25
12,2,3,3,3,0,1,62,26
12,3,1,1,0,0,1,25,27
12,1,99999,99999,99999,0,0,108,28
12,3,1,1,0,0,0,129,29
12,1,99999,99999,99999,0,0,103,30
12,4,3,3,3,0,1,36,31
12,4,3,3,3,1,0,1,32
12,1,99999,99999,99999,1,0,69,33
12,3,1,1,1,0,1,98,34
12,4,3,3,3,0,0,59,35
12,1,99999,99999,99999,0,1,126,36
12,2,3,3,3,0,1,3,37
12,4,2,3,NaN,0,1,99,38
12,2,3,3,3,1,1,157,39
12,3,0,1,1,0,0,9,40
12,2,3,3,3,0,1,6,41
12,2,3,3,3,1,1,33,42
12,3,2,1,1,0,0,142,43
12,4,3,3,3,0,1,56,44
12,4,3,3,3,1,1,79,45
12,1,99999,99999,99999,0,1,30,46
12,1,99999,99999,99999,0,1,167,47
12,3,1,1,1,1,1,78,48
12,1,99999,99999,99999,0,1,73,49
12,3,1,1,1,0,0,139,50
12,4,3,3,3,0,1,124,51
12,2,3,3,3,1,1,29,52
12,1,99999,99999,99999,1,1,49,53
12,2,3,3,3,1,1,121,54
12,4,3,3,3,1,1,192,55
12,3,0,0,0,0,1,156,56
12,4,3,3,3,1,1,133,57
12,3,1,1,1,0,0,150,58
12,2,3,3,3,0,0,61,59
12,1,99999,99999,99999,1,1,5,60
12,3,0,0,0,0,1,14,61
12,1,99999,99999,99999,1,1,68,62
12,2,3,3,3,0,0,86,63
12,4,3,NaN,3,0,1,100,64
12,3,1,1,1,1,1,89,65
12,3,1,2,1,0,0,190,66
12,2,3,3,3,1,1,177,67
12,1,99999,99999,99999,0,0,170,68
12,2,3,3,3,1,1,92,69
12,4,2,3,2,0,0,159,70
12,1,99999,99999,99999,0,0,185,71
12,4,3,3,3,0,0,66,72
12,1,99999,99999,99999,0,1,172,73
12,2,3,3,3,0,0,94,74
12,4,3,3,NaN,0,1,162,75
12,1,99999,99999,99999,0,0,183,76
12,4,3,3,3,1,1,95,77
12,3,0,0,0,0,1,72,78
12,2,3,3,3,1,1,179,79
12,3,1,1,0,0,0,93,80
12,4,3,3,3,1,1,81,81
12,4,3,3,3,0,1,28,82
12,1,99999,99999,99999,0,0,113,83
12,2,3,3,3,0,0,4,84
12,3,2,1,0,0,1,130,85
12,2,3,3,3,0,0,128,86
12,3,1,1,3,0,0,2,87
12,1,99999,99999,99999,0,0,58,88
12,4,3,3,3,0,0,137,89
12,3,0,0,0,0,1,187,90
12,2,3,3,3,0,1,143,91
12,2,3,3,3,0,0,34,92
12,4,3,3,3,0,1,96,93
12,1,99999,99999,99999,0,1,74,94
12,1,99999,99999,99999,0,0,76,95
12,3,0,1,0,0,1,160,96
12,4,3,3,3,0,0,132,97
12,2,3,3,3,0,1,7,98
12,4,3,3,3,0,1,63,99
12,3,3,1,3,1,1,57,100
12,1,99999,99999,99999,0,0,174,101
12,3,1,1,2,0,1,163,102
12,2,3,NaN,3,0,0,153,103
12,1,99999,99999,99999,0,1,147,104
12,2,3,3,3,0,0,119,105
12,2,3,3,3,0,1,8,106
12,1,99999,99999,99999,1,1,146,107
12,3,2,3,3,0,0,90,108
12,4,3,3,3,0,1,77,109
12,3,0,0,0,0,1,161,110
12,4,3,3,3,0,1,120,111
12,1,99999,99999,99999,1,1,131,112
12,2,3,3,3,0,0,117,113
12,4,3,3,3,0,0,111,114
12,2,3,3,3,0,1,42,115
12,3,3,3,1,0,1,54,116
12,1,99999,99999,99999,0,1,24,117
12,1,99999,99999,99999,1,1,105,118
12,4,3,3,3,0,0,152,119
12,3,0,0,0,1,1,138,120
12,3,0,3,0,0,1,164,121
12,3,2,0,0,0,1,127,122
12,4,3,3,3,0,1,158,123
12,2,3,3,3,0,1,41,124
12,4,3,3,3,1,1,125,125
12,1,99999,99999,99999,0,1,27,126
12,2,3,3,3,0,0,135,127
12,1,99999,99999,99999,0,1,106,128
12,1,99999,99999,99999,1,1,97,129
12,2,3,3,3,0,0,169,130
12,3,1,3,1,0,1,154,131
12,3,0,1,1,0,1,189,132
12,4,3,3,3,0,1,20,133
12,4,3,NaN,3,0,1,87,134
12,1,99999,99999,99999,0,1,50,135
12,2,3,3,3,0,0,37,136
12,3,0,3,0,0,1,19,137
12,1,99999,99999,99999,0,0,80,138
12,4,3,3,3,0,0,71,139
12,1,99999,99999,99999,1,1,151,140
12,3,0,3,3,0,1,176,141
12,2,3,3,3,1,1,112,142
12,2,3,3,3,0,1,21,143
12,4,3,3,3,0,1,70,144
12,4,2,3,3,1,0,148,145
12,3,3,3,3,0,1,64,146
12,1,99999,99999,99999,1,1,32,147
12,2,3,NaN,3,0,1,182,148
12,3,0,0,0,0,0,53,149
12,1,99999,99999,99999,0,1,173,150
12,4,3,3,3,0,0,134,151
12,2,3,3,3,0,0,110,152
12,4,3,3,3,0,1,55,153
12,1,99999,99999,99999,1,1,122,154
12,2,3,3,3,0,0,180,155
12,2,3,3,3,0,0,102,156
12,3,3,3,3,0,1,107,157
12,4,3,3,3,0,1,149,158
12,1,99999,99999,99999,0,1,171,159
12,3,0,0,2,0,1,23,160
12,3,0,0,0,0,0,83,161
12,4,3,1,2,0,0,91,162
12,2,3,3,3,0,1,52,163
12,4,3,3,3,0,0,168,164
12,1,99999,99999,99999,0,1,10,165
12,1,99999,99999,99999,0,1,165,166
12,2,3,3,3,0,1,67,167
12,3,3,2,2,1,1,186,168
12,2,3,3,3,0,1,26,169
12,3,2,3,2,0,1,188,170
12,4,3,3,3,0,0,17,171
12,3,0,3,2,0,1,22,172
12,2,3,3,3,0,1,175,173
12,1,99999,99999,99999,1,1,12,174
12,4,0,0,0,0,1,82,175
12,1,99999,99999,99999,0,1,45,176
12,4,2,3,2,0,1,184,177
12,1,99999,99999,99999,0,1,13,178
12,3,2,3,2,1,1,38,179
12,3,3,3,3,0,1,191,180
12,2,3,3,3,0,0,141,181
12,1,99999,99999,99999,1,1,44,182
12,4,3,1,2,1,1,101,183
12,2,3,3,3,0,1,31,184
12,2,3,3,3,0,0,155,185
12,1,99999,99999,99999,0,0,16,186
12,1,99999,99999,99999,0,1,43,187
12,4,3,3,3,1,1,75,188
12,3,0,1,0,0,1,60,189
12,4,3,2,2,1,1,181,190
12,2,3,3,3,0,0,47,191
12,3,2,1,2,1,1,35,192
13,4,3,3,3,0,0,84,1
13,3,0,0,0,0,1,145,2
13,2,3,3,3,0,1,115,3
13,1,99999,99999,99999,0,1,116,4
13,3,0,0,0,0,0,18,5
13,4,3,3,3,0,0,65,6
13,2,NaN,3,3,1,1,114,7
13,1,99999,99999,99999,1,1,88,8
13,4,3,3,3,0,1,178,9
13,2,3,3,3,0,1,118,10
13,3,0,0,0,0,1,39,11
13,4,3,3,3,1,1,48,12
13,1,99999,99999,99999,0,1,136,13
13,2,3,NaN,3,0,1,51,14
13,3,0,0,0,0,0,15,15
13,1,99999,99999,99999,0,0,40,16
13,3,0,0,0,0,1,144,17
13,3,0,0,0,0,1,123,18
13,4,3,3,3,1,1,166,19
13,2,3,3,3,0,1,11,20
13,1,99999,99999,99999,0,0,104,21
13,2,3,3,3,1,0,109,22
13,1,99999,99999,99999,0,1,46,23
13,4,3,3,3,0,1,85,24
13,3,3,0,1,1,1,140,25
13,1,99999,99999,99999,0,1,1,26
13,3,0,0,1,0,1,62,27
13,4,3,3,3,1,1,129,28
13,4,3,3,3,1,1,25,29
13,2,3,3,3,1,0,103,30
13,1,99999,99999,99999,0,1,36,31
13,2,1,3,3,0,0,108,32
13,2,3,3,3,0,0,69,33
13,4,3,3,3,0,1,98,34
13,3,1,0,0,0,1,157,35
13,3,1,0,0,0,0,3,36
13,1,99999,99999,99999,0,0,59,37
13,2,3,0,3,0,0,126,38
13,4,3,3,3,0,0,9,39
13,1,99999,99999,99999,0,1,99,40
13,1,99999,99999,99999,1,0,79,41
13,1,99999,99999,99999,0,1,56,42
13,2,3,3,3,0,0,167,43
13,2,3,3,3,0,0,30,44
13,4,3,3,3,0,1,142,45
13,4,1,3,3,1,0,78,46
13,3,1,1,0,0,1,6,47
13,3,0,0,3,0,1,33,48
13,3,1,0,0,1,1,121,49
13,3,1,0,0,0,1,29,50
13,1,99999,99999,99999,1,1,192,51
13,1,99999,99999,99999,0,0,124,52
13,2,3,3,3,0,0,49,53
13,2,3,3,3,0,1,73,54
13,4,3,3,3,0,1,156,55
13,4,3,3,3,0,0,139,56
13,2,3,3,3,1,0,68,57
13,1,99999,99999,99999,0,1,133,58
13,3,0,0,1,0,0,61,59
13,1,99999,99999,99999,0,1,100,60
13,2,3,3,3,0,1,5,61
13,4,3,3,3,0,0,150,62
13,3,3,3,3,0,0,86,63
13,4,3,3,3,1,1,14,64
13,4,3,3,3,0,1,190,65
13,3,3,1,1,1,0,92,66
13,2,NaN,3,3,0,0,185,67
13,1,99999,99999,99999,0,1,66,68
13,2,3,3,3,0,0,170,69
13,3,1,1,1,0,1,177,70
13,1,99999,99999,99999,0,0,159,71
13,4,3,3,3,1,1,89,72
13,4,1,3,3,0,0,93,73
13,4,3,3,3,0,1,72,74
13,1,99999,99999,99999,0,1,162,75
13,2,3,NaN,3,0,0,183,76
13,3,1,1,1,0,1,94,77
13,1,99999,99999,99999,1,0,95,78
13,3,1,1,1,0,1,179,79
13,2,3,3,3,0,0,172,80
13,2,3,NaN,NaN,0,0,113,81
13,1,99999,99999,99999,0,0,28,82
13,3,NaN,NaN,NaN,0,0,128,83
13,4,3,3,3,0,1,2,84
13,1,99999,99999,99999,0,1,81,85
13,4,3,1,1,0,1,130,86
13,2,3,3,3,0,1,58,87
13,3,3,1,1,0,0,4,88
13,1,99999,99999,99999,0,0,137,89
13,2,3,3,3,0,1,76,90
13,3,1,NaN,1,0,0,34,91
13,4,3,NaN,3,0,1,160,92
13,2,3,3,3,1,1,74,93
13,3,NaN,1,1,0,0,143,94
13,4,3,3,3,0,1,187,95
13,1,99999,99999,99999,0,0,96,96
13,1,99999,99999,99999,0,0,132,97
13,2,3,3,3,0,1,147,98
13,3,1,1,1,0,0,153,99
13,2,2,3,3,0,1,174,100
13,1,99999,99999,99999,0,1,63,101
13,4,1,3,3,1,1,163,102
13,3,3,NaN,1,1,1,7,103
13,4,3,3,3,0,1,57,104
13,4,NaN,1,1,0,1,161,105
13,4,3,3,3,1,0,90,106
13,2,3,3,3,0,1,131,107
13,3,3,3,3,1,1,119,108
13,3,1,1,3,0,0,8,109
13,1,99999,99999,99999,0,0,120,110
13,1,99999,99999,99999,1,1,77,111
13,2,NaN,3,3,1,1,146,112
13,2,NaN,3,3,0,1,105,113
13,2,3,3,3,0,0,24,114
13,4,3,3,3,0,1,54,115
13,1,99999,99999,99999,0,0,111,116
13,1,99999,99999,99999,0,0,152,117
13,3,1,0,3,0,1,117,118
13,4,3,1,3,1,1,138,119
13,3,NaN,1,0,0,0,42,120
13,3,1,0,0,0,0,41,121
13,1,99999,99999,99999,0,1,158,122
13,1,99999,99999,99999,0,0,125,123
13,4,3,3,NaN,0,0,164,124
13,3,1,1,3,0,1,135,125
13,2,3,3,3,0,1,106,126
13,4,3,3,3,0,0,127,127
13,2,3,3,3,0,1,27,128
13,1,99999,99999,99999,0,1,87,129
13,4,3,3,3,0,1,154,130
13,2,NaN,3,NaN,1,0,97,131
13,2,NaN,3,3,1,1,50,132
13,3,1,3,1,0,1,169,133
13,3,1,NaN,1,1,1,37,134
13,4,3,3,3,1,1,189,135
13,1,99999,99999,99999,0,0,20,136
13,2,3,3,3,0,1,80,137
13,4,3,3,3,0,0,176,138
13,1,99999,99999,99999,0,1,71,139
13,1,99999,99999,99999,0,1,70,140
13,3,NaN,1,1,0,1,21,141
13,2,3,3,3,1,1,151,142
13,3,3,1,3,0,0,112,143
13,4,3,3,3,0,0,19,144
13,2,3,3,3,0,1,173,145
13,4,3,1,3,0,1,53,146
13,2,3,3,NaN,1,0,32,147
13,1,99999,99999,99999,1,0,148,148
13,3,1,3,NaN,0,0,110,149
13,1,99999,99999,99999,0,0,134,150
13,4,NaN,NaN,3,0,1,64,151
13,3,1,1,NaN,0,0,182,152
13,4,NaN,3,NaN,1,1,23,153
13,2,3,3,NaN,0,0,171,154
13,1,99999,99999,99999,0,1,55,155
13,4,3,3,3,0,0,107,156
13,2,3,3,NaN,0,0,122,157
13,1,99999,99999,99999,0,1,149,158
13,3,NaN,3,3,0,1,102,159
13,3,1,3,3,0,1,180,160
13,2,3,NaN,NaN,0,0,10,161
13,2,3,NaN,NaN,0,1,165,162
13,3,1,3,3,0,1,67,163
13,1,99999,99999,99999,0,1,91,164
13,1,99999,99999,99999,0,0,168,165
13,3,NaN,NaN,1,0,0,52,166
13,4,1,NaN,1,0,0,83,167
13,4,NaN,NaN,2,0,1,186,168
13,4,NaN,3,NaN,0,1,188,169
13,1,99999,99999,99999,0,1,17,170
13,3,NaN,3,NaN,0,0,26,171
13,3,1,3,1,1,1,175,172
13,2,3,3,3,0,1,45,173
13,1,99999,99999,99999,0,1,82,174
13,4,NaN,NaN,NaN,0,1,22,175
13,2,3,NaN,2,1,1,12,176
13,3,NaN,1,NaN,0,0,31,177
13,2,NaN,3,3,1,1,13,178
13,1,99999,99999,99999,0,1,101,179
13,4,3,3,NaN,0,1,191,180
13,4,3,3,1,0,0,38,181
13,1,99999,99999,99999,0,1,184,182
13,2,3,NaN,2,0,1,44,183
13,3,2,3,1,0,1,141,184
13,1,99999,99999,99999,0,1,75,185
13,1,99999,99999,99999,0,0,181,186
13,2,3,3,3,1,1,16,187
13,2,NaN,3,3,1,1,43,188
13,4,NaN,3,NaN,1,1,35,189
13,3,1,1,NaN,0,0,47,190
13,3,NaN,1,3,0,0,155,191
13,4,NaN,3,3,1,1,60,192
14,2,3,3,3,1,1,88,1
14,1,99999,99999,99999,1,1,84,2
14,2,3,3,3,0,1,116,3
14,4,3,3,3,1,1,18,4
14,1,99999,99999,99999,1,1,65,5
14,4,2,2,2,1,0,145,6
14,3,2,2,2,0,1,115,7
14,3,2,2,2,1,1,114,8
14,3,2,2,2,0,1,51,9
14,1,99999,99999,99999,1,1,48,10
14,1,99999,99999,99999,0,1,178,11
14,2,3,3,3,0,0,40,12
14,2,3,3,3,0,1,136,13
14,4,3,3,3,0,0,39,14
14,3,2,2,2,1,1,118,15
14,4,3,3,3,1,1,15,16
14,1,99999,99999,99999,0,1,166,17
14,2,3,3,3,1,1,46,18
14,4,3,3,3,1,1,123,19
14,2,3,3,3,1,1,104,20
14,1,99999,99999,99999,0,1,85,21
14,3,2,2,2,0,1,11,22
14,3,2,2,2,0,1,109,23
14,4,2,2,2,1,1,144,24
14,1,99999,99999,99999,1,1,25,25
14,4,3,3,3,1,1,62,26
14,3,2,2,2,0,1,108,27
14,2,3,3,3,1,1,36,28
14,1,99999,99999,99999,0,1,129,29
14,3,2,2,2,0,1,103,30
14,2,3,3,3,1,1,1,31
14,4,3,3,3,1,1,140,32
14,3,2,2,2,0,0,126,33
14,1,99999,99999,99999,0,1,9,34
14,2,3,3,3,1,1,59,35
14,4,3,2,3,1,1,157,36
14,1,99999,99999,99999,0,0,98,37
14,4,3,3,3,1,1,3,38
14,2,3,3,3,1,1,99,39
14,3,3,3,3,1,1,69,40
14,3,2,3,3,1,1,30,41
14,3,2,2,2,1,1,167,42
14,4,2,2,2,1,1,6,43
14,4,3,3,3,0,1,33,44
14,2,3,3,3,1,1,56,45
14,2,3,3,3,1,1,79,46
14,1,99999,99999,99999,1,0,78,47
14,1,99999,99999,99999,0,1,142,48
14,1,99999,99999,99999,1,0,139,49
14,4,3,3,3,1,1,29,50
14,3,2,2,2,0,1,73,51
14,3,2,2,2,1,1,49,52
14,1,99999,99999,99999,0,1,156,53
14,4,3,3,3,1,1,121,54
14,2,2,3,3,1,1,124,55
14,2,3,3,3,1,1,192,56
14,3,2,2,2,1,1,68,57
14,2,3,3,3,0,1,133,58
14,4,3,3,3,1,0,61,59
14,3,2,2,2,1,1,5,60
14,2,3,3,3,1,1,100,61
14,4,2,3,3,0,1,86,62
14,1,99999,99999,99999,0,1,14,63
14,1,99999,99999,99999,0,1,150,64
14,4,3,3,3,1,1,177,65
14,3,3,3,3,1,1,170,66
14,2,3,3,3,1,1,159,67
14,1,99999,99999,99999,1,1,89,68
14,4,3,3,3,1,1,92,69
14,2,3,3,3,0,1,66,70
14,1,99999,99999,99999,0,0,190,71
14,3,2,2,2,0,1,185,72
14,3,3,3,3,1,1,183,73
14,1,99999,99999,99999,0,1,93,74
14,2,3,3,3,0,1,162,75
14,4,3,3,3,1,1,179,76
14,3,2,2,2,1,1,172,77
14,4,3,3,3,1,1,94,78
14,1,99999,99999,99999,0,1,72,79
14,2,3,3,3,0,1,95,80
14,2,3,3,3,1,1,28,81
14,4,3,3,3,0,1,128,82
14,3,2,2,2,0,0,113,83
14,1,99999,99999,99999,0,0,2,84
14,1,99999,99999,99999,0,1,130,85
14,2,3,3,3,1,1,81,86
14,4,2,2,2,1,1,4,87
14,3,2,2,2,1,0,58,88
14,4,3,3,3,1,1,34,89
14,3,2,2,2,1,1,74,90
14,2,3,3,3,0,1,137,91
14,2,3,3,3,1,1,96,92
14,1,99999,99999,99999,0,1,160,93
14,1,99999,99999,99999,0,1,187,94
14,3,2,2,2,0,1,76,95
14,4,3,3,3,0,1,143,96
14,1,99999,99999,99999,0,1,163,97
14,4,2,2,2,1,1,7,98
14,2,3,3,3,0,1,63,99
14,1,99999,99999,99999,0,1,57,100
14,3,2,2,2,0,1,147,101
14,2,3,3,3,0,0,132,102
14,4,2,2,2,1,0,153,103
14,3,2,2,2,0,1,174,104
14,1,99999,99999,99999,0,1,161,105
14,3,2,2,2,1,1,131,106
14,3,2,2,2,0,0,146,107
14,4,3,3,3,1,1,8,108
14,2,3,3,3,1,1,77,109
14,2,3,3,3,0,1,120,110
14,1,99999,99999,99999,0,0,90,111
14,4,2,2,2,1,1,119,112
14,2,3,3,3,0,1,152,113
14,2,3,3,3,0,1,111,114
14,4,3,3,3,0,0,42,115
14,3,2,2,2,0,1,105,116
14,1,99999,99999,99999,1,1,138,117
14,3,2,2,2,0,0,24,118
14,1,99999,99999,99999,0,1,54,119
14,4,3,3,3,1,1,117,120
14,2,3,3,3,0,1,158,121
14,1,99999,99999,99999,0,1,127,122
14,3,2,2,2,1,1,27,123
14,4,3,3,3,1,1,41,124
14,4,2,2,2,0,1,135,125
14,3,2,2,2,0,1,106,126
14,1,99999,99999,99999,1,1,164,127
14,2,3,3,3,1,1,125,128
14,2,3,3,3,1,1,20,129
14,1,99999,99999,99999,1,1,154,130
14,4,3,3,3,1,1,37,131
14,2,3,3,3,1,1,87,132
14,3,2,2,2,1,1,97,133
14,3,2,2,2,0,1,50,134
14,4,2,2,2,0,0,169,135
14,1,99999,99999,99999,0,1,189,136
14,1,99999,99999,99999,1,1,176,137
14,4,3,3,3,1,1,112,138
14,2,3,3,3,1,1,71,139
14,2,3,3,3,1,1,70,140
14,3,3,3,3,1,1,151,141
14,3,2,2,2,1,1,80,142
14,1,99999,99999,99999,0,1,19,143
14,4,2,2,2,0,1,21,144
14,1,99999,99999,99999,0,1,64,145
14,4,3,3,3,1,1,182,146
14,2,3,3,3,1,0,148,147
14,4,3,3,3,0,1,110,148
14,2,3,3,3,0,0,134,149
14,1,99999,99999,99999,0,0,53,150
14,3,2,2,2,0,1,173,151
14,3,2,2,2,0,1,32,152
14,4,3,3,3,0,1,180,153
14,4,2,2,2,1,0,102,154
14,1,99999,99999,99999,0,1,107,155
14,3,2,2,2,0,1,171,156
14,3,2,2,2,0,1,122,157
14,2,3,3,3,1,1,149,158
14,2,3,3,3,0,1,55,159
14,1,99999,99999,99999,1,1,23,160
14,1,99999,99999,99999,0,1,83,161
14,4,3,3,3,0,1,52,162
14,4,3,3,3,1,1,67,163
14,2,2,3,3,1,1,91,164
14,3,2,2,2,1,1,165,165
14,2,3,3,3,0,1,168,166
14,1,99999,99999,99999,1,0,186,167
14,3,2,2,2,0,0,10,168
14,2,3,3,3,1,1,82,169
14,2,3,3,3,0,1,17,170
14,1,99999,99999,99999,0,1,22,171
14,4,3,3,3,1,1,175,172
14,1,99999,99999,99999,0,1,188,173
14,4,3,3,3,1,1,26,174
14,3,2,3,3,1,1,12,175
14,3,2,2,2,0,1,45,176
14,3,2,2,2,1,1,13,177
14,1,99999,99999,99999,0,1,191,178
14,1,99999,99999,99999,1,1,38,179
14,4,3,3,3,1,1,31,180
14,2,3,3,3,1,1,101,181
14,4,2,3,3,0,1,141,182
14,2,3,3,3,0,1,184,183
14,3,2,2,2,0,1,44,184
14,2,3,3,3,0,1,75,185
14,1,99999,99999,99999,1,1,35,186
14,2,3,3,3,1,1,181,187
14,4,2,3,3,1,0,155,188
14,1,99999,99999,99999,0,1,60,189
14,3,2,2,2,0,1,16,190
14,3,2,2,2,1,1,43,191
14,4,3,3,3,0,1,47,192
15,2,3,3,3,1,0,115,1
15,4,3,3,3,1,0,84,2
15,1,99999,99999,99999,0,1,116,3
15,1,99999,99999,99999,0,1,88,4
15,2,3,3,3,0,1,114,5
15,3,2,1,2,0,0,18,6
15,4,3,3,3,0,1,65,7
15,3,1,1,2,0,1,145,8
15,3,2,3,3,0,1,39,9
15,1,99999,99999,99999,0,1,136,10
15,4,2,3,3,1,1,48,11
15,2,3,3,3,0,1,118,12
15,3,1,1,2,0,0,15,13
15,1,99999,99999,99999,0,0,40,14
15,4,3,3,3,0,0,178,15
15,2,3,3,3,0,1,51,16
15,3,1,1,1,1,1,144,17
15,1,99999,99999,99999,0,1,46,18
15,2,1,1,3,0,1,109,19
15,4,3,2,3,1,1,166,20
15,4,3,3,3,0,1,85,21
15,2,3,3,3,0,1,11,22
15,3,1,1,2,0,1,123,23
15,1,99999,99999,99999,0,0,104,24
15,1,99999,99999,99999,0,1,1,25
15,4,3,3,3,1,1,25,26
15,4,2,3,3,0,1,129,27
15,1,99999,99999,99999,0,1,36,28
15,2,3,3,3,0,0,108,29
15,2,3,3,3,0,1,103,30
15,3,2,2,2,0,0,140,31
15,3,1,1,1,0,1,62,32
15,1,99999,99999,99999,0,0,99,33
15,2,3,3,3,1,1,69,34
15,2,3,3,3,0,0,126,35
15,4,3,3,3,0,0,9,36
15,3,1,1,1,1,1,157,37
15,4,3,3,3,1,1,98,38
15,1,99999,99999,99999,0,0,59,39
15,3,1,1,1,0,1,3,40
15,2,3,3,3,0,0,30,41
15,4,3,3,3,1,1,78,42
15,3,1,1,1,0,1,33,43
15,1,99999,99999,99999,0,0,56,44
15,2,3,3,3,1,1,167,45
15,3,0,1,1,0,1,6,46
15,1,99999,99999,99999,1,1,79,47
15,4,3,3,3,0,1,142,48
15,4,2,2,2,0,1,156,49
15,3,1,1,2,0,1,29,50
15,1,99999,99999,99999,0,1,192,51
15,2,3,3,3,1,1,49,52
15,2,1,2,3,0,1,73,53
15,4,1,1,1,0,0,139,54
15,3,1,1,1,1,1,121,55
15,1,99999,99999,99999,0,1,124,56
15,1,99999,99999,99999,0,1,100,57
15,1,99999,99999,99999,0,1,133,58
15,2,3,3,3,0,1,5,59
15,4,2,3,3,0,1,14,60
15,4,3,3,3,0,1,150,61
15,3,3,3,3,0,0,61,62
15,2,3,3,3,0,1,68,63
15,3,1,1,1,0,1,86,64
15,1,99999,99999,99999,0,0,159,65
15,2,3,3,3,0,0,185,66
15,2,3,3,3,0,0,170,67
15,3,1,1,1,0,1,177,68
15,4,3,3,3,0,1,89,69
15,1,99999,99999,99999,0,1,66,70
15,3,0,1,1,0,0,92,71
15,4,2,3,3,0,0,190,72
15,4,3,3,3,0,1,72,73
15,3,1,1,1,1,1,94,74
15,3,1,1,1,0,1,179,75
15,1,99999,99999,99999,0,1,95,76
15,4,2,2,3,0,1,93,77
15,2,2,3,3,1,1,172,78
15,2,3,3,3,0,0,183,79
15,1,99999,99999,99999,0,0,162,80
15,2,3,3,3,0,0,58,81
15,4,3,3,3,0,0,130,82
15,4,3,3,1,1,1,2,83
15,1,99999,99999,99999,0,1,81,84
15,2,3,3,3,0,0,113,85
15,3,1,1,1,0,1,128,86
15,3,1,1,1,0,1,4,87
15,1,99999,99999,99999,0,0,28,88
15,2,3,3,3,0,0,76,89
15,1,99999,99999,99999,0,0,137,90
15,2,3,3,3,1,1,74,91
15,4,2,2,0,0,1,160,92
15,3,1,1,1,0,1,34,93
15,1,99999,99999,99999,1,1,96,94
15,3,1,1,1,0,0,143,95
15,4,3,3,3,1,0,187,96
15,3,1,2,2,1,1,7,97
15,2,3,NaN,NaN,0,1,174,98
15,4,3,NaN,NaN,1,1,163,99
15,4,1,1,2,0,1,57,100
15,3,0,0,0,0,0,153,101
15,1,99999,99999,99999,0,0,132,102
15,1,99999,99999,99999,0,1,63,103
15,2,3,NaN,3,0,1,147,104
15,4,2,NaN,3,1,1,161,105
15,4,3,NaN,3,1,1,90,106
15,2,2,NaN,NaN,0,1,146,107
15,3,NaN,2,1,0,1,119,108
15,1,99999,99999,99999,0,1,77,109
15,1,99999,99999,99999,0,1,120,110
15,3,1,2,2,0,1,8,111
15,2,3,3,NaN,1,1,131,112
15,2,3,3,3,0,1,105,113
15,4,3,3,3,0,1,54,114
15,1,99999,99999,99999,0,0,111,115
15,3,0,0,0,0,0,117,116
15,4,3,3,3,1,1,138,117
15,3,1,1,1,0,1,42,118
15,2,3,3,3,0,1,24,119
15,1,99999,99999,99999,0,1,152,120
15,4,1,2,3,0,1,127,121
15,4,3,3,3,0,1,164,122
15,3,1,1,1,0,0,41,123
15,2,3,3,3,0,1,27,124
15,1,99999,99999,99999,0,1,158,125
15,2,3,3,3,0,1,106,126
15,3,1,1,1,0,0,135,127
15,1,99999,99999,99999,0,1,125,128
15,3,1,3,0,0,0,169,129
15,2,3,3,3,0,1,50,130
15,4,1,1,1,0,1,189,131
15,4,3,3,2,0,1,154,132
15,3,0,0,1,1,1,37,133
15,2,3,3,3,1,1,97,134
15,1,99999,99999,99999,0,0,87,135
15,1,99999,99999,99999,0,1,20,136
15,2,2,3,3,0,0,80,137
15,4,3,3,3,0,1,176,138
15,2,3,3,3,1,1,151,139
15,3,1,0,2,0,1,112,140
15,1,99999,99999,99999,0,1,70,141
15,3,1,0,0,0,1,21,142
15,4,3,3,3,0,1,19,143
15,1,99999,99999,99999,0,1,71,144
15,4,3,0,2,0,0,53,145
15,4,3,3,3,0,1,64,146
15,1,99999,99999,99999,0,1,134,147
15,1,99999,99999,99999,0,1,148,148
15,3,1,1,1,0,0,182,149
15,2,3,3,2,1,1,32,150
15,2,3,3,0,0,1,173,151
15,3,1,NaN,NaN,0,0,110,152
15,2,3,3,3,0,0,171,153
15,3,1,1,NaN,0,1,102,154
15,1,99999,99999,99999,0,1,55,155
15,3,NaN,1,1,0,0,180,156
15,2,1,2,2,0,0,122,157
15,4,2,3,3,0,1,23,158
15,1,99999,99999,99999,0,1,149,159
15,4,3,3,3,1,1,107,160
15,1,99999,99999,99999,0,1,168,161
15,1,99999,99999,99999,0,1,91,162
15,4,3,3,3,0,1,186,163
15,2,2,1,2,0,1,165,164
15,3,0,0,0,0,1,52,165
15,4,1,0,3,0,1,83,166
15,2,3,3,3,0,0,10,167
15,3,1,0,1,0,1,67,168
15,2,2,3,1,0,1,45,169
15,1,99999,99999,99999,0,1,17,170
15,3,0,0,2,0,0,175,171
15,1,99999,99999,99999,0,1,82,172
15,3,0,NaN,0,0,0,26,173
15,2,3,3,3,1,1,12,174
15,4,3,3,3,0,1,188,175
15,4,3,3,3,0,1,22,176
15,2,3,3,3,0,1,44,177
15,3,0,0,0,0,1,141,178
15,3,0,0,0,0,1,31,179
15,4,3,3,3,0,1,38,180
15,4,1,1,1,0,1,191,181
15,2,3,3,3,1,1,13,182
15,1,99999,99999,99999,0,1,101,183
15,1,99999,99999,99999,0,1,184,184
15,2,3,3,3,1,1,43,185
15,2,3,3,3,1,1,16,186
15,3,0,0,0,0,1,47,187
15,1,99999,99999,99999,0,1,181,188
15,3,0,0,0,0,0,155,189
15,4,3,3,3,0,0,35,190
15,1,99999,99999,99999,0,0,75,191
15,4,1,1,1,1,1,60,192
