subject,condition,studyResp,named,whichItem,trial
1,4,2,0,132,1
1,1,1,0,121,2
1,4,0,0,47,3
1,2,3,1,97,4
1,1,1,0,197,5
1,1,0,0,137,6
1,3,2,0,116,7
1,3,1,0,124,8
1,1,0,0,91,9
1,3,0,0,63,10
1,3,1,1,79,11
1,3,1,1,5,12
1,1,1,0,163,13
1,1,1,0,18,14
1,2,2,0,16,15
1,1,2,0,30,16
1,1,3,1,12,17
1,3,0,0,153,18
1,4,1,0,179,19
1,2,0,1,48,20
1,1,1,0,89,21
1,1,1,0,144,22
1,4,1,0,189,23
1,2,1,0,60,24
1,3,NaN,0,64,25
1,2,0,0,130,26
1,1,NaN,0,133,27
1,4,NaN,0,178,28
1,4,NaN,0,194,29
1,3,NaN,0,191,30
1,2,3,1,1,31
1,4,1,0,96,32
1,1,0,0,25,33
1,4,1,0,136,34
1,1,0,1,122,35
1,4,1,0,159,36
1,2,1,0,172,37
1,2,1,0,4,38
1,2,1,0,135,39
1,2,0,0,173,40
1,3,0,0,127,41
1,4,1,0,190,42
1,1,1,0,53,43
1,2,1,0,77,44
1,3,1,0,142,45
1,4,0,0,148,46
1,2,1,0,200,47
1,4,0,0,199,48
1,4,2,0,28,49
1,1,1,0,112,50
1,2,0,0,56,51
1,3,1,0,101,52
1,3,1,0,164,53
1,1,3,1,69,54
1,2,1,0,184,55
1,1,1,0,23,56
1,4,1,0,93,57
1,3,1,0,139,58
1,1,1,0,50,59
1,3,3,0,188,60
1,1,1,0,46,61
1,2,1,0,26,62
1,3,2,1,103,63
1,4,1,0,110,64
1,2,1,0,156,65
1,4,2,0,119,66
1,4,0,0,21,67
1,2,1,0,73,68
1,3,1,0,102,69
1,2,1,1,70,70
1,3,0,1,192,71
1,4,1,0,33,72
1,4,2,0,11,73
1,4,1,0,40,74
1,2,1,0,107,75
1,2,0,0,160,76
1,2,2,0,38,77
1,1,1,0,141,78
1,4,3,0,154,79
1,4,1,0,35,80
1,4,2,0,66,81
1,1,0,0,158,82
1,2,1,0,36,83
1,1,1,0,186,84
1,4,0,0,174,85
1,1,1,0,105,86
1,1,1,0,98,87
1,4,1,0,193,88
1,3,1,1,198,89
1,3,1,0,167,90
1,3,1,0,19,91
1,4,0,0,6,92
1,3,3,0,85,93
1,4,3,1,140,94
1,3,1,0,83,95
1,3,1,0,75,96
1,3,1,0,146,97
1,2,1,0,180,98
1,2,2,0,41,99
1,2,1,0,13,100
1,3,0,0,31,101
1,3,2,0,74,102
1,4,2,0,94,103
1,1,1,1,32,104
1,1,0,0,104,105
1,3,3,1,114,106
1,3,0,1,27,107
1,2,1,1,15,108
1,1,0,0,3,109
1,4,1,0,84,110
1,3,0,0,182,111
1,3,1,0,99,112
1,4,1,1,113,113
1,4,1,0,100,114
1,4,1,1,129,115
1,2,0,0,147,116
1,1,1,0,169,117
1,2,1,0,78,118
1,2,0,0,51,119
1,2,0,0,168,120
1,2,1,0,92,121
1,2,1,1,8,122
1,2,1,0,67,123
1,4,2,1,44,124
1,1,2,0,80,125
1,2,2,0,181,126
1,3,2,0,71,127
1,1,1,0,196,128
1,4,0,0,72,129
1,1,1,0,145,130
1,1,0,0,106,131
1,1,0,0,49,132
1,3,0,0,52,133
1,4,0,0,157,134
1,1,0,0,162,135
1,4,1,0,7,136
1,3,2,0,54,137
1,1,1,0,55,138
1,3,1,0,115,139
1,3,0,0,150,140
1,4,1,0,125,141
1,4,2,0,24,142
1,3,2,0,17,143
1,3,1,0,14,144
1,1,1,0,29,145
1,1,1,0,87,146
1,3,1,0,111,147
1,3,1,0,57,148
1,2,NaN,0,90,149
1,4,1,0,120,150
1,3,1,0,39,151
1,1,0,0,10,152
1,1,1,0,161,153
1,1,0,0,177,154
1,4,0,0,155,155
1,3,2,0,131,156
1,2,1,0,171,157
1,1,1,1,9,158
1,2,0,0,95,159
1,2,0,0,195,160
1,1,0,0,68,161
1,4,0,0,143,162
1,2,1,0,185,163
1,1,2,1,37,164
1,3,0,0,81,165
1,1,0,0,82,166
1,2,2,1,62,167
1,3,0,0,34,168
1,1,NaN,0,43,169
1,4,0,0,65,170
1,2,0,0,166,171
1,3,0,0,134,172
1,4,2,0,176,173
1,3,2,0,22,174
1,4,0,0,59,175
1,4,0,0,149,176
1,2,0,0,20,177
1,2,0,0,76,178
1,3,1,0,165,179
1,3,1,0,117,180
1,4,1,0,86,181
1,2,0,0,61,182
1,1,1,0,152,183
1,4,2,1,42,184
1,2,1,1,138,185
1,1,0,0,187,186
1,4,1,0,58,187
1,2,2,0,170,188
1,3,0,0,123,189
1,1,2,0,126,190
1,2,1,0,108,191
1,3,2,0,118,192
1,2,0,0,175,193
1,2,2,0,128,194
1,2,1,0,2,195
1,4,3,1,151,196
1,1,NaN,0,88,197
1,3,0,0,45,198
1,1,1,0,109,199
1,4,3,1,183,200
2,4,2,0,200,1
2,3,1,0,147,2
2,2,1,0,164,3
2,1,0,0,77,4
2,4,1,0,190,5
2,2,1,1,10,6
2,4,1,0,47,7
2,2,0,0,140,8
2,2,2,0,102,9
2,1,0,1,15,10
2,4,2,0,166,11
2,2,0,0,160,12
2,1,0,0,76,13
2,4,2,1,183,14
2,4,0,0,71,15
2,3,0,0,132,16
2,1,0,0,61,17
2,1,0,1,79,18
2,1,0,0,55,19
2,4,0,1,27,20
2,4,3,0,74,21
2,2,0,0,116,22
2,2,1,0,159,23
2,3,0,0,120,24
2,3,0,0,143,25
2,3,2,0,178,26
2,1,1,0,126,27
2,1,0,0,70,28
2,1,0,1,113,29
2,3,0,0,82,30
2,4,0,0,26,31
2,1,0,0,93,32
2,4,0,0,141,33
2,4,0,1,42,34
2,1,0,0,165,35
2,4,2,1,92,36
2,3,0,0,65,37
2,1,0,1,31,38
2,3,3,0,133,39
2,2,0,0,180,40
2,4,2,0,161,41
2,1,0,0,83,42
2,1,0,0,13,43
2,2,1,0,135,44
2,2,0,0,108,45
2,4,1,1,95,46
2,1,0,0,23,47
2,4,1,1,78,48
2,4,2,0,191,49
2,2,2,0,88,50
2,3,0,0,168,51
2,3,2,1,32,52
2,1,0,0,1,53
2,2,1,0,174,54
2,3,1,0,196,55
2,4,2,0,136,56
2,4,1,0,149,57
2,1,0,0,94,58
2,4,0,0,125,59
2,4,1,0,85,60
2,1,0,0,181,61
2,3,1,1,36,62
2,1,0,0,87,63
2,2,0,0,21,64
2,2,2,0,73,65
2,1,0,0,131,66
2,1,0,1,18,67
2,2,0,0,127,68
2,1,0,0,51,69
2,4,2,1,49,70
2,3,2,0,22,71
2,2,0,0,54,72
2,4,2,0,24,73
2,2,2,0,52,74
2,2,1,0,60,75
2,4,1,0,39,76
2,1,0,1,195,77
2,1,0,0,146,78
2,4,0,1,130,79
2,1,0,0,148,80
2,4,3,0,115,81
2,3,0,1,197,82
2,3,2,0,169,83
2,4,1,0,134,84
2,3,0,0,158,85
2,1,0,0,163,86
2,2,2,0,154,87
2,2,0,0,45,88
2,3,0,0,96,89
2,1,0,0,155,90
2,4,0,0,173,91
2,3,1,0,151,92
2,4,0,0,150,93
2,2,0,0,28,94
2,3,0,0,128,95
2,1,0,0,157,96
2,1,0,0,182,97
2,2,0,1,33,98
2,2,0,1,110,99
2,4,3,1,97,100
2,1,0,1,66,101
2,1,0,0,11,102
2,4,2,0,67,103
2,3,0,1,192,104
2,4,0,0,142,105
2,2,2,0,89,106
2,1,0,0,80,107
2,4,0,0,35,108
2,3,3,1,14,109
2,2,0,0,50,110
2,3,0,0,198,111
2,1,0,0,68,112
2,4,1,0,41,113
2,2,0,1,194,114
2,4,2,1,185,115
2,1,0,1,114,116
2,3,2,1,167,117
2,2,0,0,184,118
2,4,1,1,103,119
2,3,0,0,56,120
2,3,0,1,138,121
2,1,0,0,193,122
2,3,0,0,122,123
2,3,2,1,90,124
2,3,2,0,30,125
2,1,0,0,99,126
2,1,0,0,6,127
2,2,2,0,100,128
2,3,0,0,177,129
2,4,0,0,84,130
2,2,0,0,44,131
2,2,0,0,189,132
2,3,3,1,12,133
2,1,0,1,5,134
2,4,1,0,9,135
2,2,0,0,156,136
2,1,0,1,175,137
2,4,2,1,75,138
2,2,2,0,38,139
2,2,0,1,144,140
2,2,0,0,7,141
2,1,0,0,118,142
2,1,0,0,171,143
2,3,1,0,109,144
2,1,0,0,63,145
2,4,2,0,111,146
2,2,1,0,59,147
2,4,2,1,112,148
2,3,0,1,101,149
2,1,1,1,170,150
2,4,1,0,172,151
2,3,3,0,64,152
2,3,2,1,19,153
2,1,1,0,162,154
2,3,0,0,104,155
2,2,1,0,139,156
2,1,0,0,117,157
2,3,1,0,187,158
2,3,0,0,2,159
2,3,0,0,69,160
2,2,0,0,186,161
2,2,2,0,86,162
2,3,0,1,48,163
2,2,0,0,4,164
2,3,0,0,145,165
2,1,0,0,25,166
2,3,0,0,119,167
2,3,1,0,121,168
2,2,1,0,152,169
2,3,0,0,123,170
2,2,0,0,40,171
2,1,0,0,81,172
2,1,0,0,199,173
2,2,2,1,176,174
2,2,0,1,8,175
2,4,1,1,129,176
2,4,2,0,179,177
2,3,0,0,53,178
2,4,0,0,43,179
2,3,2,0,106,180
2,2,2,0,29,181
2,2,2,0,98,182
2,2,0,0,137,183
2,1,0,0,72,184
2,2,0,0,3,185
2,2,3,1,124,186
2,4,0,1,46,187
2,2,0,0,17,188
2,4,0,1,153,189
2,1,0,0,105,190
2,3,3,1,37,191
2,3,2,0,91,192
2,4,2,0,58,193
2,3,0,0,20,194
2,4,1,0,16,195
2,4,0,0,62,196
2,3,1,0,188,197
2,3,0,0,107,198
2,2,1,0,57,199
2,4,1,0,34,200
3,3,2,0,9,1
3,1,1,1,20,2
3,1,1,1,37,3
3,1,1,0,67,4
3,3,1,0,126,5
3,4,2,0,196,6
3,4,2,1,54,7
3,3,1,0,186,8
3,3,2,0,181,9
3,4,2,1,177,10
3,2,2,1,200,11
3,3,1,1,114,12
3,4,3,0,64,13
3,2,3,1,79,14
3,3,3,1,87,15
3,4,3,1,69,16
3,1,1,0,96,17
3,4,2,1,117,18
3,4,3,1,82,19
3,4,2,1,84,20
3,2,2,0,10,21
3,4,1,1,65,22
3,4,2,1,46,23
3,2,2,0,55,24
3,4,2,0,91,25
3,4,3,1,119,26
3,2,1,0,135,27
3,1,1,0,98,28
3,4,1,1,27,29
3,1,3,1,12,30
3,3,1,0,4,31
3,1,1,0,150,32
3,1,1,0,66,33
3,4,2,0,107,34
3,2,2,0,80,35
3,4,2,0,143,36
3,1,1,1,33,37
3,1,1,0,180,38
3,3,1,1,36,39
3,2,2,1,134,40
3,4,1,0,21,41
3,2,NaN,0,153,42
3,3,1,1,16,43
3,3,2,0,1,44
3,2,3,1,112,45
3,4,2,0,158,46
3,1,1,0,189,47
3,1,2,1,151,48
3,3,3,1,194,49
3,1,1,0,41,50
3,1,1,0,187,51
3,2,3,1,140,52
3,4,1,0,193,53
3,3,3,1,57,54
3,4,3,1,104,55
3,2,2,1,13,56
3,3,1,1,162,57
3,3,3,1,74,58
3,1,1,0,68,59
3,4,1,1,129,60
3,4,1,0,178,61
3,2,2,1,195,62
3,4,2,1,31,63
3,3,2,1,157,64
3,3,2,1,175,65
3,2,1,0,24,66
3,3,3,1,118,67
3,4,3,1,19,68
3,2,1,0,160,69
3,4,2,0,73,70
3,4,2,1,144,71
3,2,2,0,56,72
3,3,1,0,122,73
3,3,1,1,8,74
3,3,1,1,132,75
3,3,2,1,173,76
3,1,1,1,130,77
3,2,2,1,133,78
3,2,2,1,51,79
3,1,1,0,116,80
3,2,2,1,88,81
3,2,1,1,63,82
3,3,1,1,29,83
3,2,1,1,44,84
3,4,1,0,108,85
3,2,3,0,85,86
3,4,2,0,28,87
3,2,1,1,185,88
3,4,1,0,22,89
3,2,1,0,168,90
3,3,1,0,164,91
3,2,1,0,40,92
3,3,1,0,100,93
3,3,1,1,199,94
3,4,2,0,145,95
3,3,1,0,125,96
3,2,1,1,101,97
3,2,2,0,111,98
3,3,3,1,95,99
3,1,1,1,123,100
3,3,1,0,184,101
3,2,2,1,120,102
3,4,1,0,34,103
3,4,1,1,182,104
3,1,1,0,94,105
3,3,3,1,155,106
3,4,1,0,110,107
3,3,3,1,124,108
3,4,3,1,166,109
3,4,2,0,148,110
3,1,1,0,102,111
3,2,3,1,170,112
3,1,1,0,7,113
3,2,1,0,76,114
3,2,2,0,30,115
3,1,2,0,90,116
3,4,1,0,163,117
3,2,2,1,138,118
3,3,1,0,71,119
3,1,NaN,0,106,120
3,2,2,1,103,121
3,1,2,0,169,122
3,2,2,0,191,123
3,1,2,0,167,124
3,3,1,0,53,125
3,1,1,1,183,126
3,3,1,0,147,127
3,1,1,0,105,128
3,3,3,1,176,129
3,2,1,0,15,130
3,3,3,1,47,131
3,1,1,0,77,132
3,4,2,1,86,133
3,4,1,0,6,134
3,3,2,1,59,135
3,2,2,1,35,136
3,3,1,0,70,137
3,1,2,0,58,138
3,2,3,1,49,139
3,1,1,0,83,140
3,4,1,0,62,141
3,1,1,0,3,142
3,4,3,1,136,143
3,1,1,1,5,144
3,4,1,0,137,145
3,1,2,1,81,146
3,4,2,0,61,147
3,3,1,1,50,148
3,3,3,0,179,149
3,1,1,0,11,150
3,4,1,0,127,151
3,3,1,0,89,152
3,1,1,0,26,153
3,2,1,1,198,154
3,1,1,0,99,155
3,2,1,0,161,156
3,1,1,1,131,157
3,2,1,1,45,158
3,1,1,1,60,159
3,1,1,0,25,160
3,4,2,1,92,161
3,2,2,1,128,162
3,4,2,1,14,163
3,1,2,0,38,164
3,1,1,1,156,165
3,2,1,1,113,166
3,3,2,1,75,167
3,2,3,1,171,168
3,2,2,1,192,169
3,2,3,1,139,170
3,2,2,0,115,171
3,1,1,1,78,172
3,2,1,0,190,173
3,3,1,0,23,174
3,1,1,0,48,175
3,4,2,0,154,176
3,3,3,1,172,177
3,1,1,1,188,178
3,2,1,0,39,179
3,3,1,0,174,180
3,3,1,0,152,181
3,4,1,1,197,182
3,1,1,0,109,183
3,4,3,1,32,184
3,1,1,0,165,185
3,3,1,1,17,186
3,4,3,1,121,187
3,4,2,1,149,188
3,3,1,0,146,189
3,1,1,0,159,190
3,3,1,0,18,191
3,2,3,1,97,192
3,1,1,1,43,193
3,3,1,0,141,194
3,1,1,0,93,195
3,4,1,0,72,196
3,3,1,0,52,197
3,2,2,0,142,198
3,2,1,1,2,199
3,1,1,1,42,200
4,4,2,0,107,1
4,1,2,0,15,2
4,2,1,0,199,3
4,1,1,0,144,4
4,4,2,0,5,5
4,2,1,1,29,6
4,2,2,0,51,7
4,4,3,0,114,8
4,4,2,0,3,9
4,2,2,0,150,10
4,1,1,0,99,11
4,4,0,0,44,12
4,1,0,0,46,13
4,2,2,0,153,14
4,3,2,0,17,15
4,2,1,0,168,16
4,2,2,0,2,17
4,3,3,0,38,18
4,4,2,0,126,19
4,1,2,0,88,20
4,2,3,1,112,21
4,1,3,1,12,22
4,4,3,1,123,23
4,3,2,0,85,24
4,2,2,0,120,25
4,3,1,0,68,26
4,1,1,0,53,27
4,4,2,1,170,28
4,2,1,0,41,29
4,1,1,1,192,30
4,3,3,1,124,31
4,1,1,0,155,32
4,3,2,0,93,33
4,2,1,0,96,34
4,4,2,0,164,35
4,3,3,0,22,36
4,4,2,0,54,37
4,3,2,0,113,38
4,4,1,1,25,39
4,4,1,0,118,40
4,1,1,0,40,41
4,2,2,0,59,42
4,3,3,0,86,43
4,2,2,0,109,44
4,2,1,1,47,45
4,1,2,0,75,46
4,3,1,0,55,47
4,3,3,0,185,48
4,1,1,0,63,49
4,1,0,0,181,50
4,4,2,0,193,51
4,3,2,0,67,52
4,4,2,0,174,53
4,4,2,0,24,54
4,2,1,0,42,55
4,2,3,0,79,56
4,4,3,1,133,57
4,3,2,0,62,58
4,1,1,0,81,59
4,1,1,0,117,60
4,2,3,1,151,61
4,1,1,0,156,62
4,4,0,0,195,63
4,3,0,0,148,64
4,4,1,0,6,65
4,4,2,0,159,66
4,2,1,0,65,67
4,1,2,0,100,68
4,4,2,0,19,69
4,3,2,0,136,70
4,2,2,0,179,71
4,4,2,0,45,72
4,1,2,0,56,73
4,2,2,0,26,74
4,4,0,0,116,75
4,3,2,0,14,76
4,3,2,1,48,77
4,4,2,0,158,78
4,4,2,1,183,79
4,3,3,0,130,80
4,3,2,0,125,81
4,4,3,0,189,82
4,3,1,0,89,83
4,3,2,0,10,84
4,3,0,0,61,85
4,1,2,0,82,86
4,4,2,0,163,87
4,2,1,0,182,88
4,3,2,0,95,89
4,3,2,0,127,90
4,1,2,0,139,91
4,2,0,0,52,92
4,3,3,1,176,93
4,3,2,0,21,94
4,2,2,0,1,95
4,1,2,0,141,96
4,3,3,1,97,97
4,2,2,0,66,98
4,1,1,1,166,99
4,1,1,0,175,100
4,2,0,0,173,101
4,3,2,0,103,102
4,2,3,0,119,103
4,4,2,0,83,104
4,4,3,0,58,105
4,1,2,0,20,106
4,1,1,0,18,107
4,3,2,0,152,108
4,4,3,0,178,109
4,3,2,0,91,110
4,2,1,0,72,111
4,4,1,0,13,112
4,3,2,0,90,113
4,3,2,0,11,114
4,4,1,0,131,115
4,1,1,0,147,116
4,2,2,0,87,117
4,1,2,0,84,118
4,1,1,0,162,119
4,4,0,0,33,120
4,4,2,1,78,121
4,2,2,0,198,122
4,4,1,0,146,123
4,4,2,0,200,124
4,2,1,0,92,125
4,1,0,0,108,126
4,4,2,0,104,127
4,2,1,0,34,128
4,1,1,0,4,129
4,4,1,0,190,130
4,4,2,0,161,131
4,1,2,0,169,132
4,4,2,0,35,133
4,1,2,0,7,134
4,1,1,0,145,135
4,2,2,0,30,136
4,1,1,1,167,137
4,1,1,0,128,138
4,2,0,1,8,139
4,1,1,0,102,140
4,2,2,0,39,141
4,3,0,0,76,142
4,2,1,0,27,143
4,1,1,0,197,144
4,2,2,0,184,145
4,1,2,0,187,146
4,1,1,0,140,147
4,2,2,0,165,148
4,2,1,0,98,149
4,3,2,0,111,150
4,2,3,0,154,151
4,2,2,0,9,152
4,1,1,0,71,153
4,3,2,0,43,154
4,3,3,0,64,155
4,1,2,0,134,156
4,4,2,0,105,157
4,4,0,0,31,158
4,3,1,0,101,159
4,2,2,0,74,160
4,3,3,1,69,161
4,4,1,0,49,162
4,2,0,0,143,163
4,2,0,0,36,164
4,1,1,0,73,165
4,2,1,1,157,166
4,2,2,1,138,167
4,1,2,0,142,168
4,4,1,0,180,169
4,3,1,0,172,170
4,1,1,0,60,171
4,3,2,0,188,172
4,3,3,0,196,173
4,3,0,0,50,174
4,2,1,0,177,175
4,1,1,0,129,176
4,1,0,1,57,177
4,3,1,0,28,178
4,4,2,0,80,179
4,4,0,0,115,180
4,2,2,0,132,181
4,1,1,0,186,182
4,4,2,0,70,183
4,3,2,0,191,184
4,1,1,0,16,185
4,3,0,0,171,186
4,3,2,0,149,187
4,3,1,0,37,188
4,4,2,0,160,189
4,4,3,0,32,190
4,4,2,0,137,191
4,4,1,0,122,192
4,3,1,0,110,193
4,1,1,0,23,194
4,1,0,0,106,195
4,2,2,0,94,196
4,3,1,0,77,197
4,3,2,0,121,198
4,2,2,0,135,199
4,2,2,0,194,200
5,4,0,0,150,1
5,2,0,0,4,2
5,1,0,0,140,3
5,2,0,0,185,4
5,2,0,0,64,5
5,4,1,0,124,6
5,1,0,0,147,7
5,4,0,0,194,8
5,2,0,1,198,9
5,3,0,0,47,10
5,2,0,1,79,11
5,4,0,0,167,12
5,4,2,1,78,13
5,3,2,1,74,14
5,2,1,1,44,15
5,3,1,0,66,16
5,2,0,1,192,17
5,3,0,0,55,18
5,1,1,0,70,19
5,2,0,1,134,20
5,1,0,0,122,21
5,4,0,0,104,22
5,4,0,0,175,23
5,2,1,1,103,24
5,2,1,0,87,25
5,2,2,1,170,26
5,3,1,0,50,27
5,3,0,0,33,28
5,4,1,0,142,29
5,1,0,0,98,30
5,2,1,0,71,31
5,1,2,0,121,32
5,3,0,1,8,33
5,1,0,0,154,34
5,4,0,0,45,35
5,3,0,0,152,36
5,1,0,0,156,37
5,2,0,0,173,38
5,2,0,0,153,39
5,4,0,0,25,40
5,4,2,0,109,41
5,4,0,1,57,42
5,3,1,1,113,43
5,2,1,0,11,44
5,4,1,0,115,45
5,2,2,0,120,46
5,1,1,1,48,47
5,4,1,0,168,48
5,4,2,0,86,49
5,1,1,0,23,50
5,1,0,0,165,51
5,3,1,0,135,52
5,4,0,0,116,53
5,1,0,0,162,54
5,3,0,1,29,55
5,4,1,1,148,56
5,3,0,0,155,57
5,1,1,0,133,58
5,4,1,0,94,59
5,4,1,0,2,60
5,4,1,0,26,61
5,1,0,0,63,62
5,3,2,0,35,63
5,3,0,0,36,64
5,2,1,0,190,65
5,2,2,1,58,66
5,4,0,0,28,67
5,2,0,0,34,68
5,2,0,0,189,69
5,2,0,0,117,70
5,4,0,0,161,71
5,2,0,0,166,72
5,2,1,0,180,73
5,4,1,0,128,74
5,1,0,0,197,75
5,4,0,0,132,76
5,2,0,0,15,77
5,3,0,1,144,78
5,3,0,0,99,79
5,3,1,0,42,80
5,1,0,0,100,81
5,3,1,0,84,82
5,3,1,0,118,83
5,1,0,0,16,84
5,1,0,0,193,85
5,2,1,0,143,86
5,3,0,0,110,87
5,4,1,0,169,88
5,3,0,1,46,89
5,2,2,1,12,90
5,4,0,0,40,91
5,1,0,0,151,92
5,1,0,1,101,93
5,1,1,1,27,94
5,3,0,0,82,95
5,2,0,0,17,96
5,1,0,0,187,97
5,1,0,0,106,98
5,4,0,1,157,99
5,2,0,0,195,100
5,1,0,0,68,101
5,2,0,0,125,102
5,4,0,0,164,103
5,1,0,0,69,104
5,1,0,0,65,105
5,1,0,1,183,106
5,1,2,0,38,107
5,4,0,0,186,108
5,2,0,0,97,109
5,1,1,0,199,110
5,1,1,0,77,111
5,2,0,0,7,112
5,3,0,0,158,113
5,3,0,0,3,114
5,3,0,0,172,115
5,3,0,1,130,116
5,3,2,0,141,117
5,4,0,0,56,118
5,4,1,0,21,119
5,3,0,0,83,120
5,1,0,0,51,121
5,2,0,0,93,122
5,2,1,1,37,123
5,3,0,0,160,124
5,2,0,0,177,125
5,1,0,0,30,126
5,2,1,0,49,127
5,2,0,0,62,128
5,4,0,0,111,129
5,1,1,0,119,130
5,2,1,0,178,131
5,3,0,0,112,132
5,1,0,0,171,133
5,3,0,0,105,134
5,1,1,0,126,135
5,4,1,1,114,136
5,3,0,0,182,137
5,4,0,0,149,138
5,3,0,0,96,139
5,3,0,0,22,140
5,4,2,0,1,141
5,4,0,0,92,142
5,4,1,0,163,143
5,2,2,0,191,144
5,4,1,1,32,145
5,1,1,0,129,146
5,2,1,0,184,147
5,1,1,0,13,148
5,2,1,0,123,149
5,1,0,0,43,150
5,1,0,1,138,151
5,4,0,0,95,152
5,4,0,0,81,153
5,2,0,0,131,154
5,1,1,1,200,155
5,1,1,0,6,156
5,4,0,0,107,157
5,3,0,0,9,158
5,3,0,0,76,159
5,2,0,0,196,160
5,1,0,0,67,161
5,3,0,0,88,162
5,2,0,1,31,163
5,3,0,0,139,164
5,4,1,1,5,165
5,4,0,0,137,166
5,1,0,0,61,167
5,4,0,0,60,168
5,3,0,0,89,169
5,3,1,0,19,170
5,3,0,0,127,171
5,4,2,0,176,172
5,1,1,0,75,173
5,2,3,1,90,174
5,3,1,0,18,175
5,1,NaN,0,145,176
5,4,0,0,72,177
5,4,2,0,24,178
5,2,2,1,188,179
5,2,0,0,159,180
5,3,0,0,73,181
5,3,0,0,10,182
5,3,0,0,39,183
5,1,1,0,85,184
5,4,2,0,80,185
5,1,1,0,179,186
5,3,0,0,108,187
5,1,NaN,0,91,188
5,3,0,0,59,189
5,1,1,0,136,190
5,4,0,0,20,191
5,3,0,0,52,192
5,4,2,0,174,193
5,1,0,0,53,194
5,3,1,0,41,195
5,3,0,0,14,196
5,2,1,0,102,197
5,2,1,0,54,198
5,2,1,0,181,199
5,2,0,0,146,200
6,3,1,0,3,1
6,2,0,1,50,2
6,2,0,0,19,3
6,3,2,0,188,4
6,2,0,1,151,5
6,1,1,0,178,6
6,1,0,0,85,7
6,4,1,0,123,8
6,1,0,0,53,9
6,1,0,0,41,10
6,4,1,0,162,11
6,1,0,0,9,12
6,1,1,0,148,13
6,2,1,0,98,14
6,2,0,0,62,15
6,3,1,0,102,16
6,1,1,0,97,17
6,3,1,0,111,18
6,3,1,0,156,19
6,3,1,0,198,20
6,2,0,0,132,21
6,4,0,0,143,22
6,1,0,1,130,23
6,2,0,0,158,24
6,3,1,0,52,25
6,2,1,0,181,26
6,2,0,0,194,27
6,1,1,0,128,28
6,1,0,0,29,29
6,4,0,1,8,30
6,2,0,0,172,31
6,3,1,0,126,32
6,3,0,0,14,33
6,4,0,0,108,34
6,4,1,0,11,35
6,4,0,0,131,36
6,3,0,0,27,37
6,3,0,0,186,38
6,2,0,0,166,39
6,2,1,0,173,40
6,2,1,0,114,41
6,2,0,0,177,42
6,1,1,0,26,43
6,1,1,0,47,44
6,3,1,0,169,45
6,1,0,0,190,46
6,4,0,0,125,47
6,1,1,1,170,48
6,3,0,0,89,49
6,1,1,1,183,50
6,1,1,0,60,51
6,1,0,0,70,52
6,3,1,1,78,53
6,2,1,0,2,54
6,3,1,0,135,55
6,2,1,0,200,56
6,3,0,0,33,57
6,3,0,0,94,58
6,2,0,0,161,59
6,1,1,1,109,60
6,4,0,0,137,61
6,1,1,0,4,62
6,2,1,1,12,63
6,3,1,0,176,64
6,3,1,0,182,65
6,1,0,0,179,66
6,3,0,1,192,67
6,3,0,0,129,68
6,2,0,0,157,69
6,4,1,0,119,70
6,1,0,0,153,71
6,2,1,0,113,72
6,3,0,0,73,73
6,4,0,0,160,74
6,3,0,0,195,75
6,2,0,0,75,76
6,1,1,0,121,77
6,4,0,0,104,78
6,1,0,1,15,79
6,1,1,0,71,80
6,3,0,0,134,81
6,4,0,0,155,82
6,1,0,0,22,83
6,1,0,0,154,84
6,4,1,0,150,85
6,2,0,0,40,86
6,4,0,0,72,87
6,3,0,0,180,88
6,1,0,0,63,89
6,2,0,0,10,90
6,1,0,0,24,91
6,3,0,0,116,92
6,3,0,0,103,93
6,2,0,0,145,94
6,3,0,1,48,95
6,2,0,0,117,96
6,4,1,0,107,97
6,2,0,0,86,98
6,1,0,0,23,99
6,4,0,0,67,100
6,1,0,0,77,101
6,1,1,0,35,102
6,3,0,0,163,103
6,2,0,0,105,104
6,3,0,0,91,105
6,3,0,0,25,106
6,1,0,1,31,107
6,2,1,0,37,108
6,4,0,0,36,109
6,4,1,0,191,110
6,3,0,1,20,111
6,4,1,0,59,112
6,3,0,0,51,113
6,2,0,0,141,114
6,2,0,0,99,115
6,4,1,0,120,116
6,1,0,0,69,117
6,3,1,0,127,118
6,3,0,0,76,119
6,4,0,1,144,120
6,3,0,0,168,121
6,2,1,0,16,122
6,3,1,0,43,123
6,4,1,0,90,124
6,2,0,0,61,125
6,2,0,1,138,126
6,4,0,1,106,127
6,3,1,0,124,128
6,1,0,1,83,129
6,2,1,0,64,130
6,1,0,0,92,131
6,2,0,1,32,132
6,4,0,0,175,133
6,3,0,0,139,134
6,2,1,0,147,135
6,1,1,0,1,136
6,4,0,0,174,137
6,3,0,1,17,138
6,2,0,0,96,139
6,4,1,0,54,140
6,2,0,0,133,141
6,1,0,0,187,142
6,3,0,0,199,143
6,4,0,0,140,144
6,2,0,0,115,145
6,3,0,0,118,146
6,1,0,0,110,147
6,4,1,0,68,148
6,4,1,0,58,149
6,4,1,0,152,150
6,4,0,0,197,151
6,2,0,1,79,152
6,2,0,0,28,153
6,1,0,0,39,154
6,1,0,0,87,155
6,2,0,0,95,156
6,4,0,0,82,157
6,4,1,0,80,158
6,2,1,0,84,159
6,3,0,0,66,160
6,4,1,0,13,161
6,3,0,1,5,162
6,1,0,0,184,163
6,4,0,0,44,164
6,1,0,0,45,165
6,2,0,0,6,166
6,1,0,0,21,167
6,4,0,0,122,168
6,3,0,0,193,169
6,4,0,0,165,170
6,1,0,0,149,171
6,4,0,0,171,172
6,2,1,0,93,173
6,1,0,0,146,174
6,4,0,0,101,175
6,2,0,0,42,176
6,4,0,0,88,177
6,1,0,0,55,178
6,4,0,0,142,179
6,3,0,0,167,180
6,4,0,0,46,181
6,1,0,0,185,182
6,2,0,0,189,183
6,3,0,0,159,184
6,3,0,0,30,185
6,1,0,0,164,186
6,4,0,0,56,187
6,4,0,0,112,188
6,1,0,0,7,189
6,4,0,0,65,190
6,3,0,0,196,191
6,4,0,0,100,192
6,2,1,0,49,193
6,4,1,1,57,194
6,4,0,0,18,195
6,2,1,0,81,196
6,3,1,0,38,197
6,1,1,1,74,198
6,2,1,0,136,199
6,4,0,0,34,200
7,3,2,1,125,1
7,4,3,1,12,2
7,2,2,1,35,3
7,2,1,0,132,4
7,2,1,0,95,5
7,2,2,0,142,6
7,3,3,1,36,7
7,4,1,1,108,8
7,3,2,1,103,9
7,1,1,0,91,10
7,4,2,0,175,11
7,1,1,1,44,12
7,3,2,1,141,13
7,1,2,1,170,14
7,2,3,1,97,15
7,4,2,0,129,16
7,3,2,0,23,17
7,1,2,0,38,18
7,2,2,0,116,19
7,2,3,1,87,20
7,3,1,0,163,21
7,1,1,0,99,22
7,4,1,0,94,23
7,1,1,0,72,24
7,2,3,0,74,25
7,1,1,0,158,26
7,4,2,1,167,27
7,2,2,0,26,28
7,3,2,1,190,29
7,4,2,0,93,30
7,4,2,0,45,31
7,4,3,1,20,32
7,4,2,0,162,33
7,4,2,0,177,34
7,1,1,1,31,35
7,1,2,1,151,36
7,2,3,0,179,37
7,4,1,1,182,38
7,2,2,0,187,39
7,2,1,0,71,40
7,1,1,0,180,41
7,4,3,1,104,42
7,4,3,1,172,43
7,3,2,0,52,44
7,3,1,0,102,45
7,2,3,1,62,46
7,2,1,0,18,47
7,2,1,1,25,48
7,1,2,1,112,49
7,3,2,0,24,50
7,1,2,0,120,51
7,4,2,0,58,52
7,1,2,1,85,53
7,3,2,1,106,54
7,1,0,0,114,55
7,1,2,1,169,56
7,1,1,1,84,57
7,2,2,0,13,58
7,2,2,0,3,59
7,4,1,1,107,60
7,1,1,1,164,61
7,2,2,1,119,62
7,4,3,1,73,63
7,2,1,0,135,64
7,2,2,0,75,65
7,1,1,0,50,66
7,2,3,1,14,67
7,3,2,0,189,68
7,3,3,1,171,69
7,1,1,0,146,70
7,2,1,0,76,71
7,4,3,0,115,72
7,2,2,0,113,73
7,4,3,1,195,74
7,1,2,1,1,75
7,1,1,0,100,76
7,2,3,1,79,77
7,3,2,1,46,78
7,4,2,0,127,79
7,4,1,0,186,80
7,1,2,1,2,81
7,3,2,0,34,82
7,1,1,0,128,83
7,3,1,0,81,84
7,1,1,0,149,85
7,3,3,1,19,86
7,3,1,0,80,87
7,1,1,0,148,88
7,1,2,1,150,89
7,4,3,1,185,90
7,4,2,1,130,91
7,1,1,0,147,92
7,2,2,1,168,93
7,1,1,0,10,94
7,3,2,1,144,95
7,4,2,0,181,96
7,2,2,1,48,97
7,3,2,1,78,98
7,4,2,1,17,99
7,2,3,1,39,100
7,2,3,1,42,101
7,2,2,0,126,102
7,2,2,0,11,103
7,3,2,0,30,104
7,3,3,1,59,105
7,4,2,0,174,106
7,2,2,0,145,107
7,3,1,0,15,108
7,3,3,1,133,109
7,4,3,1,69,110
7,4,1,0,63,111
7,1,2,0,136,112
7,1,2,0,178,113
7,2,3,0,61,114
7,2,1,0,137,115
7,3,2,1,117,116
7,4,1,0,193,117
7,3,1,0,21,118
7,1,2,1,33,119
7,1,1,1,57,120
7,1,2,1,110,121
7,4,2,1,165,122
7,4,1,1,101,123
7,4,2,0,139,124
7,1,1,0,118,125
7,3,1,0,161,126
7,3,3,1,183,127
7,2,3,0,191,128
7,2,2,0,198,129
7,2,1,0,40,130
7,2,1,0,6,131
7,1,2,0,184,132
7,2,2,1,134,133
7,4,1,1,5,134
7,3,2,0,51,135
7,2,2,1,166,136
7,3,1,0,4,137
7,2,1,0,54,138
7,3,3,1,173,139
7,4,2,1,68,140
7,3,3,1,41,141
7,3,2,0,86,142
7,1,1,1,92,143
7,4,3,1,176,144
7,3,2,0,156,145
7,3,2,1,200,146
7,1,1,1,60,147
7,4,1,1,138,148
7,2,3,1,121,149
7,3,2,0,49,150
7,4,3,1,188,151
7,1,1,0,160,152
7,1,3,0,64,153
7,1,1,0,67,154
7,2,2,0,96,155
7,3,2,0,105,156
7,3,2,1,194,157
7,3,1,1,55,158
7,1,1,0,155,159
7,1,1,0,143,160
7,3,1,1,29,161
7,1,1,0,82,162
7,1,1,0,154,163
7,4,2,0,77,164
7,2,2,1,123,165
7,1,2,1,196,166
7,4,3,1,124,167
7,2,2,1,192,168
7,1,1,1,153,169
7,3,2,0,157,170
7,1,2,1,140,171
7,3,2,0,122,172
7,3,2,1,131,173
7,4,2,1,197,174
7,3,2,1,37,175
7,3,3,1,22,176
7,4,2,0,89,177
7,1,2,1,90,178
7,2,2,0,109,179
7,4,1,0,53,180
7,2,1,0,152,181
7,4,2,0,65,182
7,3,2,0,9,183
7,3,2,0,199,184
7,3,2,0,88,185
7,4,3,1,66,186
7,4,2,0,28,187
7,2,2,0,98,188
7,4,3,1,70,189
7,4,2,0,159,190
7,1,1,0,27,191
7,4,2,1,8,192
7,3,2,0,111,193
7,2,3,1,47,194
7,4,2,0,43,195
7,2,3,1,16,196
7,4,2,1,32,197
7,2,2,0,56,198
7,3,2,0,83,199
7,1,2,0,7,200
8,1,0,0,150,1
8,4,3,1,181,2
8,1,0,0,159,3
8,2,1,0,49,4
8,2,2,0,163,5
8,4,3,0,107,6
8,1,2,0,132,7
8,4,3,0,177,8
8,3,3,1,121,9
8,4,3,1,36,10
8,2,0,0,143,11
8,3,3,0,79,12
8,2,0,0,115,13
8,3,3,1,153,14
8,1,3,1,195,15
8,4,3,0,53,16
8,2,3,1,94,17
8,4,3,1,86,18
8,1,3,1,25,19
8,3,3,1,131,20
8,4,3,1,35,21
8,1,2,0,96,22
8,4,3,1,65,23
8,1,2,0,5,24
8,3,3,0,114,25
8,1,2,0,174,26
8,4,3,1,85,27
8,2,3,1,19,28
8,2,3,0,197,29
8,4,3,1,109,30
8,1,3,1,148,31
8,1,3,1,1,32
8,3,3,1,83,33
8,3,3,1,158,34
8,4,3,1,27,35
8,4,3,1,97,36
8,4,3,1,3,37
8,4,3,1,140,38
8,4,3,1,9,39
8,4,3,1,18,40
8,3,3,1,54,41
8,1,3,1,175,42
8,3,3,1,7,43
8,4,3,0,182,44
8,2,2,0,179,45
8,2,3,1,103,46
8,4,3,1,69,47
8,4,3,1,188,48
8,3,3,1,16,49
8,4,3,1,78,50
8,3,3,1,165,51
8,3,3,1,40,52
8,1,3,1,186,53
8,4,3,1,144,54
8,2,3,1,24,55
8,1,3,1,15,56
8,4,3,0,67,57
8,2,3,1,17,58
8,2,3,1,47,59
8,2,3,1,63,60
8,1,3,0,147,61
8,1,0,0,91,62
8,3,3,0,21,63
8,2,3,1,108,64
8,1,2,0,93,65
8,2,3,1,102,66
8,4,3,1,155,67
8,2,3,0,125,68
8,1,3,1,120,69
8,1,3,1,133,70
8,1,2,0,127,71
8,1,3,0,187,72
8,3,3,1,101,73
8,2,3,1,152,74
8,1,2,0,189,75
8,4,3,1,22,76
8,3,2,0,76,77
8,1,3,1,123,78
8,1,3,1,39,79
8,4,3,0,178,80
8,2,3,1,20,81
8,1,3,1,68,82
8,2,3,1,28,83
8,2,3,1,149,84
8,1,2,0,37,85
8,3,2,0,193,86
8,3,3,1,136,87
8,1,3,1,183,88
8,3,3,1,34,89
8,4,3,1,194,90
8,4,3,0,191,91
8,3,3,1,95,92
8,2,3,0,72,93
8,3,3,1,117,94
8,2,3,0,172,95
8,3,3,1,198,96
8,2,2,0,146,97
8,3,3,1,30,98
8,4,3,1,44,99
8,1,2,0,105,100
8,2,3,1,169,101
8,1,0,1,192,102
8,4,3,1,42,103
8,3,3,1,166,104
8,3,3,1,33,105
8,2,3,1,156,106
8,1,3,0,122,107
8,2,3,1,11,108
8,3,3,1,128,109
8,4,3,1,6,110
8,1,3,0,43,111
8,3,3,1,98,112
8,1,3,0,23,113
8,1,0,0,82,114
8,4,3,1,190,115
8,3,3,1,51,116
8,4,3,1,142,117
8,3,3,0,145,118
8,2,3,1,184,119
8,3,3,1,199,120
8,4,2,0,135,121
8,3,3,1,168,122
8,2,2,0,112,123
8,3,3,1,124,124
8,3,3,1,81,125
8,4,3,1,77,126
8,3,3,1,185,127
8,1,3,1,50,128
8,4,3,1,10,129
8,2,3,0,60,130
8,2,3,1,92,131
8,1,3,1,71,132
8,3,3,1,113,133
8,2,3,1,32,134
8,1,2,0,80,135
8,2,3,1,141,136
8,2,2,0,126,137
8,4,2,0,52,138
8,4,3,1,164,139
8,4,3,1,84,140
8,3,3,1,74,141
8,2,3,1,162,142
8,2,2,0,111,143
8,1,3,1,2,144
8,1,1,0,196,145
8,1,2,0,75,146
8,3,2,0,139,147
8,3,3,0,154,148
8,2,3,1,119,149
8,2,2,0,57,150
8,4,3,1,55,151
8,3,2,0,130,152
8,3,3,1,66,153
8,1,3,1,129,154
8,1,3,1,38,155
8,4,3,1,87,156
8,3,3,1,104,157
8,4,2,1,56,158
8,3,3,1,110,159
8,2,3,0,116,160
8,2,3,1,106,161
8,4,3,1,73,162
8,4,3,1,90,163
8,2,3,1,118,164
8,1,3,1,48,165
8,1,3,0,45,166
8,2,2,1,62,167
8,3,3,1,26,168
8,2,3,1,176,169
8,2,3,1,12,170
8,4,3,1,70,171
8,2,3,1,8,172
8,3,3,1,161,173
8,4,3,1,31,174
8,2,2,0,89,175
8,4,3,1,167,176
8,2,3,1,170,177
8,3,2,0,134,178
8,4,2,0,4,179
8,3,3,1,137,180
8,4,2,1,173,181
8,1,3,1,59,182
8,2,3,1,61,183
8,3,3,1,14,184
8,3,3,1,46,185
8,4,3,1,64,186
8,1,3,1,58,187
8,2,2,1,171,188
8,4,3,1,200,189
8,3,2,0,29,190
8,1,3,1,151,191
8,1,2,0,180,192
8,3,3,1,41,193
8,3,3,1,157,194
8,1,3,1,88,195
8,1,2,1,138,196
8,2,2,0,13,197
8,1,0,0,160,198
8,1,3,1,99,199
8,2,3,1,100,200
9,4,1,1,101,1
9,3,2,0,23,2
9,3,3,1,19,3
9,1,2,0,169,4
9,3,3,1,12,5
9,2,0,1,29,6
9,4,1,1,8,7
9,4,3,1,170,8
9,3,2,1,25,9
9,3,3,1,194,10
9,1,2,0,121,11
9,1,1,0,40,12
9,3,1,0,195,13
9,1,1,1,78,14
9,2,2,0,179,15
9,2,0,0,145,16
9,3,2,1,113,17
9,1,0,0,10,18
9,3,3,0,61,19
9,3,2,0,172,20
9,4,3,0,38,21
9,1,1,0,62,22
9,2,1,1,27,23
9,4,2,0,89,24
9,4,3,1,77,25
9,2,2,0,34,26
9,1,1,0,59,27
9,4,3,1,197,28
9,2,2,0,178,29
9,2,0,1,138,30
9,1,1,0,58,31
9,1,1,0,85,32
9,3,1,0,198,33
9,1,1,0,157,34
9,2,1,0,186,35
9,3,2,0,152,36
9,4,3,1,37,37
9,1,1,0,116,38
9,4,3,0,66,39
9,4,2,0,155,40
9,3,3,1,70,41
9,4,1,1,42,42
9,3,1,0,63,43
9,3,3,1,112,44
9,3,3,0,64,45
9,1,1,0,3,46
9,2,2,0,200,47
9,3,1,1,130,48
9,2,3,1,151,49
9,1,2,0,185,50
9,2,2,0,128,51
9,4,1,0,165,52
9,3,2,0,189,53
9,4,2,0,56,54
9,1,0,0,149,55
9,1,1,0,73,56
9,2,2,0,190,57
9,3,1,0,9,58
9,4,2,0,104,59
9,1,1,0,199,60
9,3,1,1,114,61
9,4,1,0,164,62
9,4,2,1,16,63
9,2,0,1,144,64
9,2,1,0,102,65
9,4,3,1,90,66
9,4,2,0,28,67
9,3,1,0,161,68
9,2,3,1,79,69
9,2,1,1,18,70
9,4,0,1,95,71
9,2,0,0,15,72
9,2,1,0,173,73
9,3,3,1,69,74
9,1,1,1,1,75
9,2,2,0,75,76
9,3,2,0,181,77
9,3,1,0,82,78
9,4,1,0,177,79
9,4,2,0,45,80
9,1,1,0,71,81
9,2,1,1,31,82
9,3,3,1,176,83
9,2,1,0,129,84
9,1,1,1,118,85
9,3,1,0,122,86
9,4,2,1,51,87
9,4,2,0,24,88
9,4,1,0,65,89
9,2,2,0,80,90
9,4,2,0,148,91
9,2,2,0,41,92
9,2,1,1,156,93
9,4,3,1,133,94
9,1,2,1,188,95
9,1,1,0,142,96
9,4,3,1,180,97
9,2,1,0,91,98
9,4,0,0,127,99
9,3,0,0,53,100
9,1,1,1,131,101
9,3,3,0,191,102
9,1,1,0,47,103
9,2,2,1,22,104
9,2,1,0,147,105
9,1,0,0,167,106
9,1,2,1,74,107
9,2,2,0,154,108
9,3,1,1,68,109
9,3,1,1,182,110
9,3,1,0,163,111
9,4,3,1,20,112
9,2,1,0,110,113
9,1,1,1,5,114
9,3,0,0,96,115
9,4,1,0,115,116
9,4,2,1,123,117
9,1,1,1,60,118
9,2,0,0,83,119
9,1,1,0,99,120
9,3,2,1,39,121
9,4,3,1,119,122
9,3,3,1,32,123
9,2,3,1,87,124
9,4,3,1,13,125
9,4,0,1,175,126
9,1,0,0,160,127
9,2,2,0,52,128
9,2,1,0,33,129
9,3,2,0,76,130
9,3,2,1,86,131
9,3,2,0,171,132
9,1,0,1,50,133
9,4,2,0,187,134
9,1,0,1,44,135
9,2,0,0,141,136
9,3,1,0,150,137
9,3,0,0,55,138
9,2,2,0,111,139
9,1,1,0,7,140
9,2,2,1,109,141
9,2,2,0,107,142
9,2,0,1,48,143
9,3,1,1,94,144
9,2,0,0,193,145
9,2,1,0,26,146
9,1,0,0,72,147
9,3,1,0,146,148
9,3,2,0,134,149
9,2,1,0,106,150
9,1,1,0,4,151
9,4,1,0,158,152
9,4,3,1,97,153
9,1,1,1,136,154
9,4,2,1,140,155
9,2,1,1,137,156
9,1,0,0,168,157
9,1,1,1,183,158
9,4,2,0,135,159
9,3,2,0,11,160
9,1,0,0,36,161
9,3,2,1,17,162
9,2,1,0,93,163
9,3,1,0,21,164
9,3,1,0,98,165
9,2,0,1,192,166
9,4,0,0,117,167
9,2,1,0,120,168
9,3,1,0,54,169
9,1,0,0,139,170
9,1,1,0,81,171
9,4,0,0,6,172
9,1,1,1,124,173
9,1,1,0,159,174
9,4,2,0,184,175
9,1,0,0,143,176
9,1,1,0,88,177
9,1,1,1,162,178
9,4,2,1,43,179
9,1,1,0,105,180
9,3,0,1,46,181
9,4,2,1,35,182
9,3,1,1,103,183
9,2,1,1,2,184
9,4,0,0,108,185
9,4,1,0,174,186
9,3,1,0,196,187
9,1,1,1,49,188
9,1,0,0,30,189
9,4,1,0,100,190
9,2,3,1,14,191
9,1,2,1,125,192
9,2,1,1,166,193
9,4,1,0,126,194
9,1,1,0,132,195
9,3,1,0,67,196
9,4,1,1,84,197
9,4,1,1,57,198
9,2,3,1,92,199
9,2,0,0,153,200
