subject,condition,studyResp,named,whichItem,trial
1,2,3,1,25,1
1,2,2,1,117,2
1,3,3,1,116,3
1,3,3,1,72,4
1,3,3,1,69,5
1,2,3,1,23,6
1,2,2,0,36,7
1,3,3,1,90,8
1,2,3,1,108,9
1,0,3,0,54,10
1,3,2,0,34,11
1,3,3,1,71,12
1,3,3,1,52,13
1,0,3,1,4,14
1,0,1,0,5,15
1,3,3,1,60,16
1,2,3,1,45,17
1,1,3,1,41,18
1,3,3,1,50,19
1,3,3,1,114,20
1,1,3,1,48,21
1,1,3,1,113,22
1,1,3,1,33,23
1,3,3,1,95,24
1,2,3,1,77,25
1,1,3,1,53,26
1,0,1,0,109,27
1,0,3,1,39,28
1,1,3,1,9,29
1,1,1,0,111,30
1,1,3,1,74,31
1,1,3,1,32,32
1,0,2,1,44,33
1,1,2,0,22,34
1,1,3,1,30,35
1,0,3,1,88,36
1,2,3,1,61,37
1,0,2,0,104,38
1,3,3,1,10,39
1,0,3,1,15,40
1,1,3,0,7,41
1,0,3,1,102,42
1,2,3,1,84,43
1,3,3,1,99,44
1,3,3,0,78,45
1,3,3,1,118,46
1,2,3,1,68,47
1,2,3,1,27,48
1,2,3,0,120,49
1,0,3,1,3,50
1,2,3,1,46,51
1,2,2,1,96,52
1,1,3,1,8,53
1,3,3,1,75,54
1,0,3,1,106,55
1,2,3,1,51,56
1,0,3,1,98,57
1,1,3,1,87,58
1,3,3,1,73,59
1,3,3,1,91,60
1,2,3,1,83,61
1,1,2,0,93,62
1,2,3,1,29,63
1,3,3,1,59,64
1,3,3,1,63,65
1,2,3,1,43,66
1,0,2,0,16,67
1,1,3,1,97,68
1,1,3,0,6,69
1,2,2,0,65,70
1,3,2,1,85,71
1,2,3,0,24,72
1,1,3,1,105,73
1,1,3,1,64,74
1,0,3,1,89,75
1,0,3,1,11,76
1,0,3,1,40,77
1,0,3,1,92,78
1,1,3,1,115,79
1,2,3,1,56,80
1,0,3,0,76,81
1,2,3,1,94,82
1,2,3,1,14,83
1,1,3,1,38,84
1,2,3,1,82,85
1,1,3,1,81,86
1,1,3,1,35,87
1,1,3,1,67,88
1,0,3,1,119,89
1,2,3,1,66,90
1,3,3,0,86,91
1,3,3,1,19,92
1,2,3,1,28,93
1,3,3,1,103,94
1,2,3,1,37,95
1,1,3,1,2,96
1,0,3,1,55,97
1,0,2,0,112,98
1,0,3,1,18,99
1,1,3,1,57,100
1,3,3,1,79,101
1,0,3,1,110,102
1,3,3,1,20,103
1,0,3,1,13,104
1,0,3,1,62,105
1,1,3,1,42,106
1,2,3,1,70,107
1,3,3,1,58,108
1,2,3,1,47,109
1,1,3,1,80,110
1,0,3,0,12,111
1,0,3,1,107,112
1,2,3,1,21,113
1,1,3,1,49,114
1,3,3,1,100,115
1,3,2,0,17,116
1,1,3,0,1,117
1,3,3,1,101,118
1,0,3,1,26,119
1,0,3,1,31,120
1,3,3,1,10,121
1,0,3,1,119,122
1,1,3,1,105,123
1,0,3,1,31,124
1,1,3,1,9,125
1,0,3,1,88,126
1,2,3,1,84,127
1,1,3,1,1,128
1,1,3,1,38,129
1,2,3,1,120,130
1,2,3,1,29,131
1,1,3,0,8,132
1,3,3,1,90,133
1,1,3,1,2,134
1,2,3,1,65,135
1,2,3,1,68,136
1,3,3,0,59,137
1,0,3,1,4,138
1,2,3,1,66,139
1,0,3,1,54,140
1,2,3,1,27,141
1,3,3,1,60,142
1,3,3,1,116,143
1,3,3,1,118,144
1,2,3,1,47,145
1,2,3,1,43,146
1,2,3,1,46,147
1,0,3,1,62,148
1,3,3,1,103,149
1,1,3,1,53,150
1,0,3,1,110,151
1,0,3,0,109,152
1,0,3,1,44,153
1,0,3,1,76,154
1,1,3,1,74,155
1,3,3,1,20,156
1,1,3,1,97,157
1,1,3,1,57,158
1,1,3,1,80,159
1,3,3,1,73,160
1,1,3,1,41,161
1,2,3,1,14,162
1,2,3,1,61,163
1,0,3,0,12,164
1,3,3,1,71,165
1,3,3,1,99,166
1,3,3,1,91,167
1,1,3,1,42,168
1,2,3,1,23,169
1,0,3,1,55,170
1,0,3,1,40,171
1,1,3,1,67,172
1,0,3,1,102,173
1,3,3,1,63,174
1,1,3,1,6,175
1,1,3,1,48,176
1,0,3,1,26,177
1,3,3,1,75,178
1,2,3,1,82,179
1,0,3,0,5,180
1,3,3,1,95,181
1,1,3,1,32,182
1,2,2,0,45,183
1,0,3,1,39,184
1,3,3,1,69,185
1,3,3,1,34,186
1,2,3,1,77,187
1,0,3,1,18,188
1,3,3,1,50,189
1,1,3,1,49,190
1,2,3,1,37,191
1,2,3,1,28,192
1,2,3,1,51,193
1,0,3,1,107,194
1,1,3,1,33,195
1,3,3,1,114,196
1,3,3,1,101,197
1,3,3,0,86,198
1,0,3,1,3,199
1,1,3,1,7,200
1,0,3,1,106,201
1,1,3,1,113,202
1,0,3,1,15,203
1,2,3,1,94,204
1,0,3,1,92,205
1,3,3,1,78,206
1,1,3,1,30,207
1,2,3,1,25,208
1,2,3,1,56,209
1,2,3,1,21,210
1,3,3,1,19,211
1,3,3,1,85,212
1,3,3,1,79,213
1,0,3,1,16,214
1,1,3,1,87,215
1,0,3,1,104,216
1,2,2,0,96,217
1,3,3,1,52,218
1,1,3,1,35,219
1,3,3,1,58,220
1,3,3,1,100,221
1,1,3,1,111,222
1,0,3,1,98,223
1,0,3,1,89,224
1,0,3,1,112,225
1,2,3,1,117,226
1,2,3,1,36,227
1,1,2,1,22,228
1,0,3,1,11,229
1,2,3,1,108,230
1,1,3,1,93,231
1,3,3,1,17,232
1,2,3,0,24,233
1,1,3,1,115,234
1,2,3,1,83,235
1,1,3,1,81,236
1,3,3,1,72,237
1,0,3,1,13,238
1,1,3,1,64,239
1,2,3,1,70,240
1,0,3,1,110,241
1,3,3,1,103,242
1,3,3,0,86,243
1,1,3,1,53,244
1,1,3,1,49,245
1,1,3,1,80,246
1,0,3,1,98,247
1,2,3,1,94,248
1,0,3,1,55,249
1,1,3,1,93,250
1,0,3,0,109,251
1,0,3,1,92,252
1,3,3,1,90,253
1,2,3,1,14,254
1,1,3,1,8,255
1,0,3,1,88,256
1,1,3,1,35,257
1,2,3,1,47,258
1,1,3,1,41,259
1,2,3,1,84,260
1,3,3,1,59,261
1,1,3,1,7,262
1,3,3,1,34,263
1,2,3,1,56,264
1,1,3,1,2,265
1,0,3,1,104,266
1,3,3,1,19,267
1,0,3,1,11,268
1,0,3,1,76,269
1,1,3,1,97,270
1,0,3,1,89,271
1,0,3,1,62,272
1,2,3,1,61,273
1,3,3,1,118,274
1,0,3,1,39,275
1,1,3,1,67,276
1,0,3,1,16,277
1,2,3,1,37,278
1,3,3,1,50,279
1,3,3,1,78,280
1,2,3,1,28,281
1,2,3,1,46,282
1,3,3,1,79,283
1,1,3,1,64,284
1,0,3,1,112,285
1,2,3,1,21,286
1,0,3,1,40,287
1,3,3,1,95,288
1,1,3,0,1,289
1,0,3,1,18,290
1,2,3,1,83,291
1,3,3,1,69,292
1,0,3,1,13,293
1,3,3,1,73,294
1,1,3,1,32,295
1,2,3,1,43,296
1,1,3,1,57,297
1,1,3,1,87,298
1,3,3,1,75,299
1,3,3,1,100,300
1,2,3,0,96,301
1,1,3,1,48,302
1,0,3,1,3,303
1,2,3,1,36,304
1,2,NaN,1,65,305
1,3,NaN,0,52,306
1,2,NaN,1,70,307
1,3,3,1,60,308
1,3,3,1,101,309
1,3,3,1,58,310
1,3,3,1,71,311
1,0,3,1,119,312
1,2,3,1,68,313
1,1,3,1,105,314
1,0,3,1,54,315
1,2,3,0,82,316
1,2,3,1,23,317
1,0,3,1,106,318
1,2,1,0,108,319
1,1,3,1,115,320
1,1,3,1,113,321
1,0,3,1,4,322
1,3,3,1,114,323
1,1,3,1,6,324
1,3,3,1,63,325
1,2,3,1,27,326
1,2,3,1,77,327
1,1,3,1,33,328
1,3,3,1,85,329
1,1,3,1,9,330
1,3,3,1,17,331
1,2,3,1,66,332
1,2,3,0,24,333
1,0,3,1,15,334
1,2,3,1,29,335
1,0,3,0,12,336
1,0,3,1,44,337
1,0,3,1,107,338
1,2,3,1,51,339
1,0,3,1,102,340
1,0,3,1,26,341
1,2,3,1,25,342
1,1,3,1,81,343
1,3,3,1,99,344
1,0,3,1,31,345
1,1,3,1,30,346
1,1,3,1,111,347
1,2,3,0,45,348
1,0,3,0,5,349
1,3,3,1,72,350
1,2,3,1,120,351
1,1,3,1,38,352
1,2,3,1,117,353
1,1,3,1,74,354
1,1,3,1,22,355
1,1,3,1,42,356
1,3,3,1,10,357
1,3,3,1,116,358
1,3,3,1,91,359
1,3,3,1,20,360
2,0,3,1,39,1
2,3,3,1,13,2
2,2,3,1,34,3
2,0,3,1,82,4
2,1,3,1,55,5
2,1,3,1,15,6
2,2,3,1,78,7
2,0,2,1,119,8
2,3,2,0,24,9
2,1,3,1,92,10
2,3,3,1,16,11
2,3,3,1,59,12
2,1,2,0,10,13
2,3,3,1,97,14
2,2,3,1,108,15
2,0,3,1,87,16
2,2,3,1,47,17
2,3,3,0,99,18
2,3,3,1,45,19
2,1,3,1,25,20
2,2,3,1,77,21
2,3,3,1,32,22
2,2,3,1,8,23
2,3,3,1,70,24
2,1,3,1,30,25
2,1,3,1,27,26
2,2,3,1,23,27
2,0,3,1,112,28
2,0,3,1,118,29
2,1,2,1,37,30
2,0,2,0,65,31
2,2,3,1,53,32
2,2,3,1,83,33
2,3,3,1,14,34
2,2,3,1,100,35
2,0,3,0,54,36
2,1,3,1,91,37
2,2,3,0,109,38
2,2,3,1,89,39
2,2,3,0,64,40
2,2,3,1,117,41
2,3,3,1,6,42
2,1,3,1,94,43
2,3,3,1,102,44
2,0,3,1,74,45
2,0,3,0,51,46
2,1,3,1,43,47
2,1,2,0,96,48
2,1,3,1,46,49
2,1,3,1,17,50
2,2,3,1,49,51
2,0,3,1,56,52
2,0,2,0,86,53
2,3,3,1,63,54
2,1,3,1,60,55
2,2,3,1,21,56
2,1,3,1,88,57
2,0,3,1,3,58
2,0,3,1,33,59
2,3,3,1,76,60
2,1,3,1,4,61
2,3,2,0,22,62
2,1,3,1,58,63
2,0,3,0,101,64
2,0,3,1,61,65
2,1,3,1,116,66
2,0,3,1,41,67
2,2,3,1,95,68
2,0,2,0,26,69
2,1,3,1,71,70
2,2,3,1,52,71
2,2,3,1,79,72
2,3,3,1,98,73
2,0,3,1,110,74
2,2,2,0,85,75
2,3,2,1,111,76
2,1,3,1,75,77
2,3,3,1,38,78
2,2,2,0,7,79
2,3,1,0,81,80
2,3,3,1,40,81
2,0,3,0,57,82
2,0,3,1,20,83
2,2,3,1,5,84
2,2,2,1,12,85
2,3,3,1,113,86
2,1,3,1,11,87
2,0,1,0,120,88
2,0,3,1,18,89
2,0,1,1,104,90
2,3,3,0,29,91
2,2,3,1,19,92
2,0,3,1,80,93
2,3,3,1,106,94
2,3,3,1,44,95
2,1,3,1,115,96
2,0,3,1,67,97
2,1,2,1,62,98
2,2,2,0,66,99
2,2,3,1,93,100
2,2,3,1,103,101
2,3,3,1,69,102
2,3,1,0,107,103
2,0,2,1,84,104
2,1,1,0,28,105
2,3,3,1,114,106
2,0,3,1,68,107
2,3,2,1,1,108
2,2,2,1,2,109
2,1,3,1,35,110
2,3,3,1,9,111
2,1,3,1,31,112
2,2,3,1,50,113
2,1,3,1,42,114
2,0,3,1,90,115
2,3,3,1,48,116
2,2,3,1,72,117
2,1,3,1,36,118
2,0,3,1,73,119
2,1,3,1,105,120
2,3,3,1,99,121
2,0,1,0,26,122
2,3,3,0,29,123
2,2,3,1,83,124
2,1,3,1,15,125
2,2,3,1,5,126
2,3,3,1,70,127
2,2,3,1,23,128
2,3,3,1,13,129
2,3,3,1,38,130
2,0,3,1,41,131
2,1,3,1,11,132
2,1,3,1,92,133
2,0,2,0,65,134
2,0,3,1,18,135
2,2,3,1,64,136
2,3,2,1,1,137
2,1,1,0,96,138
2,3,3,1,102,139
2,3,3,1,6,140
2,2,3,1,34,141
2,2,3,1,95,142
2,3,2,1,22,143
2,1,3,1,46,144
2,0,1,0,120,145
2,2,3,1,7,146
2,3,3,1,106,147
2,3,3,1,40,148
2,3,2,1,24,149
2,2,3,1,52,150
2,1,3,1,91,151
2,3,2,1,81,152
2,1,3,1,27,153
2,3,3,1,14,154
2,3,3,1,45,155
2,0,3,1,3,156
2,1,3,1,30,157
2,0,3,0,90,158
2,3,3,1,48,159
2,3,3,1,113,160
2,1,3,1,17,161
2,0,1,0,104,162
2,2,3,1,21,163
2,1,2,0,10,164
2,2,3,1,66,165
2,2,2,1,12,166
2,3,1,0,107,167
2,0,3,1,110,168
2,2,3,1,53,169
2,2,3,1,8,170
2,1,3,1,37,171
2,0,3,1,73,172
2,0,3,1,68,173
2,1,3,1,25,174
2,2,3,1,50,175
2,2,2,0,109,176
2,1,3,1,43,177
2,3,3,1,44,178
2,1,3,1,115,179
2,1,3,1,71,180
2,0,3,1,87,181
2,1,3,1,36,182
2,0,2,1,86,183
2,0,3,1,39,184
2,2,2,1,85,185
2,1,3,1,88,186
2,2,3,1,117,187
2,3,3,1,114,188
2,1,3,1,4,189
2,1,3,1,42,190
2,2,3,1,89,191
2,2,3,1,19,192
2,1,3,1,35,193
2,1,3,1,75,194
2,0,3,1,80,195
2,2,3,1,2,196
2,3,3,1,9,197
2,3,3,1,69,198
2,2,3,1,79,199
2,2,3,1,77,200
2,1,3,1,58,201
2,2,3,1,78,202
2,1,3,1,55,203
2,2,3,1,49,204
2,0,3,1,51,205
2,3,3,1,59,206
2,2,3,1,100,207
2,1,3,1,94,208
2,2,3,1,108,209
2,3,3,1,97,210
2,3,3,1,76,211
2,1,3,1,31,212
2,1,1,1,62,213
2,1,3,1,116,214
2,3,3,1,32,215
2,3,3,1,98,216
2,0,3,1,101,217
2,0,3,0,57,218
2,2,3,1,47,219
2,0,3,1,118,220
2,0,3,1,119,221
2,1,3,1,105,222
2,3,3,1,16,223
2,0,3,1,20,224
2,2,3,1,72,225
2,0,3,1,74,226
2,0,3,0,54,227
2,0,2,1,112,228
2,3,3,1,111,229
2,1,1,0,28,230
2,0,3,1,33,231
2,0,3,1,61,232
2,3,3,1,63,233
2,0,3,1,56,234
2,2,3,1,93,235
2,2,3,1,103,236
2,1,3,1,60,237
2,0,2,1,84,238
2,0,3,1,67,239
2,0,3,1,82,240
2,2,3,1,83,241
2,3,3,1,102,242
2,0,3,1,118,243
2,3,3,1,29,244
2,2,3,1,85,245
2,1,3,1,25,246
2,0,1,0,104,247
2,0,3,1,51,248
2,1,3,1,37,249
2,1,3,1,36,250
2,0,2,0,65,251
2,0,3,1,112,252
2,3,3,1,99,253
2,3,3,1,107,254
2,0,3,1,3,255
2,0,1,1,120,256
2,0,3,1,101,257
2,1,3,1,4,258
2,3,3,1,45,259
2,1,3,1,58,260
2,1,3,1,116,261
2,2,3,1,34,262
2,3,3,1,114,263
2,0,3,1,82,264
2,1,3,1,43,265
2,1,3,1,62,266
2,1,3,1,35,267
2,0,3,1,18,268
2,3,3,1,97,269
2,1,1,0,96,270
2,2,3,1,78,271
2,2,3,1,5,272
2,2,3,1,108,273
2,1,3,1,11,274
2,0,2,1,84,275
2,2,3,1,49,276
2,3,3,1,38,277
2,0,3,1,119,278
2,2,3,1,53,279
2,0,3,1,86,280
2,2,3,1,8,281
2,1,3,1,88,282
2,2,3,1,21,283
2,1,3,1,42,284
2,3,3,1,22,285
2,1,3,1,17,286
2,3,3,1,63,287
2,1,3,1,94,288
2,3,3,1,113,289
2,2,3,1,93,290
2,0,3,1,33,291
2,1,3,1,115,292
2,0,3,1,87,293
2,3,3,1,59,294
2,3,3,1,32,295
2,1,3,1,15,296
2,1,3,1,91,297
2,0,3,1,68,298
2,2,3,1,19,299
2,0,3,1,20,300
2,3,3,1,81,301
2,0,3,1,110,302
2,2,3,1,79,303
2,3,3,1,111,304
2,1,1,0,28,305
2,3,3,1,69,306
2,3,3,1,106,307
2,2,3,1,2,308
2,2,3,1,77,309
2,1,3,1,30,310
2,0,3,1,56,311
2,3,3,1,6,312
2,0,3,1,61,313
2,1,3,1,31,314
2,2,3,1,100,315
2,2,3,1,72,316
2,2,3,1,7,317
2,2,3,1,66,318
2,0,3,1,73,319
2,2,3,1,89,320
2,2,3,1,109,321
2,3,3,1,70,322
2,1,3,1,92,323
2,2,3,1,117,324
2,1,3,1,46,325
2,1,3,1,55,326
2,1,3,1,60,327
2,2,3,1,52,328
2,3,3,1,98,329
2,2,3,1,64,330
2,2,3,1,47,331
2,0,3,1,57,332
2,2,3,1,12,333
2,1,3,1,105,334
2,0,3,1,54,335
2,0,3,1,26,336
2,3,3,1,16,337
2,0,3,1,39,338
2,1,3,1,71,339
2,3,3,1,9,340
2,1,3,1,27,341
2,3,3,1,14,342
2,2,3,1,50,343
2,0,3,1,80,344
2,3,3,1,44,345
2,2,3,1,95,346
2,1,3,1,75,347
2,1,3,1,10,348
2,3,3,1,1,349
2,0,3,1,41,350
2,0,3,1,74,351
2,2,3,1,23,352
2,2,3,1,103,353
2,3,3,1,48,354
2,3,3,1,24,355
2,3,3,1,76,356
2,3,3,1,40,357
2,0,3,1,67,358
2,0,3,1,90,359
2,3,3,1,13,360
3,0,3,1,118,1
3,0,2,0,68,2
3,1,3,0,47,3
3,3,3,1,95,4
3,0,3,0,24,5
3,2,3,1,86,6
3,0,3,1,71,7
3,1,3,1,16,8
3,2,3,1,91,9
3,1,3,1,115,10
3,0,3,0,7,11
3,1,3,1,33,12
3,2,3,0,109,13
3,1,3,1,30,14
3,1,3,1,65,15
3,0,3,1,45,16
3,3,3,1,6,17
3,2,3,1,64,18
3,3,3,0,62,19
3,3,3,1,110,20
3,2,3,1,114,21
3,2,3,1,102,22
3,2,3,0,3,23
3,1,3,1,56,24
3,0,2,0,111,25
3,0,3,1,20,26
3,0,1,0,80,27
3,1,3,1,39,28
3,0,3,1,108,29
3,3,3,1,15,30
3,3,3,1,1,31
3,2,3,0,106,32
3,2,2,0,37,33
3,2,3,1,31,34
3,2,3,1,85,35
3,2,2,1,104,36
3,3,3,1,93,37
3,2,3,1,46,38
3,2,1,0,66,39
3,1,2,1,84,40
3,2,3,1,61,41
3,3,2,1,32,42
3,0,2,0,8,43
3,3,3,1,51,44
3,1,1,1,25,45
3,1,2,1,100,46
3,1,2,1,90,47
3,0,3,1,98,48
3,3,3,1,72,49
3,3,3,1,79,50
3,0,3,1,107,51
3,2,3,1,28,52
3,1,1,0,73,53
3,0,3,1,48,54
3,1,3,1,34,55
3,1,3,1,82,56
3,1,3,1,113,57
3,3,1,0,81,58
3,0,3,1,112,59
3,3,3,1,38,60
3,3,3,0,27,61
3,3,3,1,54,62
3,1,3,1,89,63
3,1,3,1,99,64
3,3,3,1,40,65
3,3,3,1,19,66
3,0,3,1,17,67
3,1,3,1,116,68
3,0,3,1,49,69
3,2,3,1,97,70
3,1,3,1,42,71
3,2,3,1,88,72
3,2,3,1,23,73
3,1,3,1,105,74
3,1,3,1,94,75
3,0,3,1,60,76
3,3,3,1,74,77
3,0,3,1,117,78
3,0,3,1,75,79
3,3,3,1,58,80
3,2,3,1,44,81
3,1,3,1,21,82
3,2,3,1,18,83
3,0,1,0,63,84
3,2,3,1,50,85
3,2,3,1,13,86
3,3,3,1,55,87
3,3,3,1,70,88
3,2,3,1,12,89
3,1,3,1,5,90
3,0,2,0,101,91
3,2,3,1,103,92
3,0,2,0,96,93
3,0,3,1,57,94
3,0,3,0,22,95
3,0,3,1,52,96
3,2,2,1,26,97
3,3,3,1,35,98
3,2,3,1,69,99
3,2,3,1,11,100
3,1,3,1,36,101
3,1,3,1,43,102
3,3,3,1,78,103
3,3,3,1,87,104
3,0,3,1,14,105
3,3,3,1,4,106
3,0,3,1,10,107
3,2,3,1,2,108
3,0,3,1,83,109
3,3,3,1,67,110
3,1,3,1,29,111
3,0,3,1,77,112
3,3,3,1,53,113
3,1,3,1,120,114
3,3,3,1,76,115
3,1,3,1,41,116
3,2,3,1,9,117
3,3,3,1,119,118
3,1,3,1,59,119
3,3,3,1,92,120
3,2,NaN,0,106,121
3,0,3,1,83,122
3,0,3,1,8,123
3,2,3,1,85,124
3,0,3,0,96,125
3,1,2,0,120,126
3,1,3,1,73,127
3,2,3,1,11,128
3,1,3,1,100,129
3,3,3,1,38,130
3,0,3,1,14,131
3,0,3,1,117,132
3,3,3,1,54,133
3,2,3,0,109,134
3,1,3,1,115,135
3,2,3,1,3,136
3,2,3,1,46,137
3,3,3,1,110,138
3,1,3,1,34,139
3,3,3,1,58,140
3,0,3,1,71,141
3,3,3,1,6,142
3,0,3,1,60,143
3,2,2,0,44,144
3,1,3,1,16,145
3,1,3,1,90,146
3,1,3,1,105,147
3,3,3,1,70,148
3,0,3,1,75,149
3,1,3,1,56,150
3,1,3,1,36,151
3,1,3,1,33,152
3,1,3,1,21,153
3,1,3,1,99,154
3,0,3,1,57,155
3,0,NaN,1,17,156
3,3,3,1,32,157
3,2,3,1,23,158
3,1,3,1,43,159
3,0,3,10,7,160
3,2,3,1,9,161
3,3,3,1,1,162
3,2,3,1,18,163
3,2,3,1,69,164
3,2,3,1,104,165
3,3,3,1,93,166
3,0,2,0,22,167
3,1,3,1,42,168
3,0,3,1,68,169
3,0,3,1,10,170
3,3,3,1,27,171
3,2,3,1,114,172
3,1,3,1,113,173
3,0,3,1,80,174
3,3,3,1,35,175
3,2,3,1,2,176
3,3,3,1,55,177
3,3,3,1,4,178
3,0,3,1,49,179
3,0,3,1,45,180
3,3,3,1,72,181
3,0,3,0,24,182
3,2,3,1,86,183
3,2,3,1,66,184
3,3,3,1,19,185
3,0,3,1,77,186
3,0,3,1,111,187
3,3,3,1,74,188
3,2,3,1,28,189
3,2,3,1,26,190
3,0,3,1,98,191
3,1,3,1,94,192
3,0,3,1,112,193
3,0,3,1,52,194
3,2,3,1,91,195
3,1,3,1,65,196
3,0,3,1,107,197
3,3,3,1,79,198
3,3,3,1,15,199
3,0,0,0,63,200
3,1,1,0,30,201
3,1,2,1,25,202
3,2,2,1,102,203
3,2,2,1,97,204
3,1,2,1,116,205
3,1,2,1,82,206
3,3,2,1,62,207
3,2,2,1,50,208
3,3,2,1,81,209
3,2,2,1,88,210
3,3,2,1,67,211
3,3,2,1,78,212
3,1,2,1,39,213
3,3,2,1,40,214
3,0,2,1,20,215
3,3,2,1,51,216
3,2,2,1,13,217
3,1,2,1,84,218
3,2,2,0,12,219
3,0,2,1,108,220
3,0,0,0,101,221
3,1,2,0,47,222
3,1,2,1,41,223
3,2,1,0,37,224
3,0,2,1,118,225
3,3,2,1,53,226
3,2,2,1,61,227
3,3,0,0,119,228
3,0,1,0,48,229
3,3,2,1,95,230
3,2,2,1,64,231
3,1,1,0,5,232
3,3,2,1,92,233
3,3,2,1,76,234
3,1,3,1,29,235
3,2,2,1,103,236
3,1,2,1,59,237
3,3,1,0,87,238
3,2,2,1,31,239
3,1,2,1,89,240
3,2,2,1,91,241
3,2,2,1,85,242
3,1,2,1,116,243
3,1,1,0,120,244
3,0,2,1,14,245
3,1,2,1,56,246
3,0,2,1,10,247
3,0,2,1,24,248
3,0,2,1,108,249
3,0,2,1,112,250
3,0,2,1,20,251
3,1,2,1,82,252
3,3,2,1,1,253
3,0,2,1,117,254
3,1,2,1,29,255
3,3,2,0,54,256
3,0,2,1,71,257
3,0,2,1,98,258
3,1,2,1,39,259
3,2,2,1,11,260
3,1,2,1,43,261
3,3,2,1,27,262
3,3,2,1,58,263
3,0,1,0,101,264
3,0,2,1,75,265
3,3,2,1,40,266
3,0,2,1,49,267
3,0,1,0,96,268
3,2,2,1,66,269
3,3,2,1,32,270
3,2,2,1,61,271
3,2,1,1,46,272
3,1,2,1,73,273
3,3,2,1,4,274
3,0,1,0,118,275
3,3,2,1,35,276
3,2,2,1,114,277
3,1,2,1,105,278
3,2,2,1,31,279
3,1,2,1,100,280
3,1,2,1,42,281
3,0,2,1,80,282
3,0,1,0,48,283
3,2,1,0,86,284
3,3,2,1,38,285
3,3,2,1,93,286
3,0,1,0,22,287
3,3,1,0,74,288
3,1,2,1,115,289
3,1,1,0,16,290
3,0,1,0,45,291
3,2,2,1,88,292
3,1,2,1,59,293
3,0,2,1,52,294
3,1,1,1,36,295
3,0,1,0,57,296
3,2,2,1,103,297
3,3,2,1,76,298
3,2,2,1,64,299
3,2,2,1,2,300
3,1,2,1,30,301
3,1,2,1,113,302
3,1,1,1,5,303
3,3,2,1,92,304
3,0,1,1,107,305
3,2,2,1,102,306
3,3,2,1,67,307
3,0,2,0,63,308
3,1,2,1,94,309
3,0,2,1,8,310
3,2,2,1,18,311
3,2,1,0,109,312
3,1,2,0,89,313
3,3,2,1,51,314
3,1,1,1,99,315
3,1,2,1,21,316
3,3,1,1,81,317
3,2,2,1,50,318
3,2,2,1,26,319
3,3,1,0,119,320
3,3,2,1,6,321
3,2,2,1,69,322
3,3,2,1,78,323
3,0,2,1,83,324
3,2,3,1,13,325
3,0,2,1,68,326
3,1,2,1,33,327
3,1,1,0,84,328
3,3,2,1,62,329
3,1,2,1,25,330
3,3,2,1,79,331
3,2,1,0,44,332
3,1,2,0,47,333
3,1,2,1,41,334
3,2,2,1,9,335
3,2,2,1,104,336
3,1,2,1,90,337
3,0,2,1,77,338
3,3,2,1,72,339
3,3,2,1,87,340
3,3,2,1,55,341
3,1,2,1,34,342
3,3,2,1,19,343
3,2,2,1,28,344
3,3,3,1,70,345
3,2,2,0,12,346
3,0,2,1,17,347
3,3,2,1,110,348
3,0,1,0,7,349
3,1,1,0,65,350
3,2,2,1,3,351
3,2,2,0,37,352
3,0,2,1,60,353
3,2,2,1,23,354
3,3,2,1,15,355
3,2,2,1,106,356
3,3,2,1,95,357
3,0,2,1,111,358
3,2,2,1,97,359
3,3,2,1,53,360
4,2,2,1,47,1
4,0,2,1,106,2
4,2,3,1,54,3
4,3,3,1,3,4
4,2,2,1,6,5
4,0,3,1,67,6
4,0,2,1,81,7
4,0,3,1,33,8
4,1,3,1,25,9
4,0,2,0,86,10
4,3,3,1,34,11
4,1,3,1,116,12
4,0,3,1,118,13
4,1,3,1,69,14
4,2,2,1,84,15
4,3,2,1,35,16
4,2,3,1,58,17
4,0,2,1,113,18
4,2,2,1,28,19
4,3,3,1,110,20
4,0,2,0,104,21
4,3,3,1,45,22
4,3,3,1,50,23
4,1,3,1,26,24
4,3,3,1,55,25
4,0,3,1,88,26
4,2,3,1,82,27
4,3,3,1,112,28
4,2,3,1,95,29
4,2,2,1,36,30
4,0,3,1,74,31
4,2,3,1,89,32
4,2,2,0,1,33
4,3,3,1,27,34
4,2,2,0,46,35
4,0,2,1,40,36
4,2,2,1,73,37
4,3,2,1,103,38
4,3,2,0,109,39
4,0,3,1,111,40
4,1,3,1,96,41
4,3,3,1,31,42
4,2,3,1,80,43
4,2,3,1,98,44
4,0,3,1,61,45
4,1,3,1,44,46
4,0,3,1,99,47
4,1,3,1,14,48
4,3,3,1,4,49
4,0,3,1,57,50
4,3,3,1,16,51
4,2,2,1,8,52
4,1,3,1,92,53
4,3,2,0,22,54
4,1,3,1,70,55
4,3,3,1,75,56
4,2,3,1,51,57
4,2,3,1,32,58
4,1,3,1,97,59
4,2,3,1,105,60
4,1,2,1,94,61
4,1,3,1,30,62
4,1,3,1,39,63
4,2,3,1,9,64
4,3,3,1,23,65
4,3,3,1,77,66
4,0,3,1,15,67
4,1,3,1,117,68
4,2,3,1,76,69
4,1,3,1,85,70
4,3,3,1,87,71
4,1,3,1,20,72
4,0,2,0,119,73
4,0,3,1,41,74
4,2,3,1,48,75
4,0,3,1,10,76
4,2,3,1,91,77
4,0,3,1,52,78
4,3,3,1,18,79
4,3,3,1,49,80
4,3,3,1,60,81
4,1,3,1,21,82
4,1,3,1,65,83
4,2,2,1,43,84
4,1,3,1,64,85
4,0,3,1,12,86
4,3,3,1,107,87
4,3,3,1,13,88
4,3,3,1,102,89
4,0,3,1,11,90
4,2,3,1,115,91
4,3,3,1,71,92
4,1,3,1,78,93
4,1,3,1,56,94
4,0,3,1,63,95
4,1,3,1,100,96
4,3,3,1,38,97
4,0,3,1,19,98
4,2,3,1,66,99
4,2,3,1,79,100
4,1,3,1,90,101
4,0,3,1,59,102
4,1,3,1,2,103
4,3,3,1,7,104
4,1,3,1,29,105
4,1,3,1,62,106
4,3,3,1,24,107
4,1,3,1,17,108
4,0,3,1,5,109
4,1,3,1,108,110
4,0,3,1,114,111
4,2,3,1,83,112
4,2,3,1,42,113
4,2,3,1,93,114
4,3,3,1,37,115
4,1,3,1,120,116
4,1,3,1,68,117
4,0,3,1,72,118
4,0,3,1,101,119
4,0,3,1,53,120
4,3,3,1,112,121
4,1,3,1,92,122
4,0,3,0,12,123
4,3,3,1,107,124
4,1,3,1,78,125
4,0,3,1,113,126
4,0,3,1,81,127
4,3,3,1,103,128
4,3,3,1,75,129
4,1,3,1,108,130
4,3,3,1,23,131
4,0,3,1,74,132
4,2,3,1,76,133
4,1,3,1,69,134
4,0,3,1,15,135
4,0,3,1,104,136
4,1,3,1,68,137
4,1,3,1,70,138
4,1,3,1,94,139
4,3,3,1,3,140
4,0,3,1,52,141
4,1,3,1,100,142
4,0,3,1,63,143
4,0,3,1,41,144
4,0,3,1,106,145
4,2,3,1,73,146
4,0,3,1,53,147
4,1,3,1,117,148
4,0,3,1,57,149
4,2,3,1,28,150
4,2,3,1,91,151
4,1,3,1,120,152
4,1,3,1,90,153
4,2,3,1,58,154
4,1,3,1,64,155
4,2,3,1,1,156
4,3,3,1,87,157
4,0,3,1,86,158
4,3,3,1,50,159
4,2,3,1,36,160
4,1,3,1,62,161
4,1,3,1,29,162
4,2,3,1,115,163
4,3,3,1,18,164
4,3,3,1,45,165
4,3,3,1,35,166
4,2,3,1,43,167
4,2,3,1,83,168
4,0,3,1,33,169
4,0,3,1,10,170
4,3,3,1,38,171
4,3,3,1,71,172
4,2,3,1,98,173
4,1,3,1,65,174
4,0,3,1,101,175
4,0,3,1,118,176
4,0,3,1,19,177
4,0,3,1,59,178
4,2,3,1,84,179
4,3,3,1,13,180
4,3,3,0,109,181
4,2,3,1,9,182
4,2,3,1,89,183
4,3,3,1,77,184
4,3,3,1,4,185
4,2,3,1,32,186
4,3,3,1,55,187
4,1,3,1,17,188
4,3,3,1,49,189
4,0,3,1,11,190
4,3,3,1,37,191
4,3,3,1,7,192
4,1,3,1,30,193
4,0,3,1,40,194
4,0,3,1,72,195
4,3,3,1,110,196
4,1,3,1,26,197
4,2,3,1,51,198
4,3,3,1,34,199
4,2,2,1,8,200
4,0,3,1,61,201
4,1,3,1,20,202
4,3,2,0,22,203
4,3,2,1,60,204
4,2,2,0,93,205
4,0,2,1,67,206
4,1,2,0,85,207
4,2,3,1,79,208
4,1,3,1,21,209
4,1,2,1,116,210
4,1,2,1,25,211
4,2,2,1,6,212
4,2,3,1,47,213
4,2,2,1,54,214
4,0,2,1,5,215
4,3,3,1,27,216
4,3,2,1,31,217
4,0,3,1,88,218
4,1,2,1,39,219
4,3,2,1,24,220
4,2,2,1,95,221
4,1,2,0,56,222
4,2,1,1,46,223
4,3,1,0,16,224
4,2,2,1,80,225
4,0,2,1,111,226
4,3,2,1,102,227
4,2,3,1,105,228
4,2,2,1,42,229
4,0,1,0,119,230
4,0,2,1,114,231
4,2,2,1,82,232
4,2,2,1,48,233
4,1,2,1,97,234
4,2,2,1,66,235
4,1,1,1,96,236
4,1,3,1,2,237
4,1,1,1,44,238
4,1,NaN,1,14,239
4,0,2,1,99,240
4,1,2,1,21,241
4,1,2,1,39,242
4,0,2,1,72,243
4,0,2,0,10,244
4,2,2,1,83,245
4,2,2,1,95,246
4,1,1,1,92,247
4,1,2,1,100,248
4,0,0,0,63,249
4,0,2,1,81,250
4,1,2,0,20,251
4,1,1,1,96,252
4,3,1,0,109,253
4,0,1,1,52,254
4,3,1,1,7,255
4,1,1,1,25,256
4,3,1,1,50,257
4,1,1,0,26,258
4,0,1,1,99,259
4,3,1,1,4,260
4,3,1,1,112,261
4,1,1,1,85,262
4,3,2,1,3,263
4,0,1,1,11,264
4,3,1,1,24,265
4,2,2,1,58,266
4,1,1,1,94,267
4,2,1,1,28,268
4,3,2,1,45,269
4,2,2,1,47,270
4,0,1,1,74,271
4,3,1,1,31,272
4,0,3,0,119,273
4,2,2,1,6,274
4,1,1,1,78,275
4,1,3,1,97,276
4,0,2,1,33,277
4,3,2,1,77,278
4,2,2,1,79,279
4,2,2,1,8,280
4,3,1,1,110,281
4,1,2,1,30,282
4,2,1,1,51,283
4,3,1,1,75,284
4,2,2,1,46,285
4,1,2,1,117,286
4,2,2,1,54,287
4,1,2,1,70,288
4,1,3,1,69,289
4,0,3,1,88,290
4,1,2,1,65,291
4,2,2,1,93,292
4,0,2,1,114,293
4,0,2,1,5,294
4,2,2,1,73,295
4,1,2,1,108,296
4,3,2,0,22,297
4,2,2,1,98,298
4,0,2,0,86,299
4,2,2,1,105,300
4,1,2,1,14,301
4,0,2,1,67,302
4,1,2,1,17,303
4,3,1,0,16,304
4,2,1,0,76,305
4,0,1,1,40,306
4,3,2,1,60,307
4,2,2,1,89,308
4,0,2,1,53,309
4,3,2,1,13,310
4,3,1,1,71,311
4,0,1,1,104,312
4,1,2,1,29,313
4,3,1,1,87,314
4,2,2,1,115,315
4,2,1,1,1,316
4,3,1,1,37,317
4,2,1,1,66,318
4,3,1,1,107,319
4,3,1,1,27,320
4,0,1,0,12,321
4,0,2,1,118,322
4,2,2,1,36,323
4,2,2,1,91,324
4,2,2,1,42,325
4,3,2,1,23,326
4,2,2,1,43,327
4,2,3,1,80,328
4,1,3,1,90,329
4,3,3,1,18,330
4,3,3,1,49,331
4,3,3,1,55,332
4,1,3,0,56,333
4,0,3,1,106,334
4,1,2,1,116,335
4,3,3,1,103,336
4,1,2,1,64,337
4,0,2,1,19,338
4,2,1,1,48,339
4,3,1,1,38,340
4,0,3,1,61,341
4,0,2,1,15,342
4,0,3,1,111,343
4,0,1,0,59,344
4,1,1,1,120,345
4,3,2,1,34,346
4,1,3,1,2,347
4,0,3,1,57,348
4,3,3,1,102,349
4,2,3,1,32,350
4,1,2,1,62,351
4,2,2,1,82,352
4,0,2,1,113,353
4,2,3,1,9,354
4,3,3,1,35,355
4,0,3,1,101,356
4,0,3,1,41,357
4,1,2,1,44,358
4,2,3,1,84,359
4,1,1,0,68,360
5,2,3,1,79,1
5,3,3,1,77,2
5,1,3,1,100,3
5,3,2,1,29,4
5,2,1,0,72,5
5,0,1,0,107,6
5,2,3,1,105,7
5,2,1,0,40,8
5,3,2,1,98,9
5,2,1,0,70,10
5,0,0,0,69,11
5,1,3,1,78,12
5,1,2,1,82,13
5,0,1,0,64,14
5,3,1,0,112,15
5,3,1,0,16,16
5,2,2,1,110,17
5,0,1,0,68,18
5,3,3,1,27,19
5,2,2,1,36,20
5,1,3,1,39,21
5,0,2,1,6,22
5,2,1,0,118,23
5,2,1,0,96,24
5,0,1,0,38,25
5,0,2,1,80,26
5,0,1,0,50,27
5,1,2,0,86,28
5,0,2,1,42,29
5,0,0,0,52,30
5,3,1,0,10,31
5,3,3,1,53,32
5,0,2,0,119,33
5,0,1,0,101,34
5,1,1,0,74,35
5,2,1,0,73,36
5,3,1,0,90,37
5,3,2,0,21,38
5,3,3,1,61,39
5,0,1,0,93,40
5,1,1,0,89,41
5,1,1,0,116,42
5,1,2,0,19,43
5,0,0,0,12,44
5,2,2,1,60,45
5,2,1,0,108,46
5,2,2,1,85,47
5,3,0,0,63,48
5,1,0,0,24,49
5,2,2,1,14,50
5,1,2,1,23,51
5,3,1,0,2,52
5,3,1,0,7,53
5,1,3,1,51,54
5,1,1,0,33,55
5,3,1,0,95,56
5,3,3,0,114,57
5,3,1,0,18,58
5,0,0,0,25,59
5,1,1,0,113,60
5,0,1,0,48,61
5,2,0,0,56,62
5,3,1,0,65,63
5,1,2,0,30,64
5,3,1,0,5,65
5,0,2,0,59,66
5,3,1,0,120,67
5,2,1,0,31,68
5,3,1,0,54,69
5,3,1,0,20,70
5,0,1,0,41,71
5,0,1,0,87,72
5,0,1,0,1,73
5,2,3,1,17,74
5,1,3,1,45,75
5,3,3,1,97,76
5,1,3,0,67,77
5,3,1,0,4,78
5,0,3,1,49,79
5,1,0,0,28,80
5,2,1,0,111,81
5,0,3,1,58,82
5,1,3,1,88,83
5,2,2,1,103,84
5,2,1,0,15,85
5,0,2,0,117,86
5,3,1,0,3,87
5,2,1,0,47,88
5,1,1,0,75,89
5,1,0,0,81,90
5,1,1,0,115,91
5,1,3,1,35,92
5,2,1,0,55,93
5,1,1,0,84,94
5,2,3,1,34,95
5,1,1,0,94,96
5,2,0,0,66,97
5,2,3,1,99,98
5,2,2,1,91,99
5,1,3,1,57,100
5,1,0,0,11,101
5,2,1,0,43,102
5,3,3,1,8,103
5,3,1,0,76,104
5,0,1,0,37,105
5,2,3,1,102,106
5,3,2,1,62,107
5,0,2,1,13,108
5,2,0,0,104,109
5,0,3,1,71,110
5,1,0,0,46,111
5,3,2,0,32,112
5,1,1,0,44,113
5,0,1,0,106,114
5,0,0,0,26,115
5,3,3,1,9,116
5,0,2,0,109,117
5,1,1,0,92,118
5,2,1,0,83,119
5,0,1,0,22,120
5,3,3,1,97,121
5,2,1,0,96,122
5,0,3,1,42,123
5,2,3,1,111,124
5,0,1,0,68,125
5,0,3,1,80,126
5,0,1,0,1,127
5,1,3,1,82,128
5,1,3,1,67,129
5,1,3,1,45,130
5,3,3,1,112,131
5,0,3,1,59,132
5,3,2,0,5,133
5,3,3,0,90,134
5,3,3,1,120,135
5,2,3,1,14,136
5,0,3,1,64,137
5,1,2,0,92,138
5,2,3,1,103,139
5,3,1,0,54,140
5,3,3,1,29,141
5,0,0,0,25,142
5,0,2,0,119,143
5,3,2,0,95,144
5,0,1,0,109,145
5,2,0,0,72,146
5,1,1,0,44,147
5,0,2,0,117,148
5,0,3,1,6,149
5,0,1,0,69,150
5,2,3,1,60,151
5,3,3,1,4,152
5,0,3,1,49,153
5,2,3,1,108,154
5,3,3,1,77,155
5,3,0,0,76,156
5,2,3,1,83,157
5,1,3,1,116,158
5,3,3,1,9,159
5,3,3,1,27,160
5,2,3,1,36,161
5,2,3,1,73,162
5,3,3,1,7,163
5,2,0,0,104,164
5,1,3,1,75,165
5,2,3,1,43,166
5,3,1,0,3,167
5,1,0,0,46,168
5,1,3,1,74,169
5,2,1,0,15,170
5,1,3,1,94,171
5,1,3,1,11,172
5,1,3,1,78,173
5,2,3,1,34,174
5,2,1,0,55,175
5,2,0,0,56,176
5,2,3,1,99,177
5,2,0,0,66,178
5,0,1,0,107,179
5,1,2,0,24,180
5,3,3,0,61,181
5,1,3,1,23,182
5,2,3,1,85,183
5,0,3,1,41,184
5,0,3,1,106,185
5,0,3,1,13,186
5,0,3,1,101,187
5,3,0,0,63,188
5,0,3,1,71,189
5,3,0,0,20,190
5,3,3,1,16,191
5,0,3,1,58,192
5,2,2,1,91,193
5,2,3,1,110,194
5,0,3,1,87,195
5,1,3,1,39,196
5,1,3,1,81,197
5,1,3,1,89,198
5,1,3,1,19,199
5,2,3,1,105,200
5,1,3,1,35,201
5,1,3,1,51,202
5,1,3,1,100,203
5,3,3,1,65,204
5,1,3,1,84,205
5,0,3,1,50,206
5,0,2,1,93,207
5,2,3,1,79,208
5,3,3,1,32,209
5,3,3,1,114,210
5,2,3,1,47,211
5,2,3,1,70,212
5,3,3,1,98,213
5,3,3,1,2,214
5,2,3,1,31,215
5,0,3,1,48,216
5,1,3,1,30,217
5,0,2,1,22,218
5,2,3,1,40,219
5,0,2,1,38,220
5,3,3,1,8,221
5,0,2,1,12,222
5,1,3,1,86,223
5,3,3,1,10,224
5,2,3,1,102,225
5,3,3,1,21,226
5,3,3,1,53,227
5,1,3,1,113,228
5,3,3,1,62,229
5,1,0,0,28,230
5,2,3,1,17,231
5,0,2,0,52,232
5,2,0,0,118,233
5,0,1,0,37,234
5,1,3,1,88,235
5,1,3,1,33,236
5,1,3,1,57,237
5,1,3,1,115,238
5,3,3,1,18,239
5,0,2,0,26,240
5,1,3,1,82,241
5,1,2,1,92,242
5,2,0,0,66,243
5,0,2,1,12,244
5,2,3,1,14,245
5,2,1,0,118,246
5,1,3,1,19,247
5,0,3,1,58,248
5,2,3,1,102,249
5,3,3,1,7,250
5,1,1,0,28,251
5,0,1,0,71,252
5,3,3,1,27,253
5,3,3,1,76,254
5,3,3,1,63,255
5,3,3,0,61,256
5,2,3,1,34,257
5,0,1,0,52,258
5,2,3,1,17,259
5,0,2,1,69,260
5,1,3,1,116,261
5,0,3,1,25,262
5,0,3,1,93,263
5,2,3,1,83,264
5,1,3,1,115,265
5,1,3,1,33,266
5,0,2,1,38,267
5,2,3,1,73,268
5,1,3,1,30,269
5,2,3,1,31,270
5,1,3,1,94,271
5,2,3,1,110,272
5,3,3,1,53,273
5,2,3,1,105,274
5,2,3,1,43,275
5,3,2,0,54,276
5,3,3,1,77,277
5,2,3,1,60,278
5,3,3,1,16,279
5,0,3,1,49,280
5,1,3,1,67,281
5,1,3,1,11,282
5,1,3,1,100,283
5,2,3,1,99,284
5,0,3,1,117,285
5,3,3,1,4,286
5,2,3,1,72,287
5,1,3,1,78,288
5,2,3,1,47,289
5,3,3,1,8,290
5,0,3,1,119,291
5,2,3,1,15,292
5,0,3,1,50,293
5,0,3,1,13,294
5,1,3,1,89,295
5,2,3,1,55,296
5,3,3,1,32,297
5,0,3,1,48,298
5,3,3,1,3,299
5,3,3,1,114,300
5,1,3,1,74,301
5,1,3,1,24,302
5,0,3,1,68,303
5,2,3,1,111,304
5,1,3,1,45,305
5,1,3,1,84,306
5,2,3,1,40,307
5,3,3,1,29,308
5,0,3,1,59,309
5,2,3,1,103,310
5,3,3,1,120,311
5,3,1,0,20,312
5,1,3,1,75,313
5,1,3,1,23,314
5,0,3,1,101,315
5,0,3,1,37,316
5,3,3,1,2,317
5,2,3,1,108,318
5,0,1,0,22,319
5,1,3,1,88,320
5,3,3,1,9,321
5,2,3,1,56,322
5,3,3,1,10,323
5,1,3,1,86,324
5,1,3,1,57,325
5,3,3,1,5,326
5,1,3,1,35,327
5,1,3,1,51,328
5,2,3,1,79,329
5,3,3,1,98,330
5,3,3,1,90,331
5,0,1,0,26,332
5,0,3,1,41,333
5,1,3,1,39,334
5,1,3,1,44,335
5,2,3,1,96,336
5,3,3,1,18,337
5,1,3,1,113,338
5,0,1,0,1,339
5,2,3,1,91,340
5,3,3,1,21,341
5,0,3,1,6,342
5,0,1,0,64,343
5,3,3,1,95,344
5,3,2,1,62,345
5,2,0,0,104,346
5,1,0,0,81,347
5,3,3,1,97,348
5,0,3,1,42,349
5,2,3,1,85,350
5,0,3,1,80,351
5,1,3,1,46,352
5,0,1,0,109,353
5,2,3,1,70,354
5,2,3,1,36,355
5,3,3,1,112,356
5,0,3,1,107,357
5,3,3,1,65,358
5,0,3,1,106,359
5,0,3,1,87,360
6,2,3,1,2,1
6,0,1,0,33,2
6,2,3,1,90,3
6,2,3,1,111,4
6,2,3,1,48,5
6,1,3,1,101,6
6,0,3,0,64,7
6,3,3,1,94,8
6,1,2,1,117,9
6,1,3,1,4,10
6,2,3,1,115,11
6,1,3,1,100,12
6,1,3,1,73,13
6,0,2,1,85,14
6,2,3,1,82,15
6,2,3,1,66,16
6,1,3,1,21,17
6,1,3,1,32,18
6,0,2,0,24,19
6,3,3,1,8,20
6,1,3,1,97,21
6,1,3,1,42,22
6,2,3,1,71,23
6,1,0,0,96,24
6,2,3,1,36,25
6,1,2,1,112,26
6,1,3,1,116,27
6,0,3,1,98,28
6,2,3,1,46,29
6,0,3,1,60,30
6,2,3,1,61,31
6,0,0,0,44,32
6,3,3,1,41,33
6,1,0,0,12,34
6,3,3,1,78,35
6,2,3,1,9,36
6,3,3,1,29,37
6,2,2,0,40,38
6,3,2,1,35,39
6,2,3,1,88,40
6,1,3,1,87,41
6,1,3,1,47,42
6,0,0,0,59,43
6,1,3,1,74,44
6,1,1,1,120,45
6,2,3,1,18,46
6,1,0,0,95,47
6,2,3,1,77,48
6,0,0,0,109,49
6,3,1,1,1,50
6,3,3,1,104,51
6,3,NaN,0,84,52
6,0,1,0,108,53
6,1,3,1,7,54
6,2,3,1,58,55
6,2,3,1,53,56
6,1,2,1,54,57
6,0,3,1,57,58
6,3,3,1,43,59
6,2,3,1,16,60
6,1,3,1,19,61
6,1,3,1,26,62
6,1,3,1,86,63
6,1,3,1,51,64
6,1,3,1,89,65
6,3,3,1,67,66
6,2,NaN,0,37,67
6,3,3,1,103,68
6,3,3,1,76,69
6,3,3,1,10,70
6,0,3,1,3,71
6,1,3,1,72,72
6,0,2,1,80,73
6,0,3,1,99,74
6,1,0,0,28,75
6,3,3,1,5,76
6,1,3,1,79,77
6,2,3,1,15,78
6,3,3,1,23,79
6,3,3,1,65,80
6,3,3,1,39,81
6,3,3,1,107,82
6,2,3,1,55,83
6,0,3,1,83,84
6,2,3,1,56,85
6,2,3,1,45,86
6,0,0,0,118,87
6,2,3,1,34,88
6,3,3,1,25,89
6,0,3,1,14,90
6,0,3,1,31,91
6,0,3,1,49,92
6,1,3,1,27,93
6,0,3,0,92,94
6,2,3,1,69,95
6,0,3,1,93,96
6,2,3,1,50,97
6,0,2,0,17,98
6,0,3,1,13,99
6,3,3,1,75,100
6,0,3,1,110,101
6,3,3,1,30,102
6,3,3,1,119,103
6,3,3,1,20,104
6,0,0,0,11,105
6,3,3,1,91,106
6,2,2,0,62,107
6,1,3,1,81,108
6,0,3,1,68,109
6,0,2,1,38,110
6,3,3,1,52,111
6,3,3,1,114,112
6,0,2,1,70,113
6,3,3,1,113,114
6,2,3,1,106,115
6,0,3,1,102,116
6,0,2,0,105,117
6,3,3,1,6,118
6,3,3,1,63,119
6,2,3,1,22,120
6,3,3,1,29,121
6,3,3,1,10,122
6,2,3,1,58,123
6,1,3,1,26,124
6,0,3,1,108,125
6,0,3,1,13,126
6,1,3,1,81,127
6,1,3,1,32,128
6,0,3,1,110,129
6,2,3,1,53,130
6,0,3,1,83,131
6,0,3,0,105,132
6,1,3,1,87,133
6,2,2,1,62,134
6,3,3,1,94,135
6,1,2,1,7,136
6,2,3,1,48,137
6,3,3,1,23,138
6,0,NaN,0,59,139
6,2,2,1,66,140
6,3,3,1,65,141
6,2,1,0,37,142
6,0,2,1,64,143
6,2,3,1,40,144
6,1,3,1,27,145
6,2,3,1,18,146
6,3,3,1,35,147
6,0,3,1,14,148
6,2,3,1,2,149
6,0,1,1,85,150
6,3,0,0,5,151
6,0,0,0,11,152
6,2,NaN,1,106,153
6,2,2,1,22,154
6,0,3,1,31,155
6,0,3,1,99,156
6,1,3,1,4,157
6,2,3,1,46,158
6,0,0,0,98,159
6,3,3,1,84,160
6,2,3,1,115,161
6,2,3,1,34,162
6,3,3,1,30,163
6,0,2,1,70,164
6,0,0,0,3,165
6,2,3,1,88,166
6,3,3,1,6,167
6,3,3,1,39,168
6,1,3,1,47,169
6,0,0,0,118,170
6,3,3,1,52,171
6,1,2,1,54,172
6,1,3,1,89,173
6,3,3,1,103,174
6,1,3,1,74,175
6,3,3,1,41,176
6,1,3,1,21,177
6,2,3,1,111,178
6,3,3,1,1,179
6,2,3,1,15,180
6,2,3,1,50,181
6,1,3,1,97,182
6,3,3,1,43,183
6,3,3,1,78,184
6,0,1,0,17,185
6,0,1,0,109,186
6,2,3,1,45,187
6,1,0,0,12,188
6,1,3,1,42,189
6,0,3,1,57,190
6,3,3,1,114,191
6,3,3,1,119,192
6,0,3,1,60,193
6,1,3,1,72,194
6,2,3,1,9,195
6,3,3,1,63,196
6,0,3,1,102,197
6,0,1,0,44,198
6,2,3,1,61,199
6,0,3,1,49,200
6,1,3,1,73,201
6,2,3,1,82,202
6,1,3,1,100,203
6,2,3,1,69,204
6,3,3,1,76,205
6,1,3,1,86,206
6,3,3,1,8,207
6,1,3,1,101,208
6,1,3,1,19,209
6,0,3,1,68,210
6,2,3,1,56,211
6,1,3,1,112,212
6,2,3,1,71,213
6,2,3,1,90,214
6,1,3,1,95,215
6,2,3,1,55,216
6,0,3,1,24,217
6,3,3,1,20,218
6,1,3,1,28,219
6,2,3,1,16,220
6,3,3,1,25,221
6,3,3,1,91,222
6,1,3,1,96,223
6,3,3,1,104,224
6,1,2,1,120,225
6,2,3,1,77,226
6,3,3,1,75,227
6,3,3,1,107,228
6,0,3,1,80,229
6,0,3,1,38,230
6,1,3,1,116,231
6,1,3,1,79,232
6,0,3,1,33,233
6,0,3,1,93,234
6,0,0,0,92,235
6,3,3,1,67,236
6,1,3,1,51,237
6,3,3,1,113,238
6,1,3,1,117,239
6,2,3,1,36,240
6,0,0,0,118,241
6,0,0,0,31,242
6,2,3,1,69,243
6,1,3,1,21,244
6,2,3,1,48,245
6,0,NaN,1,85,246
6,2,3,1,71,247
6,0,3,1,92,248
6,3,3,1,103,249
6,2,3,1,111,250
6,1,3,1,4,251
6,0,3,1,24,252
6,2,3,1,61,253
6,0,0,0,64,254
6,2,3,1,106,255
6,2,3,1,77,256
6,0,3,1,98,257
6,3,3,1,29,258
6,0,3,1,59,259
6,3,3,1,113,260
6,1,3,1,42,261
6,2,3,1,90,262
6,3,3,1,119,263
6,3,3,1,20,264
6,1,3,1,51,265
6,3,3,1,78,266
6,3,3,1,10,267
6,3,3,1,35,268
6,3,3,1,65,269
6,2,3,1,9,270
6,0,3,1,105,271
6,2,2,0,66,272
6,2,0,0,56,273
6,3,3,1,30,274
6,2,2,0,62,275
6,1,3,1,100,276
6,3,3,1,84,277
6,0,2,0,109,278
6,2,3,1,18,279
6,1,3,1,96,280
6,1,3,1,117,281
6,1,3,1,97,282
6,2,3,1,22,283
6,0,0,0,11,284
6,0,3,1,99,285
6,1,3,1,32,286
6,3,2,1,5,287
6,0,3,1,49,288
6,1,3,1,79,289
6,2,3,1,58,290
6,1,3,1,47,291
6,0,3,1,93,292
6,2,3,1,36,293
6,0,3,1,17,294
6,2,3,1,16,295
6,1,3,1,89,296
6,2,0,0,55,297
6,3,3,1,39,298
6,1,3,1,81,299
6,0,3,1,70,300
6,2,3,1,45,301
6,0,3,1,38,302
6,1,3,1,95,303
6,3,3,1,114,304
6,1,3,1,116,305
6,1,3,1,72,306
6,1,3,1,120,307
6,3,3,1,75,308
6,1,0,0,12,309
6,0,3,1,110,310
6,2,3,1,82,311
6,1,3,1,26,312
6,3,3,1,43,313
6,1,3,1,19,314
6,1,3,1,7,315
6,2,3,1,2,316
6,3,3,1,1,317
6,3,3,1,25,318
6,2,0,0,50,319
6,2,3,1,34,320
6,2,3,1,37,321
6,0,3,1,57,322
6,1,3,1,74,323
6,0,3,1,44,324
6,3,3,1,6,325
6,3,3,1,104,326
6,0,3,1,3,327
6,1,2,1,112,328
6,3,3,1,23,329
6,2,3,1,115,330
6,3,3,1,63,331
6,3,3,1,76,332
6,1,3,1,27,333
6,0,3,1,13,334
6,3,3,1,107,335
6,2,3,1,40,336
6,1,3,1,87,337
6,0,3,1,83,338
6,3,3,1,67,339
6,3,3,1,8,340
6,3,3,1,41,341
6,1,3,1,28,342
6,3,3,1,52,343
6,0,3,1,108,344
6,2,3,1,88,345
6,0,3,1,14,346
6,0,3,1,102,347
6,1,3,1,54,348
6,1,3,1,86,349
6,2,3,1,46,350
6,1,3,1,101,351
6,0,3,1,60,352
6,0,3,1,80,353
6,0,3,1,33,354
6,3,3,1,91,355
6,2,3,1,15,356
6,3,3,1,94,357
6,2,3,1,53,358
6,1,3,1,73,359
6,0,3,1,68,360
7,3,3,1,81,1
7,1,3,1,27,2
7,0,3,1,106,3
7,2,3,1,36,4
7,0,3,1,118,5
7,3,3,1,70,6
7,3,3,1,58,7
7,1,3,1,100,8
7,2,3,1,2,9
7,3,3,1,8,10
7,3,3,1,43,11
7,2,3,1,41,12
7,0,3,1,111,13
7,0,3,1,119,14
7,2,3,1,5,15
7,0,3,1,69,16
7,2,3,1,35,17
7,0,2,0,37,18
7,1,3,1,66,19
7,2,3,1,78,20
7,1,2,0,60,21
7,3,3,1,86,22
7,2,3,1,93,23
7,2,3,1,83,24
7,0,3,1,65,25
7,3,3,1,13,26
7,1,2,0,101,27
7,0,3,1,11,28
7,3,3,1,40,29
7,2,3,1,47,30
7,1,2,0,112,31
7,2,3,1,38,32
7,3,3,1,21,33
7,1,3,1,108,34
7,0,2,0,7,35
7,3,2,0,96,36
7,2,2,1,48,37
7,1,2,0,26,38
7,1,3,1,77,39
7,0,2,1,87,40
7,1,3,1,85,41
7,0,3,1,45,42
7,0,2,0,14,43
7,2,3,1,113,44
7,2,0,0,56,45
7,0,3,0,89,46
7,3,3,1,19,47
7,2,0,0,104,48
7,0,2,0,30,49
7,2,2,1,24,50
7,1,3,1,99,51
7,2,2,0,63,52
7,2,2,0,3,53
7,3,2,0,84,54
7,0,2,1,68,55
7,0,2,1,52,56
7,0,2,1,98,57
7,0,2,0,29,58
7,3,2,1,61,59
7,3,2,1,51,60
7,3,3,1,34,61
7,1,2,0,88,62
7,0,2,1,73,63
7,2,3,1,67,64
7,3,3,1,39,65
7,0,2,1,4,66
7,1,2,0,42,67
7,2,2,1,94,68
7,2,2,0,28,69
7,1,1,0,44,70
7,3,2,0,116,71
7,1,2,1,105,72
7,3,3,1,115,73
7,0,2,1,31,74
7,3,2,1,91,75
7,2,1,0,109,76
7,2,2,1,79,77
7,0,1,0,75,78
7,0,1,0,76,79
7,3,2,1,72,80
7,1,0,0,12,81
7,2,2,1,49,82
7,2,2,0,32,83
7,1,2,0,64,84
7,1,2,0,62,85
7,3,1,0,15,86
7,1,2,1,33,87
7,2,2,0,17,88
7,1,1,0,16,89
7,1,1,0,54,90
7,1,2,1,110,91
7,1,1,0,90,92
7,3,2,0,71,93
7,0,1,0,57,94
7,2,2,0,20,95
7,0,2,0,120,96
7,0,2,1,103,97
7,1,2,1,53,98
7,3,2,1,95,99
7,2,1,0,102,100
7,3,2,0,80,101
7,3,1,0,74,102
7,2,1,0,1,103
7,3,1,0,92,104
7,1,1,0,22,105
7,1,1,0,55,106
7,3,1,0,18,107
7,1,2,1,9,108
7,0,1,0,23,109
7,1,2,1,25,110
7,0,1,0,117,111
7,3,1,0,10,112
7,1,2,1,97,113
7,3,2,1,82,114
7,2,2,0,50,115
7,1,2,1,59,116
7,3,1,0,46,117
7,2,2,0,114,118
7,0,1,0,107,119
7,0,2,1,6,120
7,1,2,1,77,121
7,3,2,0,116,122
7,1,2,0,16,123
7,0,2,0,23,124
7,2,1,0,50,125
7,3,3,1,58,126
7,0,2,1,4,127
7,3,3,0,95,128
7,2,2,1,94,129
7,3,2,1,72,130
7,0,2,0,118,131
7,1,1,1,90,132
7,0,2,1,11,133
7,0,2,0,107,134
7,2,2,1,79,135
7,2,2,1,5,136
7,1,2,0,64,137
7,1,3,1,60,138
7,0,2,1,98,139
7,2,2,0,109,140
7,2,2,1,47,141
7,3,3,0,80,142
7,1,3,1,97,143
7,0,2,0,76,144
7,0,2,0,120,145
7,0,3,1,45,146
7,3,2,1,61,147
7,3,2,0,39,148
7,0,2,0,87,149
7,2,2,0,32,150
7,2,3,1,78,151
7,1,2,1,108,152
7,1,2,1,110,153
7,1,2,0,101,154
7,3,3,1,13,155
7,1,1,0,54,156
7,2,3,1,35,157
7,0,3,0,89,158
7,0,2,0,65,159
7,2,2,0,1,160
7,3,2,1,91,161
7,2,2,1,17,162
7,0,2,1,31,163
7,1,2,0,42,164
7,0,2,0,119,165
7,3,2,1,70,166
7,0,2,0,73,167
7,2,2,1,67,168
7,0,2,0,37,169
7,3,2,1,21,170
7,2,2,0,36,171
7,2,2,0,63,172
7,1,2,1,25,173
7,3,2,0,81,174
7,0,2,0,111,175
7,1,2,0,22,176
7,2,2,0,20,177
7,2,2,1,49,178
7,0,2,1,52,179
7,0,2,0,57,180
7,3,2,0,46,181
7,1,2,1,27,182
7,1,2,0,12,183
7,0,2,0,30,184
7,3,2,0,71,185
7,2,2,1,83,186
7,0,2,0,6,187
7,2,2,1,2,188
7,1,2,0,44,189
7,2,2,0,56,190
7,3,2,0,10,191
7,3,2,0,18,192
7,0,2,0,69,193
7,3,2,1,8,194
7,3,2,1,51,195
7,2,2,1,113,196
7,1,2,0,62,197
7,1,2,1,88,198
7,2,2,0,48,199
7,0,2,0,29,200
7,2,2,0,93,201
7,0,2,1,106,202
7,3,2,0,96,203
7,2,2,0,104,204
7,1,2,0,66,205
7,3,2,1,40,206
7,1,2,0,112,207
7,0,2,0,75,208
7,0,2,0,68,209
7,1,3,1,100,210
7,0,2,0,7,211
7,3,2,1,82,212
7,2,2,0,24,213
7,2,2,1,3,214
7,3,2,1,34,215
7,3,2,1,84,216
7,1,3,1,85,217
7,3,3,1,43,218
7,1,3,1,55,219
7,1,3,1,26,220
7,2,3,1,114,221
7,1,3,1,33,222
7,0,3,1,14,223
7,1,3,1,59,224
7,3,3,1,15,225
7,1,3,1,9,226
7,2,3,1,28,227
7,3,3,1,19,228
7,1,3,1,53,229
7,2,3,1,41,230
7,2,3,1,102,231
7,3,3,1,86,232
7,0,3,1,117,233
7,1,3,1,105,234
7,3,3,1,92,235
7,0,3,1,103,236
7,3,3,1,74,237
7,3,3,1,115,238
7,1,3,1,99,239
7,2,3,1,38,240
7,1,3,1,112,241
7,0,3,1,73,242
7,3,3,1,91,243
7,1,3,1,16,244
7,1,3,1,44,245
7,0,3,1,87,246
7,2,3,1,113,247
7,0,3,1,119,248
7,3,2,1,8,249
7,0,2,0,37,250
7,3,3,1,115,251
7,2,3,1,38,252
7,0,3,1,69,253
7,2,3,1,50,254
7,2,3,1,94,255
7,2,3,1,104,256
7,1,3,1,9,257
7,1,3,1,77,258
7,3,3,1,58,259
7,2,2,0,109,260
7,3,3,1,84,261
7,2,3,1,78,262
7,1,2,0,22,263
7,1,3,1,33,264
7,2,3,1,17,265
7,2,3,0,24,266
7,1,3,1,25,267
7,0,3,1,98,268
7,3,3,1,43,269
7,1,3,1,62,270
7,0,2,0,65,271
7,3,3,1,39,272
7,1,3,1,90,273
7,2,3,0,20,274
7,0,2,0,52,275
7,0,3,1,11,276
7,3,3,1,13,277
7,3,3,1,74,278
7,2,3,1,32,279
7,3,2,1,71,280
7,3,3,1,51,281
7,2,3,1,2,282
7,3,3,0,80,283
7,3,3,1,46,284
7,2,3,1,93,285
7,0,2,0,68,286
7,3,2,1,70,287
7,2,3,1,48,288
7,0,3,1,45,289
7,0,2,0,107,290
7,2,2,1,79,291
7,1,2,0,66,292
7,3,2,1,15,293
7,1,2,0,60,294
7,2,2,1,41,295
7,3,2,1,82,296
7,0,2,0,76,297
7,1,2,0,54,298
7,1,2,0,101,299
7,0,2,0,23,300
7,2,2,1,83,301
7,0,2,0,117,302
7,3,2,1,72,303
7,2,2,0,56,304
7,3,2,1,34,305
7,1,2,1,97,306
7,2,2,1,49,307
7,1,2,1,85,308
7,1,2,0,64,309
7,3,2,0,116,310
7,0,2,1,103,311
7,0,2,0,89,312
7,3,2,1,86,313
7,1,2,0,88,314
7,0,2,0,75,315
7,2,2,0,1,316
7,3,2,1,18,317
7,3,2,1,40,318
7,3,2,1,92,319
7,0,2,1,31,320
7,0,2,1,29,321
7,0,2,1,30,322
7,2,2,1,5,323
7,0,2,1,111,324
7,0,2,1,6,325
7,0,2,1,118,326
7,1,2,1,100,327
7,1,3,1,110,328
7,1,2,0,42,329
7,3,2,1,19,330
7,1,2,1,55,331
7,2,3,1,63,332
7,0,3,1,14,333
7,1,3,1,53,334
7,2,3,1,28,335
7,1,3,1,59,336
7,2,3,1,3,337
7,2,3,1,36,338
7,2,3,1,102,339
7,0,3,1,57,340
7,1,2,1,12,341
7,2,3,1,47,342
7,0,3,1,4,343
7,3,3,1,81,344
7,3,3,1,21,345
7,1,3,1,27,346
7,1,3,1,105,347
7,3,2,1,96,348
7,1,3,1,99,349
7,2,3,1,67,350
7,3,2,1,61,351
7,1,3,1,108,352
7,3,3,1,95,353
7,3,3,1,10,354
7,0,2,0,120,355
7,2,3,1,114,356
7,1,3,1,26,357
7,0,2,1,106,358
7,0,2,1,7,359
7,2,3,1,35,360
8,3,3,1,49,1
8,2,3,1,70,2
8,1,3,1,45,3
8,0,3,1,28,4
8,3,2,0,87,5
8,0,3,1,2,6
8,1,3,0,93,7
8,0,2,0,63,8
8,2,3,1,73,9
8,2,3,1,69,10
8,3,3,1,51,11
8,1,3,1,80,12
8,0,2,1,119,13
8,1,2,0,111,14
8,1,3,1,36,15
8,2,3,1,64,16
8,2,3,1,41,17
8,0,2,1,43,18
8,0,1,0,84,19
8,0,2,0,107,20
8,3,3,1,25,21
8,3,3,1,71,22
8,2,1,0,24,23
8,1,3,1,53,24
8,3,3,1,6,25
8,1,3,1,21,26
8,1,2,0,39,27
8,0,2,0,76,28
8,1,2,0,90,29
8,1,2,0,12,30
8,3,2,1,108,31
8,1,3,1,118,32
8,2,2,0,50,33
8,1,3,1,100,34
8,1,2,0,48,35
8,0,1,0,62,36
8,0,2,0,72,37
8,0,1,0,55,38
8,3,2,0,17,39
8,1,1,0,4,40
8,1,2,0,33,41
8,1,2,0,117,42
8,0,1,0,54,43
8,2,1,0,113,44
8,2,3,1,97,45
8,3,1,1,66,46
8,1,2,0,52,47
8,1,2,0,109,48
8,3,3,1,44,49
8,0,1,1,112,50
8,2,3,1,89,51
8,0,1,0,1,52
8,2,2,1,82,53
8,2,3,1,91,54
8,0,2,0,75,55
8,1,3,1,3,56
8,3,2,0,65,57
8,1,2,1,22,58
8,2,3,0,98,59
8,0,3,1,103,60
8,2,2,0,85,61
8,3,2,0,120,62
8,3,3,0,56,63
8,2,1,0,57,64
8,2,3,1,20,65
8,3,3,1,11,66
8,0,3,1,99,67
8,2,3,0,34,68
8,3,1,0,96,69
8,0,3,1,42,70
8,2,2,1,88,71
8,0,3,1,95,72
8,0,2,1,7,73
8,3,0,0,26,74
8,1,3,1,15,75
8,2,3,1,61,76
8,0,2,0,60,77
8,3,2,0,86,78
8,1,3,1,27,79
8,2,2,0,8,80
8,2,3,1,9,81
8,3,1,0,10,82
8,2,2,0,77,83
8,1,1,0,68,84
8,1,2,0,46,85
8,2,3,1,105,86
8,2,3,1,106,87
8,3,1,0,37,88
8,2,2,0,19,89
8,0,1,0,116,90
8,3,1,0,47,91
8,1,1,0,29,92
8,3,2,0,81,93
8,0,2,1,35,94
8,0,1,0,16,95
8,3,2,0,114,96
8,2,2,0,74,97
8,0,1,0,102,98
8,3,3,1,40,99
8,2,1,0,104,100
8,3,3,1,115,101
8,2,3,1,38,102
8,0,3,1,67,103
8,3,3,1,23,104
8,0,3,1,79,105
8,1,3,1,83,106
8,3,3,1,78,107
8,3,3,1,13,108
8,0,3,1,59,109
8,1,3,1,110,110
8,3,3,1,101,111
8,3,2,0,30,112
8,0,3,1,14,113
8,1,2,0,31,114
8,2,3,1,32,115
8,3,3,1,58,116
8,1,3,1,18,117
8,1,2,1,94,118
8,0,2,0,5,119
8,2,2,1,92,120
8,0,3,1,67,121
8,2,3,0,19,122
8,3,3,1,25,123
8,1,3,1,15,124
8,1,1,0,111,125
8,0,3,1,103,126
8,3,3,0,56,127
8,3,3,1,78,128
8,0,2,0,76,129
8,1,3,1,80,130
8,0,2,0,5,131
8,2,3,1,9,132
8,3,0,0,81,133
8,1,1,0,117,134
8,0,3,1,79,135
8,0,2,1,1,136
8,1,1,0,46,137
8,1,3,1,36,138
8,2,3,1,89,139
8,1,1,0,22,140
8,1,0,0,68,141
8,3,2,0,87,142
8,3,1,0,71,143
8,0,2,0,102,144
8,0,1,0,55,145
8,2,1,0,20,146
8,2,3,1,97,147
8,2,3,1,50,148
8,3,3,1,51,149
8,1,2,0,18,150
8,1,3,1,93,151
8,1,3,1,27,152
8,2,3,1,85,153
8,2,3,1,32,154
8,1,2,1,94,155
8,1,1,0,90,156
8,1,3,1,45,157
8,3,0,0,17,158
8,1,3,1,100,159
8,0,0,0,63,160
8,0,1,0,59,161
8,1,1,0,33,162
8,0,1,0,116,163
8,3,1,0,47,164
8,0,3,1,95,165
8,2,2,0,24,166
8,0,3,1,99,167
8,3,0,0,65,168
8,1,0,0,12,169
8,0,2,0,35,170
8,1,1,0,4,171
8,0,0,0,28,172
8,3,2,1,114,173
8,1,1,0,21,174
8,2,0,0,77,175
8,3,1,0,30,176
8,0,0,0,107,177
8,3,2,0,96,178
8,2,3,1,88,179
8,0,2,0,62,180
8,0,1,0,72,181
8,3,3,1,58,182
8,3,1,0,101,183
8,3,3,1,23,184
8,2,2,0,34,185
8,2,3,1,73,186
8,1,1,0,39,187
8,2,2,1,82,188
8,3,1,0,115,189
8,3,3,1,49,190
8,1,0,0,3,191
8,3,0,0,66,192
8,3,2,1,10,193
8,3,2,1,86,194
8,2,3,1,61,195
8,1,3,1,53,196
8,3,1,0,108,197
8,3,1,0,26,198
8,3,3,1,6,199
8,2,1,0,98,200
8,0,2,0,16,201
8,0,1,0,75,202
8,0,1,0,7,203
8,0,3,1,42,204
8,1,1,0,109,205
8,2,3,1,91,206
8,2,3,1,64,207
8,1,2,0,48,208
8,0,2,1,119,209
8,0,2,1,112,210
8,0,3,1,14,211
8,0,0,0,54,212
8,1,3,0,29,213
8,1,1,0,31,214
8,0,3,1,2,215
8,2,2,0,104,216
8,3,0,0,11,217
8,0,2,0,84,218
8,2,3,1,106,219
8,3,2,1,44,220
8,2,1,0,57,221
8,3,1,0,37,222
8,2,2,1,92,223
8,2,3,1,113,224
8,3,3,1,40,225
8,1,3,1,83,226
8,2,3,1,105,227
8,2,3,1,74,228
8,2,3,1,41,229
8,0,1,0,43,230
8,2,3,1,69,231
8,3,3,1,13,232
8,1,3,1,110,233
8,3,1,0,120,234
8,0,2,1,60,235
8,2,2,1,70,236
8,2,3,1,38,237
8,1,1,0,52,238
8,1,1,0,118,239
8,2,0,0,8,240
8,0,2,0,35,241
8,2,3,1,106,242
8,0,2,0,75,243
8,2,0,0,92,244
8,3,2,1,47,245
8,1,3,1,83,246
8,2,3,0,85,247
8,3,3,1,25,248
8,3,2,0,114,249
8,1,0,0,46,250
8,0,3,1,95,251
8,0,1,0,5,252
8,2,2,1,19,253
8,3,2,1,71,254
8,3,3,1,51,255
8,1,1,0,111,256
8,1,0,0,18,257
8,0,1,0,112,258
8,2,0,0,38,259
8,1,3,1,80,260
8,3,3,1,49,261
8,1,1,0,33,262
8,1,1,0,117,263
8,3,3,1,6,264
8,0,1,0,63,265
8,2,2,0,24,266
8,3,1,0,44,267
8,2,3,1,113,268
8,0,1,0,107,269
8,1,NaN,0,29,270
8,3,2,1,108,271
8,2,2,1,61,272
8,3,0,0,23,273
8,0,2,1,42,274
8,3,2,0,86,275
8,0,0,0,62,276
8,3,0,0,40,277
8,2,1,0,32,278
8,1,1,0,94,279
8,1,1,0,52,280
8,2,2,0,34,281
8,3,1,0,30,282
8,2,2,0,64,283
8,3,0,0,66,284
8,2,0,0,98,285
8,0,0,0,43,286
8,2,1,0,57,287
8,1,1,0,48,288
8,0,2,0,99,289
8,0,2,0,76,290
8,1,3,1,36,291
8,0,1,0,28,292
8,0,1,0,84,293
8,1,2,1,15,294
8,3,1,0,11,295
8,3,2,0,87,296
8,2,0,0,73,297
8,0,0,0,54,298
8,3,2,1,10,299
8,1,0,0,22,300
8,0,1,0,55,301
8,0,3,1,67,302
8,1,0,0,12,303
8,1,0,0,4,304
8,0,3,1,79,305
8,2,3,1,69,306
8,3,1,0,37,307
8,0,3,1,7,308
8,0,1,0,102,309
8,3,3,1,13,310
8,2,2,1,82,311
8,2,2,1,77,312
8,3,1,0,81,313
8,1,2,1,110,314
8,1,0,0,118,315
8,2,3,1,89,316
8,3,1,0,17,317
8,1,2,1,39,318
8,0,2,1,72,319
8,1,3,1,45,320
8,3,3,1,101,321
8,3,2,1,26,322
8,0,3,1,2,323
8,1,3,1,100,324
8,3,1,0,65,325
8,2,3,1,97,326
8,1,3,1,93,327
8,0,3,1,59,328
8,3,3,1,58,329
8,2,3,1,91,330
8,0,1,0,119,331
8,2,0,0,104,332
8,2,1,0,8,333
8,1,2,1,90,334
8,3,1,0,115,335
8,3,2,0,56,336
8,1,1,0,31,337
8,3,1,0,96,338
8,2,0,0,74,339
8,0,1,0,60,340
8,1,2,1,27,341
8,0,3,1,14,342
8,1,1,0,3,343
8,0,0,0,16,344
8,1,0,0,68,345
8,2,0,0,20,346
8,2,3,1,88,347
8,0,3,1,103,348
8,2,3,1,41,349
8,0,1,0,1,350
8,2,3,1,9,351
8,3,3,1,78,352
8,2,3,1,70,353
8,3,0,0,120,354
8,0,1,0,116,355
8,1,3,1,53,356
8,2,3,1,105,357
8,1,3,1,21,358
8,2,3,1,50,359
8,1,NaN,0,109,360
9,1,2,1,55,1
9,2,3,1,83,2
9,2,2,1,90,3
9,1,3,1,80,4
9,2,3,1,106,5
9,2,1,0,104,6
9,1,2,1,25,7
9,2,2,1,86,8
9,0,2,1,87,9
9,0,2,1,16,10
9,3,2,1,68,11
9,1,1,1,36,12
9,3,3,1,49,13
9,2,1,0,30,14
9,0,1,0,107,15
9,2,2,1,8,16
9,1,3,1,105,17
9,0,3,1,14,18
9,0,3,1,2,19
9,3,3,1,84,20
9,0,1,0,33,21
9,1,2,0,76,22
9,3,3,1,70,23
9,3,2,1,42,24
9,1,2,1,6,25
9,3,3,1,98,26
9,0,2,1,15,27
9,3,1,1,4,28
9,2,2,1,57,29
9,3,2,1,63,30
9,2,3,1,61,31
9,2,3,1,67,32
9,3,3,1,112,33
9,3,2,1,75,34
9,0,2,1,45,35
9,1,3,1,74,36
9,3,3,1,51,37
9,2,3,1,50,38
9,1,1,0,12,39
9,1,3,1,35,40
9,0,2,1,48,41
9,0,1,0,117,42
9,3,3,1,99,43
9,0,0,0,32,44
9,1,3,1,78,45
9,3,3,1,3,46
9,2,1,1,23,47
9,0,3,1,95,48
9,1,3,1,60,49
9,1,1,0,18,50
9,2,2,1,103,51
9,0,3,1,20,52
9,0,3,1,97,53
9,3,3,1,27,54
9,2,2,1,53,55
9,3,2,1,64,56
9,0,1,1,31,57
9,3,1,0,5,58
9,3,0,0,89,59
9,0,2,1,41,60
9,3,2,1,73,61
9,2,0,0,26,62
9,0,0,0,46,63
9,0,0,0,56,64
9,3,1,1,7,65
9,2,1,1,119,66
9,1,0,0,28,67
9,3,2,1,59,68
9,2,2,1,29,69
9,0,1,0,109,70
9,2,2,1,113,71
9,0,0,0,120,72
9,3,2,1,115,73
9,1,1,0,22,74
9,2,1,0,65,75
9,2,0,0,44,76
9,2,1,1,43,77
9,1,2,1,62,78
9,1,2,1,100,79
9,1,1,1,96,80
9,0,2,1,88,81
9,0,2,1,111,82
9,1,2,1,34,83
9,2,2,1,52,84
9,3,3,1,114,85
9,0,2,1,66,86
9,2,1,1,94,87
9,3,2,1,39,88
9,0,0,0,116,89
9,2,3,1,91,90
9,2,2,1,102,91
9,1,2,1,110,92
9,3,2,1,38,93
9,2,1,1,17,94
9,3,2,1,69,95
9,1,3,1,58,96
9,3,3,1,13,97
9,0,2,1,82,98
9,1,2,1,81,99
9,0,2,1,11,100
9,1,3,1,79,101
9,0,2,1,54,102
9,2,1,1,1,103
9,2,2,1,93,104
9,0,2,1,92,105
9,1,3,1,9,106
9,1,0,1,21,107
9,1,1,0,24,108
9,3,2,1,101,109
9,3,1,1,85,110
9,1,2,1,118,111
9,0,3,0,40,112
9,1,1,0,108,113
9,3,2,1,72,114
9,1,2,1,47,115
9,3,3,1,19,116
9,2,2,1,10,117
9,1,2,1,77,118
9,0,2,0,37,119
9,2,2,1,71,120
9,2,2,1,29,121
9,0,0,0,33,122
9,0,3,1,97,123
9,2,3,1,53,124
9,3,3,1,84,125
9,1,3,1,78,126
9,1,3,1,21,127
9,3,2,1,85,128
9,2,3,0,61,129
9,3,3,1,75,130
9,1,3,0,22,131
9,2,3,1,26,132
9,3,2,0,59,133
9,3,2,1,68,134
9,0,3,1,41,135
9,1,1,0,108,136
9,1,3,1,80,137
9,3,3,1,101,138
9,2,3,1,57,139
9,3,3,1,13,140
9,2,3,1,43,141
9,3,3,1,98,142
9,3,3,1,39,143
9,2,1,0,104,144
9,2,3,1,91,145
9,0,3,1,87,146
9,2,3,1,90,147
9,0,1,0,107,148
9,1,2,1,36,149
9,0,2,1,48,150
9,2,3,1,17,151
9,0,2,1,37,152
9,0,3,1,111,153
9,0,0,0,15,154
9,1,2,1,77,155
9,1,3,1,74,156
9,2,3,1,94,157
9,0,3,1,82,158
9,3,2,1,7,159
9,2,2,0,1,160
9,3,3,1,27,161
9,3,3,1,49,162
9,0,3,1,116,163
9,0,2,0,120,164
9,1,3,1,55,165
9,2,3,1,8,166
9,2,3,1,10,167
9,2,2,1,93,168
9,1,2,1,110,169
9,1,3,1,79,170
9,1,3,1,100,171
9,0,3,1,54,172
9,1,3,1,47,173
9,2,3,1,52,174
9,0,3,1,11,175
9,2,1,0,44,176
9,3,2,1,38,177
9,1,0,0,76,178
9,1,2,1,6,179
9,0,2,1,31,180
9,2,3,1,106,181
9,0,NaN,1,95,182
9,3,3,1,63,183
9,1,2,0,24,184
9,3,2,1,115,185
9,1,2,1,62,186
9,0,2,0,109,187
9,2,3,1,30,188
9,3,3,1,99,189
9,1,0,0,28,190
9,0,2,1,88,191
9,0,2,1,66,192
9,0,0,0,46,193
9,2,3,1,103,194
9,1,2,1,96,195
9,3,3,1,64,196
9,2,2,1,86,197
9,1,3,1,105,198
9,0,2,1,40,199
9,1,3,1,60,200
9,1,3,1,118,201
9,0,3,1,92,202
9,3,3,1,72,203
9,3,3,1,51,204
9,2,3,1,119,205
9,2,3,1,71,206
9,3,2,1,69,207
9,2,3,1,113,208
9,3,3,1,114,209
9,3,3,1,42,210
9,2,3,1,83,211
9,3,3,1,5,212
9,0,3,1,2,213
9,1,2,1,35,214
9,3,3,1,73,215
9,3,3,1,3,216
9,0,2,0,56,217
9,2,3,1,67,218
9,0,3,1,117,219
9,0,2,1,32,220
9,1,2,0,12,221
9,1,3,1,58,222
9,1,3,1,9,223
9,0,3,1,20,224
9,2,0,0,65,225
9,3,3,1,19,226
9,2,3,1,102,227
9,3,2,1,89,228
9,1,2,1,25,229
9,1,2,1,34,230
9,0,3,1,14,231
9,2,NaN,1,50,232
9,2,2,1,23,233
9,1,2,1,81,234
9,3,2,1,112,235
9,3,3,1,70,236
9,1,2,1,18,237
9,3,3,1,4,238
9,0,2,1,45,239
9,0,0,0,16,240
9,2,1,1,26,241
9,2,2,1,86,242
9,2,NaN,1,50,243
9,1,2,1,81,244
9,0,2,1,31,245
9,2,3,1,57,246
9,1,3,0,12,247
9,0,3,1,92,248
9,3,NaN,0,13,249
9,0,3,1,48,250
9,0,2,1,46,251
9,0,2,1,32,252
9,2,3,1,113,253
9,3,3,1,59,254
9,3,3,1,64,255
9,1,3,1,79,256
9,3,3,1,4,257
9,2,3,1,30,258
9,0,2,1,15,259
9,2,3,1,53,260
9,1,3,1,9,261
9,2,2,0,1,262
9,2,2,1,8,263
9,2,3,1,10,264
9,2,0,0,91,265
9,1,3,1,78,266
9,3,2,1,7,267
9,2,2,1,94,268
9,1,2,1,18,269
9,0,0,0,16,270
9,0,2,1,66,271
9,1,2,1,110,272
9,3,3,1,49,273
9,3,3,1,19,274
9,3,3,1,27,275
9,0,2,0,37,276
9,0,3,1,14,277
9,2,3,1,103,278
9,2,3,1,67,279
9,1,3,1,80,280
9,2,2,1,43,281
9,2,1,0,65,282
9,3,3,1,51,283
9,0,3,1,87,284
9,0,3,1,20,285
9,1,2,0,22,286
9,3,3,1,101,287
9,0,2,1,117,288
9,1,3,1,34,289
9,1,3,1,105,290
9,1,3,1,96,291
9,1,3,1,108,292
9,1,3,1,36,293
9,3,3,1,115,294
9,3,3,1,85,295
9,1,3,1,25,296
9,3,3,1,89,297
9,2,3,1,104,298
9,2,3,1,83,299
9,3,3,1,63,300
9,0,3,1,120,301
9,2,3,1,93,302
9,1,3,1,47,303
9,0,3,1,41,304
9,2,3,1,71,305
9,2,3,1,29,306
9,1,1,0,24,307
9,3,2,1,84,308
9,3,2,1,112,309
9,3,3,1,69,310
9,3,3,1,38,311
9,0,2,0,109,312
9,2,2,1,52,313
9,1,3,1,58,314
9,3,2,1,75,315
9,0,3,1,82,316
9,1,2,1,100,317
9,0,1,1,33,318
9,3,2,1,68,319
9,1,2,1,74,320
9,0,2,1,45,321
9,3,NaN,0,98,322
9,1,2,1,35,323
9,2,1,1,44,324
9,2,2,1,17,325
9,0,3,1,2,326
9,3,3,1,70,327
9,2,2,1,90,328
9,3,2,1,39,329
9,2,2,1,23,330
9,0,2,1,95,331
9,0,2,1,40,332
9,2,2,1,102,333
9,1,3,1,60,334
9,0,3,1,97,335
9,1,2,1,6,336
9,1,2,1,77,337
9,0,2,1,111,338
9,2,3,1,106,339
9,0,2,1,116,340
9,0,1,1,107,341
9,1,2,1,62,342
9,3,2,1,99,343
9,3,2,1,72,344
9,3,3,1,5,345
9,3,2,1,42,346
9,1,2,1,118,347
9,1,1,1,21,348
9,3,2,1,73,349
9,1,0,0,28,350
9,3,3,1,114,351
9,0,2,1,56,352
9,3,3,1,3,353
9,1,1,1,76,354
9,2,1,0,61,355
9,1,2,1,55,356
9,0,2,1,54,357
9,0,2,1,11,358
9,2,2,1,119,359
9,0,3,1,88,360
10,3,3,1,44,1
10,1,3,0,65,2
10,3,3,1,81,3
10,2,3,1,8,4
10,1,3,1,21,5
10,3,3,1,34,6
10,2,3,1,23,7
10,1,3,1,61,8
10,3,3,1,74,9
10,0,3,1,92,10
10,0,3,1,20,11
10,0,3,1,33,12
10,3,3,1,105,13
10,3,3,1,56,14
10,1,3,1,112,15
10,0,3,1,79,16
10,2,3,1,29,17
10,3,3,1,103,18
10,0,3,1,19,19
10,3,3,1,46,20
10,2,3,1,71,21
10,1,3,1,59,22
10,2,3,1,7,23
10,1,3,1,6,24
10,0,3,1,67,25
10,1,3,1,78,26
10,1,3,1,96,27
10,3,3,1,48,28
10,3,3,1,106,29
10,3,3,1,17,30
10,2,3,1,107,31
10,3,3,1,88,32
10,0,3,1,85,33
10,2,3,1,95,34
10,2,3,1,60,35
10,0,3,1,10,36
10,3,3,1,28,37
10,0,3,1,70,38
10,1,3,1,30,39
10,2,3,1,26,40
10,3,3,1,114,41
10,2,3,1,14,42
10,2,3,1,32,43
10,0,3,1,52,44
10,1,3,1,12,45
10,2,3,1,87,46
10,1,3,1,90,47
10,3,3,1,111,48
10,1,1,0,63,49
10,2,3,1,64,50
10,0,3,1,41,51
10,2,3,1,25,52
10,3,2,1,104,53
10,0,1,0,91,54
10,0,3,1,62,55
10,1,3,1,83,56
10,0,3,1,97,57
10,0,3,1,68,58
10,3,1,0,76,59
10,0,3,1,39,60
10,2,3,1,113,61
10,2,3,1,31,62
10,0,3,1,75,63
10,3,3,1,9,64
10,1,3,1,110,65
10,2,3,1,15,66
10,3,2,0,119,67
10,1,3,1,11,68
10,2,3,1,115,69
10,2,3,1,118,70
10,2,3,1,102,71
10,1,3,1,93,72
10,0,3,1,53,73
10,0,3,1,3,74
10,3,3,1,66,75
10,2,3,1,38,76
10,3,3,1,50,77
10,2,3,1,4,78
10,3,3,1,101,79
10,1,3,1,84,80
10,3,3,1,1,81
10,3,3,1,49,82
10,1,3,1,77,83
10,0,3,1,117,84
10,3,3,1,16,85
10,2,3,1,47,86
10,1,3,0,57,87
10,1,3,1,108,88
10,1,1,0,120,89
10,3,3,0,22,90
10,0,3,1,100,91
10,2,3,1,86,92
10,1,1,0,69,93
10,0,3,1,58,94
10,3,3,1,24,95
10,2,3,1,45,96
10,1,3,1,5,97
10,1,3,1,99,98
10,0,3,1,82,99
10,0,3,1,51,100
10,1,3,1,40,101
10,0,3,1,43,102
10,3,3,1,36,103
10,1,3,1,73,104
10,1,3,0,98,105
10,0,3,1,27,106
10,0,3,1,94,107
10,2,2,0,54,108
10,1,3,1,80,109
10,0,2,1,37,110
10,3,2,0,109,111
10,2,3,1,72,112
10,0,3,1,13,113
10,3,3,1,18,114
10,0,3,1,42,115
10,2,3,1,89,116
10,2,3,1,116,117
10,1,3,1,35,118
10,2,3,1,2,119
10,1,1,0,55,120
10,3,3,1,16,121
10,2,3,1,29,122
10,0,3,1,68,123
10,0,3,1,82,124
10,3,3,1,106,125
10,2,3,1,15,126
10,2,3,1,64,127
10,1,0,0,63,128
10,0,3,1,79,129
10,3,3,1,24,130
10,0,3,1,94,131
10,2,3,1,14,132
10,3,3,1,88,133
10,3,2,1,119,134
10,3,3,1,18,135
10,1,3,1,80,136
10,2,3,1,23,137
10,1,3,1,110,138
10,0,3,1,13,139
10,2,3,1,31,140
10,0,3,1,27,141
10,3,3,1,46,142
10,2,3,1,47,143
10,3,3,1,101,144
10,0,3,1,10,145
10,0,3,1,91,146
10,0,3,1,51,147
10,3,1,0,76,148
10,2,3,1,60,149
10,1,3,1,112,150
10,3,3,1,28,151
10,1,3,1,78,152
10,2,3,1,72,153
10,1,1,0,69,154
10,1,3,1,93,155
10,2,3,0,116,156
10,2,3,1,86,157
10,2,3,1,113,158
10,0,3,1,58,159
10,1,3,1,108,160
10,0,3,1,75,161
10,3,3,1,49,162
10,2,3,1,7,163
10,2,3,1,2,164
10,2,3,1,4,165
10,3,0,0,66,166
10,1,3,1,96,167
10,1,3,1,90,168
10,0,3,1,62,169
10,1,3,1,84,170
10,2,1,0,26,171
10,2,3,1,32,172
10,3,3,1,1,173
10,0,3,1,117,174
10,3,3,1,44,175
10,3,3,1,9,176
10,3,3,1,111,177
10,0,3,1,70,178
10,0,1,0,43,179
10,3,3,1,50,180
10,3,3,1,36,181
10,2,3,1,8,182
10,0,3,0,3,183
10,1,3,1,35,184
10,3,3,0,22,185
10,1,3,0,98,186
10,3,3,1,103,187
10,1,NaN,1,11,188
10,2,3,1,45,189
10,1,3,1,83,190
10,1,3,0,77,191
10,3,3,1,74,192
10,2,3,1,38,193
10,3,3,0,109,194
10,2,3,1,54,195
10,1,3,1,12,196
10,3,3,1,48,197
10,0,3,1,19,198
10,1,3,1,40,199
10,1,3,1,73,200
10,0,3,1,97,201
10,1,1,0,57,202
10,0,3,1,85,203
10,3,1,0,56,204
10,2,3,1,95,205
10,1,3,1,5,206
10,1,3,1,61,207
10,1,1,0,55,208
10,2,3,1,25,209
10,3,3,1,81,210
10,3,3,1,17,211
10,3,3,1,105,212
10,0,2,1,52,213
10,2,1,0,107,214
10,3,3,1,104,215
10,1,3,1,6,216
10,1,2,0,65,217
10,0,3,1,20,218
10,3,3,1,114,219
10,0,3,1,92,220
10,2,3,1,71,221
10,2,3,1,87,222
10,3,3,1,34,223
10,0,3,1,100,224
10,0,3,1,41,225
10,0,3,1,67,226
10,2,3,1,102,227
10,1,3,1,30,228
10,2,3,1,118,229
10,0,3,1,42,230
10,2,3,1,89,231
10,1,3,1,59,232
10,0,3,1,39,233
10,1,2,0,120,234
10,0,3,1,53,235
10,1,2,0,99,236
10,1,3,1,21,237
10,0,3,0,33,238
10,2,3,1,115,239
10,0,2,1,37,240
10,3,1,0,28,241
10,1,3,1,5,242
10,3,3,1,50,243
10,1,3,1,35,244
10,3,3,1,66,245
10,3,3,0,109,246
10,0,3,1,41,247
10,2,3,1,4,248
10,0,3,1,3,249
10,0,3,1,79,250
10,0,3,1,91,251
10,2,1,0,116,252
10,2,3,1,60,253
10,0,3,1,33,254
10,2,3,1,14,255
10,0,3,1,62,256
10,0,3,1,100,257
10,3,1,0,44,258
10,1,3,1,112,259
10,0,3,1,19,260
10,3,1,0,76,261
10,0,3,1,75,262
10,2,1,0,26,263
10,1,3,1,73,264
10,0,3,1,58,265
10,1,1,0,57,266
10,2,3,1,47,267
10,3,3,1,88,268
10,1,3,1,83,269
10,0,1,0,20,270
10,0,0,0,92,271
10,2,3,1,72,272
10,3,3,1,18,273
10,0,3,1,82,274
10,3,3,1,24,275
10,0,3,1,13,276
10,1,3,1,110,277
10,1,3,1,93,278
10,2,3,1,115,279
10,3,3,1,1,280
10,1,1,0,21,281
10,2,1,0,54,282
10,3,3,1,48,283
10,3,3,1,111,284
10,3,3,1,81,285
10,1,1,0,63,286
10,0,3,1,117,287
10,1,3,0,12,288
10,3,3,1,114,289
10,1,3,1,59,290
10,1,3,1,96,291
10,1,3,1,11,292
10,3,3,1,119,293
10,3,1,0,56,294
10,2,3,1,95,295
10,2,3,1,113,296
10,3,3,1,49,297
10,0,3,1,70,298
10,0,0,0,43,299
10,2,3,1,15,300
10,1,3,1,80,301
10,1,3,1,78,302
10,2,3,1,32,303
10,0,3,1,85,304
10,3,3,1,16,305
10,3,NaN,1,105,306
10,1,3,1,108,307
10,2,3,1,71,308
10,1,3,1,40,309
10,2,3,1,25,310
10,0,3,1,51,311
10,0,3,1,42,312
10,2,3,1,89,313
10,3,1,0,101,314
10,2,3,1,8,315
10,2,3,1,23,316
10,3,1,0,74,317
10,2,3,1,2,318
10,0,0,0,94,319
10,0,2,1,37,320
10,1,3,1,98,321
10,1,3,1,61,322
10,0,3,1,53,323
10,1,3,1,6,324
10,1,1,0,120,325
10,1,1,0,90,326
10,2,3,1,102,327
10,3,3,0,22,328
10,2,1,0,118,329
10,3,3,1,106,330
10,1,3,1,99,331
10,2,3,1,7,332
10,3,3,1,34,333
10,0,3,1,52,334
10,2,3,1,45,335
10,2,3,1,87,336
10,1,3,1,55,337
10,0,3,1,67,338
10,2,3,1,86,339
10,2,3,1,29,340
10,2,3,1,64,341
10,1,3,1,69,342
10,2,3,1,31,343
10,0,3,1,10,344
10,2,3,1,38,345
10,0,3,1,39,346
10,1,1,0,65,347
10,3,3,1,17,348
10,3,3,1,46,349
10,3,3,1,36,350
10,0,3,1,97,351
10,3,3,1,104,352
10,3,3,1,103,353
10,3,3,1,9,354
10,1,3,1,84,355
10,0,3,1,68,356
10,1,3,1,77,357
10,2,1,0,107,358
10,0,3,0,27,359
10,1,1,0,30,360
11,0,3,1,55,1
11,3,2,0,112,2
11,2,3,0,62,3
11,0,3,1,63,4
11,1,3,1,119,5
11,1,3,1,120,6
11,3,3,1,33,7
11,1,3,1,31,8
11,3,3,1,111,9
11,3,3,1,102,10
11,0,3,1,18,11
11,1,3,1,23,12
11,0,3,1,93,13
11,3,3,1,38,14
11,1,2,1,104,15
11,3,3,0,70,16
11,2,3,1,97,17
11,1,3,1,99,18
11,1,3,1,9,19
11,1,3,1,36,20
11,1,3,1,17,21
11,0,2,1,40,22
11,1,3,1,117,23
11,2,1,0,82,24
11,0,1,1,80,25
11,2,3,1,39,26
11,0,2,1,81,27
11,1,3,1,79,28
11,0,3,1,11,29
11,0,3,1,73,30
11,2,1,0,37,31
11,2,0,0,92,32
11,1,0,0,54,33
11,1,3,1,42,34
11,0,0,0,10,35
11,2,2,1,75,36
11,3,3,1,57,37
11,2,1,0,5,38
11,2,2,1,30,39
11,2,1,0,19,40
11,1,0,0,1,41
11,2,1,0,24,42
11,0,1,0,35,43
11,3,2,0,85,44
11,0,2,0,47,45
11,3,3,1,13,46
11,2,3,1,41,47
11,2,2,0,2,48
11,0,3,1,27,49
11,1,3,1,67,50
11,0,2,1,90,51
11,0,3,1,59,52
11,2,3,1,72,53
11,0,3,1,87,54
11,3,2,1,6,55
11,2,3,1,89,56
11,1,3,1,74,57
11,3,3,1,61,58
11,1,1,0,95,59
11,2,3,1,45,60
11,1,3,1,114,61
11,3,2,1,108,62
11,2,2,1,100,63
11,1,1,0,26,64
11,3,0,0,32,65
11,2,3,1,88,66
11,2,2,1,43,67
11,3,1,1,21,68
11,2,0,0,65,69
11,0,1,0,20,70
11,1,0,0,76,71
11,1,1,0,7,72
11,0,0,0,66,73
11,3,2,1,103,74
11,1,1,0,56,75
11,2,3,1,64,76
11,3,3,1,105,77
11,0,3,0,29,78
11,3,3,1,106,79
11,3,3,1,116,80
11,3,0,0,44,81
11,2,3,1,49,82
11,0,3,1,71,83
11,3,3,1,25,84
11,0,1,1,48,85
11,2,1,0,3,86
11,0,1,0,8,87
11,3,2,1,51,88
11,1,2,1,52,89
11,2,2,1,15,90
11,2,3,1,84,91
11,2,3,0,14,92
11,0,3,1,113,93
11,0,3,1,58,94
11,1,3,1,50,95
11,3,1,0,12,96
11,1,3,1,77,97
11,3,2,1,60,98
11,1,0,0,118,99
11,2,2,1,68,100
11,0,3,0,86,101
11,1,3,1,46,102
11,3,1,0,78,103
11,2,2,1,115,104
11,3,2,1,91,105
11,3,2,1,98,106
11,3,1,0,69,107
11,0,1,0,16,108
11,1,0,0,4,109
11,3,0,0,28,110
11,0,0,0,83,111
11,0,0,0,109,112
11,0,2,1,53,113
11,2,1,0,22,114
11,0,0,0,107,115
11,3,0,0,96,116
11,1,2,1,110,117
11,3,2,1,94,118
11,1,1,0,101,119
11,2,2,1,34,120
11,3,2,1,69,121
11,1,1,0,1,122
11,1,3,0,114,123
11,3,3,0,78,124
11,3,3,1,51,125
11,1,2,1,74,126
11,1,2,1,99,127
11,2,2,1,49,128
11,1,1,0,104,129
11,1,1,0,76,130
11,1,3,1,9,131
11,0,3,1,58,132
11,2,3,1,97,133
11,2,3,1,89,134
11,0,3,1,20,135
11,0,1,1,40,136
11,0,1,0,109,137
11,0,0,0,11,138
11,1,2,1,110,139
11,3,1,0,25,140
11,2,3,1,39,141
11,3,2,0,112,142
11,2,1,0,24,143
11,3,1,0,85,144
11,3,2,1,38,145
11,0,1,0,107,146
11,2,3,1,45,147
11,2,2,1,34,148
11,0,1,0,35,149
11,3,2,1,94,150
11,0,1,0,90,151
11,1,1,0,120,152
11,3,1,0,33,153
11,2,1,0,75,154
11,3,2,1,61,155
11,2,2,1,2,156
11,0,2,1,10,157
11,3,3,1,60,158
11,1,3,1,119,159
11,2,3,0,14,160
11,0,3,0,55,161
11,0,2,0,16,162
11,3,3,1,6,163
11,2,3,1,64,164
11,3,3,1,98,165
11,0,3,1,8,166
11,0,3,1,53,167
11,3,3,1,116,168
11,1,1,1,4,169
11,1,1,0,42,170
11,3,0,0,12,171
11,1,2,1,52,172
11,0,1,0,86,173
11,3,3,1,91,174
11,2,1,0,62,175
11,1,2,0,56,176
11,1,0,0,46,177
11,2,0,0,92,178
11,1,3,1,79,179
11,2,3,1,88,180
11,1,2,0,117,181
11,3,2,0,106,182
11,0,1,0,81,183
11,1,1,0,23,184
11,0,1,0,59,185
11,2,2,0,3,186
11,3,3,1,103,187
11,2,3,0,19,188
11,3,1,0,21,189
11,0,1,0,66,190
11,3,3,1,57,191
11,1,3,1,118,192
11,1,3,1,50,193
11,1,3,1,67,194
11,2,3,1,100,195
11,2,1,0,82,196
11,2,3,1,41,197
11,0,3,1,113,198
11,1,3,1,101,199
11,3,3,1,105,200
11,0,3,0,29,201
11,3,1,0,28,202
11,0,3,1,47,203
11,0,3,1,87,204
11,1,0,0,26,205
11,1,3,1,77,206
11,2,1,1,22,207
11,1,3,1,95,208
11,3,3,1,111,209
11,0,3,1,93,210
11,0,3,1,48,211
11,0,3,1,83,212
11,3,3,0,70,213
11,0,3,1,27,214
11,2,3,1,43,215
11,0,1,0,63,216
11,2,3,0,5,217
11,3,3,1,13,218
11,0,3,1,18,219
11,1,3,1,36,220
11,1,3,1,17,221
11,3,3,1,108,222
11,3,3,1,32,223
11,3,3,1,102,224
11,1,3,1,31,225
11,2,3,1,115,226
11,3,3,1,44,227
11,1,3,1,54,228
11,2,3,1,37,229
11,2,3,1,30,230
11,0,3,1,73,231
11,2,3,1,72,232
11,2,3,1,84,233
11,3,1,0,96,234
11,1,1,0,7,235
11,0,2,1,80,236
11,2,3,1,65,237
11,2,3,1,15,238
11,2,3,1,68,239
11,0,3,1,71,240
11,0,1,0,66,241
11,1,3,1,31,242
11,1,1,0,104,243
11,0,1,0,109,244
11,3,1,0,69,245
11,2,3,1,39,246
11,0,1,0,93,247
11,2,1,0,65,248
11,3,1,1,33,249
11,0,3,0,29,250
11,1,3,1,1,251
11,0,3,1,83,252
11,3,2,1,112,253
11,1,3,1,7,254
11,1,3,1,56,255
11,3,3,1,6,256
11,0,3,1,55,257
11,1,3,1,17,258
11,0,3,1,90,259
11,3,3,1,102,260
11,3,3,1,61,261
11,0,3,1,18,262
11,2,3,1,75,263
11,1,1,0,54,264
11,2,0,0,92,265
11,1,3,1,9,266
11,1,3,1,67,267
11,0,3,1,27,268
11,1,3,1,119,269
11,2,3,1,3,270
11,2,3,1,97,271
11,3,3,1,108,272
11,3,3,1,106,273
11,0,2,1,80,274
11,2,3,1,89,275
11,3,3,1,25,276
11,2,3,1,88,277
11,3,3,1,105,278
11,0,3,1,58,279
11,2,3,1,49,280
11,1,3,1,117,281
11,1,3,1,52,282
11,1,3,1,79,283
11,2,2,0,19,284
11,2,2,0,24,285
11,2,3,1,30,286
11,2,3,1,84,287
11,2,3,1,43,288
11,3,3,1,13,289
11,1,3,1,36,290
11,0,3,1,73,291
11,1,3,1,101,292
11,3,2,1,51,293
11,0,3,1,59,294
11,0,3,1,47,295
11,1,3,1,118,296
11,2,1,0,82,297
11,0,3,1,10,298
11,1,3,1,50,299
11,0,3,1,11,300
11,0,3,1,53,301
11,3,3,1,111,302
11,2,3,1,115,303
11,0,3,1,113,304
11,0,2,0,35,305
11,3,2,0,28,306
11,2,3,1,2,307
11,3,3,1,98,308
11,2,3,1,15,309
11,0,3,1,16,310
11,2,3,1,72,311
11,2,3,1,41,312
11,1,3,1,76,313
11,3,3,1,21,314
11,0,3,1,48,315
11,3,3,1,38,316
11,1,3,1,74,317
11,1,3,1,23,318
11,3,3,1,60,319
11,2,3,0,14,320
11,2,3,1,68,321
11,0,1,0,40,322
11,0,0,0,107,323
11,0,3,1,87,324
11,3,2,0,12,325
11,1,1,0,120,326
11,3,NaN,1,94,327
11,1,3,1,99,328
11,2,3,1,100,329
11,1,0,0,26,330
11,0,0,0,63,331
11,2,2,1,22,332
11,2,3,1,45,333
11,3,2,0,70,334
11,3,2,1,78,335
11,1,3,1,110,336
11,3,1,0,85,337
11,1,1,1,95,338
11,0,2,1,71,339
11,3,1,0,44,340
11,2,3,1,37,341
11,2,3,0,34,342
11,1,1,0,42,343
11,0,0,0,81,344
11,1,3,1,77,345
11,0,2,1,8,346
11,2,3,1,64,347
11,3,3,1,32,348
11,1,1,0,46,349
11,0,1,0,86,350
11,3,3,1,116,351
11,2,2,0,5,352
11,0,1,0,20,353
11,3,3,1,103,354
11,2,1,0,62,355
11,1,2,1,4,356
11,3,3,0,57,357
11,1,3,0,114,358
11,3,2,1,91,359
11,3,1,0,96,360
