subject,condition,studyResp,named,whichItem,trial
1,0,3,1,118,1
1,0,2,0,68,2
1,1,3,0,47,3
1,3,3,1,95,4
1,0,3,0,24,5
1,2,3,1,86,6
1,0,3,1,71,7
1,1,3,1,16,8
1,2,3,1,91,9
1,1,3,1,115,10
1,0,3,0,7,11
1,1,3,1,33,12
1,2,3,0,109,13
1,1,3,1,30,14
1,1,3,1,65,15
1,0,3,1,45,16
1,3,3,1,6,17
1,2,3,1,64,18
1,3,3,0,62,19
1,3,3,1,110,20
1,2,3,1,114,21
1,2,3,1,102,22
1,2,3,0,3,23
1,1,3,1,56,24
1,0,2,0,111,25
1,0,3,1,20,26
1,0,1,0,80,27
1,1,3,1,39,28
1,0,3,1,108,29
1,3,3,1,15,30
1,3,3,1,1,31
1,2,3,0,106,32
1,2,2,0,37,33
1,2,3,1,31,34
1,2,3,1,85,35
1,2,2,1,104,36
1,3,3,1,93,37
1,2,3,1,46,38
1,2,1,0,66,39
1,1,2,1,84,40
1,2,3,1,61,41
1,3,2,1,32,42
1,0,2,0,8,43
1,3,3,1,51,44
1,1,1,1,25,45
1,1,2,1,100,46
1,1,2,1,90,47
1,0,3,1,98,48
1,3,3,1,72,49
1,3,3,1,79,50
1,0,3,1,107,51
1,2,3,1,28,52
1,1,1,0,73,53
1,0,3,1,48,54
1,1,3,1,34,55
1,1,3,1,82,56
1,1,3,1,113,57
1,3,1,0,81,58
1,0,3,1,112,59
1,3,3,1,38,60
1,3,3,0,27,61
1,3,3,1,54,62
1,1,3,1,89,63
1,1,3,1,99,64
1,3,3,1,40,65
1,3,3,1,19,66
1,0,3,1,17,67
1,1,3,1,116,68
1,0,3,1,49,69
1,2,3,1,97,70
1,1,3,1,42,71
1,2,3,1,88,72
1,2,3,1,23,73
1,1,3,1,105,74
1,1,3,1,94,75
1,0,3,1,60,76
1,3,3,1,74,77
1,0,3,1,117,78
1,0,3,1,75,79
1,3,3,1,58,80
1,2,3,1,44,81
1,1,3,1,21,82
1,2,3,1,18,83
1,0,1,0,63,84
1,2,3,1,50,85
1,2,3,1,13,86
1,3,3,1,55,87
1,3,3,1,70,88
1,2,3,1,12,89
1,1,3,1,5,90
1,0,2,0,101,91
1,2,3,1,103,92
1,0,2,0,96,93
1,0,3,1,57,94
1,0,3,0,22,95
1,0,3,1,52,96
1,2,2,1,26,97
1,3,3,1,35,98
1,2,3,1,69,99
1,2,3,1,11,100
1,1,3,1,36,101
1,1,3,1,43,102
1,3,3,1,78,103
1,3,3,1,87,104
1,0,3,1,14,105
1,3,3,1,4,106
1,0,3,1,10,107
1,2,3,1,2,108
1,0,3,1,83,109
1,3,3,1,67,110
1,1,3,1,29,111
1,0,3,1,77,112
1,3,3,1,53,113
1,1,3,1,120,114
1,3,3,1,76,115
1,1,3,1,41,116
1,2,3,1,9,117
1,3,3,1,119,118
1,1,3,1,59,119
1,3,3,1,92,120
1,2,NaN,0,106,121
1,0,3,1,83,122
1,0,3,1,8,123
1,2,3,1,85,124
1,0,3,0,96,125
1,1,2,0,120,126
1,1,3,1,73,127
1,2,3,1,11,128
1,1,3,1,100,129
1,3,3,1,38,130
1,0,3,1,14,131
1,0,3,1,117,132
1,3,3,1,54,133
1,2,3,0,109,134
1,1,3,1,115,135
1,2,3,1,3,136
1,2,3,1,46,137
1,3,3,1,110,138
1,1,3,1,34,139
1,3,3,1,58,140
1,0,3,1,71,141
1,3,3,1,6,142
1,0,3,1,60,143
1,2,2,0,44,144
1,1,3,1,16,145
1,1,3,1,90,146
1,1,3,1,105,147
1,3,3,1,70,148
1,0,3,1,75,149
1,1,3,1,56,150
1,1,3,1,36,151
1,1,3,1,33,152
1,1,3,1,21,153
1,1,3,1,99,154
1,0,3,1,57,155
1,0,NaN,1,17,156
1,3,3,1,32,157
1,2,3,1,23,158
1,1,3,1,43,159
1,0,3,10,7,160
1,2,3,1,9,161
1,3,3,1,1,162
1,2,3,1,18,163
1,2,3,1,69,164
1,2,3,1,104,165
1,3,3,1,93,166
1,0,2,0,22,167
1,1,3,1,42,168
1,0,3,1,68,169
1,0,3,1,10,170
1,3,3,1,27,171
1,2,3,1,114,172
1,1,3,1,113,173
1,0,3,1,80,174
1,3,3,1,35,175
1,2,3,1,2,176
1,3,3,1,55,177
1,3,3,1,4,178
1,0,3,1,49,179
1,0,3,1,45,180
1,3,3,1,72,181
1,0,3,0,24,182
1,2,3,1,86,183
1,2,3,1,66,184
1,3,3,1,19,185
1,0,3,1,77,186
1,0,3,1,111,187
1,3,3,1,74,188
1,2,3,1,28,189
1,2,3,1,26,190
1,0,3,1,98,191
1,1,3,1,94,192
1,0,3,1,112,193
1,0,3,1,52,194
1,2,3,1,91,195
1,1,3,1,65,196
1,0,3,1,107,197
1,3,3,1,79,198
1,3,3,1,15,199
1,0,0,0,63,200
1,1,1,0,30,201
1,1,2,1,25,202
1,2,2,1,102,203
1,2,2,1,97,204
1,1,2,1,116,205
1,1,2,1,82,206
1,3,2,1,62,207
1,2,2,1,50,208
1,3,2,1,81,209
1,2,2,1,88,210
1,3,2,1,67,211
1,3,2,1,78,212
1,1,2,1,39,213
1,3,2,1,40,214
1,0,2,1,20,215
1,3,2,1,51,216
1,2,2,1,13,217
1,1,2,1,84,218
1,2,2,0,12,219
1,0,2,1,108,220
1,0,0,0,101,221
1,1,2,0,47,222
1,1,2,1,41,223
1,2,1,0,37,224
1,0,2,1,118,225
1,3,2,1,53,226
1,2,2,1,61,227
1,3,0,0,119,228
1,0,1,0,48,229
1,3,2,1,95,230
1,2,2,1,64,231
1,1,1,0,5,232
1,3,2,1,92,233
1,3,2,1,76,234
1,1,3,1,29,235
1,2,2,1,103,236
1,1,2,1,59,237
1,3,1,0,87,238
1,2,2,1,31,239
1,1,2,1,89,240
1,2,2,1,91,241
1,2,2,1,85,242
1,1,2,1,116,243
1,1,1,0,120,244
1,0,2,1,14,245
1,1,2,1,56,246
1,0,2,1,10,247
1,0,2,1,24,248
1,0,2,1,108,249
1,0,2,1,112,250
1,0,2,1,20,251
1,1,2,1,82,252
1,3,2,1,1,253
1,0,2,1,117,254
1,1,2,1,29,255
1,3,2,0,54,256
1,0,2,1,71,257
1,0,2,1,98,258
1,1,2,1,39,259
1,2,2,1,11,260
1,1,2,1,43,261
1,3,2,1,27,262
1,3,2,1,58,263
1,0,1,0,101,264
1,0,2,1,75,265
1,3,2,1,40,266
1,0,2,1,49,267
1,0,1,0,96,268
1,2,2,1,66,269
1,3,2,1,32,270
1,2,2,1,61,271
1,2,1,1,46,272
1,1,2,1,73,273
1,3,2,1,4,274
1,0,1,0,118,275
1,3,2,1,35,276
1,2,2,1,114,277
1,1,2,1,105,278
1,2,2,1,31,279
1,1,2,1,100,280
1,1,2,1,42,281
1,0,2,1,80,282
1,0,1,0,48,283
1,2,1,0,86,284
1,3,2,1,38,285
1,3,2,1,93,286
1,0,1,0,22,287
1,3,1,0,74,288
1,1,2,1,115,289
1,1,1,0,16,290
1,0,1,0,45,291
1,2,2,1,88,292
1,1,2,1,59,293
1,0,2,1,52,294
1,1,1,1,36,295
1,0,1,0,57,296
1,2,2,1,103,297
1,3,2,1,76,298
1,2,2,1,64,299
1,2,2,1,2,300
1,1,2,1,30,301
1,1,2,1,113,302
1,1,1,1,5,303
1,3,2,1,92,304
1,0,1,1,107,305
1,2,2,1,102,306
1,3,2,1,67,307
1,0,2,0,63,308
1,1,2,1,94,309
1,0,2,1,8,310
1,2,2,1,18,311
1,2,1,0,109,312
1,1,2,0,89,313
1,3,2,1,51,314
1,1,1,1,99,315
1,1,2,1,21,316
1,3,1,1,81,317
1,2,2,1,50,318
1,2,2,1,26,319
1,3,1,0,119,320
1,3,2,1,6,321
1,2,2,1,69,322
1,3,2,1,78,323
1,0,2,1,83,324
1,2,3,1,13,325
1,0,2,1,68,326
1,1,2,1,33,327
1,1,1,0,84,328
1,3,2,1,62,329
1,1,2,1,25,330
1,3,2,1,79,331
1,2,1,0,44,332
1,1,2,0,47,333
1,1,2,1,41,334
1,2,2,1,9,335
1,2,2,1,104,336
1,1,2,1,90,337
1,0,2,1,77,338
1,3,2,1,72,339
1,3,2,1,87,340
1,3,2,1,55,341
1,1,2,1,34,342
1,3,2,1,19,343
1,2,2,1,28,344
1,3,3,1,70,345
1,2,2,0,12,346
1,0,2,1,17,347
1,3,2,1,110,348
1,0,1,0,7,349
1,1,1,0,65,350
1,2,2,1,3,351
1,2,2,0,37,352
1,0,2,1,60,353
1,2,2,1,23,354
1,3,2,1,15,355
1,2,2,1,106,356
1,3,2,1,95,357
1,0,2,1,111,358
1,2,2,1,97,359
1,3,2,1,53,360
2,2,2,1,47,1
2,0,2,1,106,2
2,2,3,1,54,3
2,3,3,1,3,4
2,2,2,1,6,5
2,0,3,1,67,6
2,0,2,1,81,7
2,0,3,1,33,8
2,1,3,1,25,9
2,0,2,0,86,10
2,3,3,1,34,11
2,1,3,1,116,12
2,0,3,1,118,13
2,1,3,1,69,14
2,2,2,1,84,15
2,3,2,1,35,16
2,2,3,1,58,17
2,0,2,1,113,18
2,2,2,1,28,19
2,3,3,1,110,20
2,0,2,0,104,21
2,3,3,1,45,22
2,3,3,1,50,23
2,1,3,1,26,24
2,3,3,1,55,25
2,0,3,1,88,26
2,2,3,1,82,27
2,3,3,1,112,28
2,2,3,1,95,29
2,2,2,1,36,30
2,0,3,1,74,31
2,2,3,1,89,32
2,2,2,0,1,33
2,3,3,1,27,34
2,2,2,0,46,35
2,0,2,1,40,36
2,2,2,1,73,37
2,3,2,1,103,38
2,3,2,0,109,39
2,0,3,1,111,40
2,1,3,1,96,41
2,3,3,1,31,42
2,2,3,1,80,43
2,2,3,1,98,44
2,0,3,1,61,45
2,1,3,1,44,46
2,0,3,1,99,47
2,1,3,1,14,48
2,3,3,1,4,49
2,0,3,1,57,50
2,3,3,1,16,51
2,2,2,1,8,52
2,1,3,1,92,53
2,3,2,0,22,54
2,1,3,1,70,55
2,3,3,1,75,56
2,2,3,1,51,57
2,2,3,1,32,58
2,1,3,1,97,59
2,2,3,1,105,60
2,1,2,1,94,61
2,1,3,1,30,62
2,1,3,1,39,63
2,2,3,1,9,64
2,3,3,1,23,65
2,3,3,1,77,66
2,0,3,1,15,67
2,1,3,1,117,68
2,2,3,1,76,69
2,1,3,1,85,70
2,3,3,1,87,71
2,1,3,1,20,72
2,0,2,0,119,73
2,0,3,1,41,74
2,2,3,1,48,75
2,0,3,1,10,76
2,2,3,1,91,77
2,0,3,1,52,78
2,3,3,1,18,79
2,3,3,1,49,80
2,3,3,1,60,81
2,1,3,1,21,82
2,1,3,1,65,83
2,2,2,1,43,84
2,1,3,1,64,85
2,0,3,1,12,86
2,3,3,1,107,87
2,3,3,1,13,88
2,3,3,1,102,89
2,0,3,1,11,90
2,2,3,1,115,91
2,3,3,1,71,92
2,1,3,1,78,93
2,1,3,1,56,94
2,0,3,1,63,95
2,1,3,1,100,96
2,3,3,1,38,97
2,0,3,1,19,98
2,2,3,1,66,99
2,2,3,1,79,100
2,1,3,1,90,101
2,0,3,1,59,102
2,1,3,1,2,103
2,3,3,1,7,104
2,1,3,1,29,105
2,1,3,1,62,106
2,3,3,1,24,107
2,1,3,1,17,108
2,0,3,1,5,109
2,1,3,1,108,110
2,0,3,1,114,111
2,2,3,1,83,112
2,2,3,1,42,113
2,2,3,1,93,114
2,3,3,1,37,115
2,1,3,1,120,116
2,1,3,1,68,117
2,0,3,1,72,118
2,0,3,1,101,119
2,0,3,1,53,120
2,3,3,1,112,121
2,1,3,1,92,122
2,0,3,0,12,123
2,3,3,1,107,124
2,1,3,1,78,125
2,0,3,1,113,126
2,0,3,1,81,127
2,3,3,1,103,128
2,3,3,1,75,129
2,1,3,1,108,130
2,3,3,1,23,131
2,0,3,1,74,132
2,2,3,1,76,133
2,1,3,1,69,134
2,0,3,1,15,135
2,0,3,1,104,136
2,1,3,1,68,137
2,1,3,1,70,138
2,1,3,1,94,139
2,3,3,1,3,140
2,0,3,1,52,141
2,1,3,1,100,142
2,0,3,1,63,143
2,0,3,1,41,144
2,0,3,1,106,145
2,2,3,1,73,146
2,0,3,1,53,147
2,1,3,1,117,148
2,0,3,1,57,149
2,2,3,1,28,150
2,2,3,1,91,151
2,1,3,1,120,152
2,1,3,1,90,153
2,2,3,1,58,154
2,1,3,1,64,155
2,2,3,1,1,156
2,3,3,1,87,157
2,0,3,1,86,158
2,3,3,1,50,159
2,2,3,1,36,160
2,1,3,1,62,161
2,1,3,1,29,162
2,2,3,1,115,163
2,3,3,1,18,164
2,3,3,1,45,165
2,3,3,1,35,166
2,2,3,1,43,167
2,2,3,1,83,168
2,0,3,1,33,169
2,0,3,1,10,170
2,3,3,1,38,171
2,3,3,1,71,172
2,2,3,1,98,173
2,1,3,1,65,174
2,0,3,1,101,175
2,0,3,1,118,176
2,0,3,1,19,177
2,0,3,1,59,178
2,2,3,1,84,179
2,3,3,1,13,180
2,3,3,0,109,181
2,2,3,1,9,182
2,2,3,1,89,183
2,3,3,1,77,184
2,3,3,1,4,185
2,2,3,1,32,186
2,3,3,1,55,187
2,1,3,1,17,188
2,3,3,1,49,189
2,0,3,1,11,190
2,3,3,1,37,191
2,3,3,1,7,192
2,1,3,1,30,193
2,0,3,1,40,194
2,0,3,1,72,195
2,3,3,1,110,196
2,1,3,1,26,197
2,2,3,1,51,198
2,3,3,1,34,199
2,2,2,1,8,200
2,0,3,1,61,201
2,1,3,1,20,202
2,3,2,0,22,203
2,3,2,1,60,204
2,2,2,0,93,205
2,0,2,1,67,206
2,1,2,0,85,207
2,2,3,1,79,208
2,1,3,1,21,209
2,1,2,1,116,210
2,1,2,1,25,211
2,2,2,1,6,212
2,2,3,1,47,213
2,2,2,1,54,214
2,0,2,1,5,215
2,3,3,1,27,216
2,3,2,1,31,217
2,0,3,1,88,218
2,1,2,1,39,219
2,3,2,1,24,220
2,2,2,1,95,221
2,1,2,0,56,222
2,2,1,1,46,223
2,3,1,0,16,224
2,2,2,1,80,225
2,0,2,1,111,226
2,3,2,1,102,227
2,2,3,1,105,228
2,2,2,1,42,229
2,0,1,0,119,230
2,0,2,1,114,231
2,2,2,1,82,232
2,2,2,1,48,233
2,1,2,1,97,234
2,2,2,1,66,235
2,1,1,1,96,236
2,1,3,1,2,237
2,1,1,1,44,238
2,1,NaN,1,14,239
2,0,2,1,99,240
2,1,2,1,21,241
2,1,2,1,39,242
2,0,2,1,72,243
2,0,2,0,10,244
2,2,2,1,83,245
2,2,2,1,95,246
2,1,1,1,92,247
2,1,2,1,100,248
2,0,0,0,63,249
2,0,2,1,81,250
2,1,2,0,20,251
2,1,1,1,96,252
2,3,1,0,109,253
2,0,1,1,52,254
2,3,1,1,7,255
2,1,1,1,25,256
2,3,1,1,50,257
2,1,1,0,26,258
2,0,1,1,99,259
2,3,1,1,4,260
2,3,1,1,112,261
2,1,1,1,85,262
2,3,2,1,3,263
2,0,1,1,11,264
2,3,1,1,24,265
2,2,2,1,58,266
2,1,1,1,94,267
2,2,1,1,28,268
2,3,2,1,45,269
2,2,2,1,47,270
2,0,1,1,74,271
2,3,1,1,31,272
2,0,3,0,119,273
2,2,2,1,6,274
2,1,1,1,78,275
2,1,3,1,97,276
2,0,2,1,33,277
2,3,2,1,77,278
2,2,2,1,79,279
2,2,2,1,8,280
2,3,1,1,110,281
2,1,2,1,30,282
2,2,1,1,51,283
2,3,1,1,75,284
2,2,2,1,46,285
2,1,2,1,117,286
2,2,2,1,54,287
2,1,2,1,70,288
2,1,3,1,69,289
2,0,3,1,88,290
2,1,2,1,65,291
2,2,2,1,93,292
2,0,2,1,114,293
2,0,2,1,5,294
2,2,2,1,73,295
2,1,2,1,108,296
2,3,2,0,22,297
2,2,2,1,98,298
2,0,2,0,86,299
2,2,2,1,105,300
2,1,2,1,14,301
2,0,2,1,67,302
2,1,2,1,17,303
2,3,1,0,16,304
2,2,1,0,76,305
2,0,1,1,40,306
2,3,2,1,60,307
2,2,2,1,89,308
2,0,2,1,53,309
2,3,2,1,13,310
2,3,1,1,71,311
2,0,1,1,104,312
2,1,2,1,29,313
2,3,1,1,87,314
2,2,2,1,115,315
2,2,1,1,1,316
2,3,1,1,37,317
2,2,1,1,66,318
2,3,1,1,107,319
2,3,1,1,27,320
2,0,1,0,12,321
2,0,2,1,118,322
2,2,2,1,36,323
2,2,2,1,91,324
2,2,2,1,42,325
2,3,2,1,23,326
2,2,2,1,43,327
2,2,3,1,80,328
2,1,3,1,90,329
2,3,3,1,18,330
2,3,3,1,49,331
2,3,3,1,55,332
2,1,3,0,56,333
2,0,3,1,106,334
2,1,2,1,116,335
2,3,3,1,103,336
2,1,2,1,64,337
2,0,2,1,19,338
2,2,1,1,48,339
2,3,1,1,38,340
2,0,3,1,61,341
2,0,2,1,15,342
2,0,3,1,111,343
2,0,1,0,59,344
2,1,1,1,120,345
2,3,2,1,34,346
2,1,3,1,2,347
2,0,3,1,57,348
2,3,3,1,102,349
2,2,3,1,32,350
2,1,2,1,62,351
2,2,2,1,82,352
2,0,2,1,113,353
2,2,3,1,9,354
2,3,3,1,35,355
2,0,3,1,101,356
2,0,3,1,41,357
2,1,2,1,44,358
2,2,3,1,84,359
2,1,1,0,68,360
3,2,3,1,79,1
3,3,3,1,77,2
3,1,3,1,100,3
3,3,2,1,29,4
3,2,1,0,72,5
3,0,1,0,107,6
3,2,3,1,105,7
3,2,1,0,40,8
3,3,2,1,98,9
3,2,1,0,70,10
3,0,0,0,69,11
3,1,3,1,78,12
3,1,2,1,82,13
3,0,1,0,64,14
3,3,1,0,112,15
3,3,1,0,16,16
3,2,2,1,110,17
3,0,1,0,68,18
3,3,3,1,27,19
3,2,2,1,36,20
3,1,3,1,39,21
3,0,2,1,6,22
3,2,1,0,118,23
3,2,1,0,96,24
3,0,1,0,38,25
3,0,2,1,80,26
3,0,1,0,50,27
3,1,2,0,86,28
3,0,2,1,42,29
3,0,0,0,52,30
3,3,1,0,10,31
3,3,3,1,53,32
3,0,2,0,119,33
3,0,1,0,101,34
3,1,1,0,74,35
3,2,1,0,73,36
3,3,1,0,90,37
3,3,2,0,21,38
3,3,3,1,61,39
3,0,1,0,93,40
3,1,1,0,89,41
3,1,1,0,116,42
3,1,2,0,19,43
3,0,0,0,12,44
3,2,2,1,60,45
3,2,1,0,108,46
3,2,2,1,85,47
3,3,0,0,63,48
3,1,0,0,24,49
3,2,2,1,14,50
3,1,2,1,23,51
3,3,1,0,2,52
3,3,1,0,7,53
3,1,3,1,51,54
3,1,1,0,33,55
3,3,1,0,95,56
3,3,3,0,114,57
3,3,1,0,18,58
3,0,0,0,25,59
3,1,1,0,113,60
3,0,1,0,48,61
3,2,0,0,56,62
3,3,1,0,65,63
3,1,2,0,30,64
3,3,1,0,5,65
3,0,2,0,59,66
3,3,1,0,120,67
3,2,1,0,31,68
3,3,1,0,54,69
3,3,1,0,20,70
3,0,1,0,41,71
3,0,1,0,87,72
3,0,1,0,1,73
3,2,3,1,17,74
3,1,3,1,45,75
3,3,3,1,97,76
3,1,3,0,67,77
3,3,1,0,4,78
3,0,3,1,49,79
3,1,0,0,28,80
3,2,1,0,111,81
3,0,3,1,58,82
3,1,3,1,88,83
3,2,2,1,103,84
3,2,1,0,15,85
3,0,2,0,117,86
3,3,1,0,3,87
3,2,1,0,47,88
3,1,1,0,75,89
3,1,0,0,81,90
3,1,1,0,115,91
3,1,3,1,35,92
3,2,1,0,55,93
3,1,1,0,84,94
3,2,3,1,34,95
3,1,1,0,94,96
3,2,0,0,66,97
3,2,3,1,99,98
3,2,2,1,91,99
3,1,3,1,57,100
3,1,0,0,11,101
3,2,1,0,43,102
3,3,3,1,8,103
3,3,1,0,76,104
3,0,1,0,37,105
3,2,3,1,102,106
3,3,2,1,62,107
3,0,2,1,13,108
3,2,0,0,104,109
3,0,3,1,71,110
3,1,0,0,46,111
3,3,2,0,32,112
3,1,1,0,44,113
3,0,1,0,106,114
3,0,0,0,26,115
3,3,3,1,9,116
3,0,2,0,109,117
3,1,1,0,92,118
3,2,1,0,83,119
3,0,1,0,22,120
3,3,3,1,97,121
3,2,1,0,96,122
3,0,3,1,42,123
3,2,3,1,111,124
3,0,1,0,68,125
3,0,3,1,80,126
3,0,1,0,1,127
3,1,3,1,82,128
3,1,3,1,67,129
3,1,3,1,45,130
3,3,3,1,112,131
3,0,3,1,59,132
3,3,2,0,5,133
3,3,3,0,90,134
3,3,3,1,120,135
3,2,3,1,14,136
3,0,3,1,64,137
3,1,2,0,92,138
3,2,3,1,103,139
3,3,1,0,54,140
3,3,3,1,29,141
3,0,0,0,25,142
3,0,2,0,119,143
3,3,2,0,95,144
3,0,1,0,109,145
3,2,0,0,72,146
3,1,1,0,44,147
3,0,2,0,117,148
3,0,3,1,6,149
3,0,1,0,69,150
3,2,3,1,60,151
3,3,3,1,4,152
3,0,3,1,49,153
3,2,3,1,108,154
3,3,3,1,77,155
3,3,0,0,76,156
3,2,3,1,83,157
3,1,3,1,116,158
3,3,3,1,9,159
3,3,3,1,27,160
3,2,3,1,36,161
3,2,3,1,73,162
3,3,3,1,7,163
3,2,0,0,104,164
3,1,3,1,75,165
3,2,3,1,43,166
3,3,1,0,3,167
3,1,0,0,46,168
3,1,3,1,74,169
3,2,1,0,15,170
3,1,3,1,94,171
3,1,3,1,11,172
3,1,3,1,78,173
3,2,3,1,34,174
3,2,1,0,55,175
3,2,0,0,56,176
3,2,3,1,99,177
3,2,0,0,66,178
3,0,1,0,107,179
3,1,2,0,24,180
3,3,3,0,61,181
3,1,3,1,23,182
3,2,3,1,85,183
3,0,3,1,41,184
3,0,3,1,106,185
3,0,3,1,13,186
3,0,3,1,101,187
3,3,0,0,63,188
3,0,3,1,71,189
3,3,0,0,20,190
3,3,3,1,16,191
3,0,3,1,58,192
3,2,2,1,91,193
3,2,3,1,110,194
3,0,3,1,87,195
3,1,3,1,39,196
3,1,3,1,81,197
3,1,3,1,89,198
3,1,3,1,19,199
3,2,3,1,105,200
3,1,3,1,35,201
3,1,3,1,51,202
3,1,3,1,100,203
3,3,3,1,65,204
3,1,3,1,84,205
3,0,3,1,50,206
3,0,2,1,93,207
3,2,3,1,79,208
3,3,3,1,32,209
3,3,3,1,114,210
3,2,3,1,47,211
3,2,3,1,70,212
3,3,3,1,98,213
3,3,3,1,2,214
3,2,3,1,31,215
3,0,3,1,48,216
3,1,3,1,30,217
3,0,2,1,22,218
3,2,3,1,40,219
3,0,2,1,38,220
3,3,3,1,8,221
3,0,2,1,12,222
3,1,3,1,86,223
3,3,3,1,10,224
3,2,3,1,102,225
3,3,3,1,21,226
3,3,3,1,53,227
3,1,3,1,113,228
3,3,3,1,62,229
3,1,0,0,28,230
3,2,3,1,17,231
3,0,2,0,52,232
3,2,0,0,118,233
3,0,1,0,37,234
3,1,3,1,88,235
3,1,3,1,33,236
3,1,3,1,57,237
3,1,3,1,115,238
3,3,3,1,18,239
3,0,2,0,26,240
3,1,3,1,82,241
3,1,2,1,92,242
3,2,0,0,66,243
3,0,2,1,12,244
3,2,3,1,14,245
3,2,1,0,118,246
3,1,3,1,19,247
3,0,3,1,58,248
3,2,3,1,102,249
3,3,3,1,7,250
3,1,1,0,28,251
3,0,1,0,71,252
3,3,3,1,27,253
3,3,3,1,76,254
3,3,3,1,63,255
3,3,3,0,61,256
3,2,3,1,34,257
3,0,1,0,52,258
3,2,3,1,17,259
3,0,2,1,69,260
3,1,3,1,116,261
3,0,3,1,25,262
3,0,3,1,93,263
3,2,3,1,83,264
3,1,3,1,115,265
3,1,3,1,33,266
3,0,2,1,38,267
3,2,3,1,73,268
3,1,3,1,30,269
3,2,3,1,31,270
3,1,3,1,94,271
3,2,3,1,110,272
3,3,3,1,53,273
3,2,3,1,105,274
3,2,3,1,43,275
3,3,2,0,54,276
3,3,3,1,77,277
3,2,3,1,60,278
3,3,3,1,16,279
3,0,3,1,49,280
3,1,3,1,67,281
3,1,3,1,11,282
3,1,3,1,100,283
3,2,3,1,99,284
3,0,3,1,117,285
3,3,3,1,4,286
3,2,3,1,72,287
3,1,3,1,78,288
3,2,3,1,47,289
3,3,3,1,8,290
3,0,3,1,119,291
3,2,3,1,15,292
3,0,3,1,50,293
3,0,3,1,13,294
3,1,3,1,89,295
3,2,3,1,55,296
3,3,3,1,32,297
3,0,3,1,48,298
3,3,3,1,3,299
3,3,3,1,114,300
3,1,3,1,74,301
3,1,3,1,24,302
3,0,3,1,68,303
3,2,3,1,111,304
3,1,3,1,45,305
3,1,3,1,84,306
3,2,3,1,40,307
3,3,3,1,29,308
3,0,3,1,59,309
3,2,3,1,103,310
3,3,3,1,120,311
3,3,1,0,20,312
3,1,3,1,75,313
3,1,3,1,23,314
3,0,3,1,101,315
3,0,3,1,37,316
3,3,3,1,2,317
3,2,3,1,108,318
3,0,1,0,22,319
3,1,3,1,88,320
3,3,3,1,9,321
3,2,3,1,56,322
3,3,3,1,10,323
3,1,3,1,86,324
3,1,3,1,57,325
3,3,3,1,5,326
3,1,3,1,35,327
3,1,3,1,51,328
3,2,3,1,79,329
3,3,3,1,98,330
3,3,3,1,90,331
3,0,1,0,26,332
3,0,3,1,41,333
3,1,3,1,39,334
3,1,3,1,44,335
3,2,3,1,96,336
3,3,3,1,18,337
3,1,3,1,113,338
3,0,1,0,1,339
3,2,3,1,91,340
3,3,3,1,21,341
3,0,3,1,6,342
3,0,1,0,64,343
3,3,3,1,95,344
3,3,2,1,62,345
3,2,0,0,104,346
3,1,0,0,81,347
3,3,3,1,97,348
3,0,3,1,42,349
3,2,3,1,85,350
3,0,3,1,80,351
3,1,3,1,46,352
3,0,1,0,109,353
3,2,3,1,70,354
3,2,3,1,36,355
3,3,3,1,112,356
3,0,3,1,107,357
3,3,3,1,65,358
3,0,3,1,106,359
3,0,3,1,87,360
4,3,3,1,81,1
4,1,3,1,27,2
4,0,3,1,106,3
4,2,3,1,36,4
4,0,3,1,118,5
4,3,3,1,70,6
4,3,3,1,58,7
4,1,3,1,100,8
4,2,3,1,2,9
4,3,3,1,8,10
4,3,3,1,43,11
4,2,3,1,41,12
4,0,3,1,111,13
4,0,3,1,119,14
4,2,3,1,5,15
4,0,3,1,69,16
4,2,3,1,35,17
4,0,2,0,37,18
4,1,3,1,66,19
4,2,3,1,78,20
4,1,2,0,60,21
4,3,3,1,86,22
4,2,3,1,93,23
4,2,3,1,83,24
4,0,3,1,65,25
4,3,3,1,13,26
4,1,2,0,101,27
4,0,3,1,11,28
4,3,3,1,40,29
4,2,3,1,47,30
4,1,2,0,112,31
4,2,3,1,38,32
4,3,3,1,21,33
4,1,3,1,108,34
4,0,2,0,7,35
4,3,2,0,96,36
4,2,2,1,48,37
4,1,2,0,26,38
4,1,3,1,77,39
4,0,2,1,87,40
4,1,3,1,85,41
4,0,3,1,45,42
4,0,2,0,14,43
4,2,3,1,113,44
4,2,0,0,56,45
4,0,3,0,89,46
4,3,3,1,19,47
4,2,0,0,104,48
4,0,2,0,30,49
4,2,2,1,24,50
4,1,3,1,99,51
4,2,2,0,63,52
4,2,2,0,3,53
4,3,2,0,84,54
4,0,2,1,68,55
4,0,2,1,52,56
4,0,2,1,98,57
4,0,2,0,29,58
4,3,2,1,61,59
4,3,2,1,51,60
4,3,3,1,34,61
4,1,2,0,88,62
4,0,2,1,73,63
4,2,3,1,67,64
4,3,3,1,39,65
4,0,2,1,4,66
4,1,2,0,42,67
4,2,2,1,94,68
4,2,2,0,28,69
4,1,1,0,44,70
4,3,2,0,116,71
4,1,2,1,105,72
4,3,3,1,115,73
4,0,2,1,31,74
4,3,2,1,91,75
4,2,1,0,109,76
4,2,2,1,79,77
4,0,1,0,75,78
4,0,1,0,76,79
4,3,2,1,72,80
4,1,0,0,12,81
4,2,2,1,49,82
4,2,2,0,32,83
4,1,2,0,64,84
4,1,2,0,62,85
4,3,1,0,15,86
4,1,2,1,33,87
4,2,2,0,17,88
4,1,1,0,16,89
4,1,1,0,54,90
4,1,2,1,110,91
4,1,1,0,90,92
4,3,2,0,71,93
4,0,1,0,57,94
4,2,2,0,20,95
4,0,2,0,120,96
4,0,2,1,103,97
4,1,2,1,53,98
4,3,2,1,95,99
4,2,1,0,102,100
4,3,2,0,80,101
4,3,1,0,74,102
4,2,1,0,1,103
4,3,1,0,92,104
4,1,1,0,22,105
4,1,1,0,55,106
4,3,1,0,18,107
4,1,2,1,9,108
4,0,1,0,23,109
4,1,2,1,25,110
4,0,1,0,117,111
4,3,1,0,10,112
4,1,2,1,97,113
4,3,2,1,82,114
4,2,2,0,50,115
4,1,2,1,59,116
4,3,1,0,46,117
4,2,2,0,114,118
4,0,1,0,107,119
4,0,2,1,6,120
4,1,2,1,77,121
4,3,2,0,116,122
4,1,2,0,16,123
4,0,2,0,23,124
4,2,1,0,50,125
4,3,3,1,58,126
4,0,2,1,4,127
4,3,3,0,95,128
4,2,2,1,94,129
4,3,2,1,72,130
4,0,2,0,118,131
4,1,1,1,90,132
4,0,2,1,11,133
4,0,2,0,107,134
4,2,2,1,79,135
4,2,2,1,5,136
4,1,2,0,64,137
4,1,3,1,60,138
4,0,2,1,98,139
4,2,2,0,109,140
4,2,2,1,47,141
4,3,3,0,80,142
4,1,3,1,97,143
4,0,2,0,76,144
4,0,2,0,120,145
4,0,3,1,45,146
4,3,2,1,61,147
4,3,2,0,39,148
4,0,2,0,87,149
4,2,2,0,32,150
4,2,3,1,78,151
4,1,2,1,108,152
4,1,2,1,110,153
4,1,2,0,101,154
4,3,3,1,13,155
4,1,1,0,54,156
4,2,3,1,35,157
4,0,3,0,89,158
4,0,2,0,65,159
4,2,2,0,1,160
4,3,2,1,91,161
4,2,2,1,17,162
4,0,2,1,31,163
4,1,2,0,42,164
4,0,2,0,119,165
4,3,2,1,70,166
4,0,2,0,73,167
4,2,2,1,67,168
4,0,2,0,37,169
4,3,2,1,21,170
4,2,2,0,36,171
4,2,2,0,63,172
4,1,2,1,25,173
4,3,2,0,81,174
4,0,2,0,111,175
4,1,2,0,22,176
4,2,2,0,20,177
4,2,2,1,49,178
4,0,2,1,52,179
4,0,2,0,57,180
4,3,2,0,46,181
4,1,2,1,27,182
4,1,2,0,12,183
4,0,2,0,30,184
4,3,2,0,71,185
4,2,2,1,83,186
4,0,2,0,6,187
4,2,2,1,2,188
4,1,2,0,44,189
4,2,2,0,56,190
4,3,2,0,10,191
4,3,2,0,18,192
4,0,2,0,69,193
4,3,2,1,8,194
4,3,2,1,51,195
4,2,2,1,113,196
4,1,2,0,62,197
4,1,2,1,88,198
4,2,2,0,48,199
4,0,2,0,29,200
4,2,2,0,93,201
4,0,2,1,106,202
4,3,2,0,96,203
4,2,2,0,104,204
4,1,2,0,66,205
4,3,2,1,40,206
4,1,2,0,112,207
4,0,2,0,75,208
4,0,2,0,68,209
4,1,3,1,100,210
4,0,2,0,7,211
4,3,2,1,82,212
4,2,2,0,24,213
4,2,2,1,3,214
4,3,2,1,34,215
4,3,2,1,84,216
4,1,3,1,85,217
4,3,3,1,43,218
4,1,3,1,55,219
4,1,3,1,26,220
4,2,3,1,114,221
4,1,3,1,33,222
4,0,3,1,14,223
4,1,3,1,59,224
4,3,3,1,15,225
4,1,3,1,9,226
4,2,3,1,28,227
4,3,3,1,19,228
4,1,3,1,53,229
4,2,3,1,41,230
4,2,3,1,102,231
4,3,3,1,86,232
4,0,3,1,117,233
4,1,3,1,105,234
4,3,3,1,92,235
4,0,3,1,103,236
4,3,3,1,74,237
4,3,3,1,115,238
4,1,3,1,99,239
4,2,3,1,38,240
4,1,3,1,112,241
4,0,3,1,73,242
4,3,3,1,91,243
4,1,3,1,16,244
4,1,3,1,44,245
4,0,3,1,87,246
4,2,3,1,113,247
4,0,3,1,119,248
4,3,2,1,8,249
4,0,2,0,37,250
4,3,3,1,115,251
4,2,3,1,38,252
4,0,3,1,69,253
4,2,3,1,50,254
4,2,3,1,94,255
4,2,3,1,104,256
4,1,3,1,9,257
4,1,3,1,77,258
4,3,3,1,58,259
4,2,2,0,109,260
4,3,3,1,84,261
4,2,3,1,78,262
4,1,2,0,22,263
4,1,3,1,33,264
4,2,3,1,17,265
4,2,3,0,24,266
4,1,3,1,25,267
4,0,3,1,98,268
4,3,3,1,43,269
4,1,3,1,62,270
4,0,2,0,65,271
4,3,3,1,39,272
4,1,3,1,90,273
4,2,3,0,20,274
4,0,2,0,52,275
4,0,3,1,11,276
4,3,3,1,13,277
4,3,3,1,74,278
4,2,3,1,32,279
4,3,2,1,71,280
4,3,3,1,51,281
4,2,3,1,2,282
4,3,3,0,80,283
4,3,3,1,46,284
4,2,3,1,93,285
4,0,2,0,68,286
4,3,2,1,70,287
4,2,3,1,48,288
4,0,3,1,45,289
4,0,2,0,107,290
4,2,2,1,79,291
4,1,2,0,66,292
4,3,2,1,15,293
4,1,2,0,60,294
4,2,2,1,41,295
4,3,2,1,82,296
4,0,2,0,76,297
4,1,2,0,54,298
4,1,2,0,101,299
4,0,2,0,23,300
4,2,2,1,83,301
4,0,2,0,117,302
4,3,2,1,72,303
4,2,2,0,56,304
4,3,2,1,34,305
4,1,2,1,97,306
4,2,2,1,49,307
4,1,2,1,85,308
4,1,2,0,64,309
4,3,2,0,116,310
4,0,2,1,103,311
4,0,2,0,89,312
4,3,2,1,86,313
4,1,2,0,88,314
4,0,2,0,75,315
4,2,2,0,1,316
4,3,2,1,18,317
4,3,2,1,40,318
4,3,2,1,92,319
4,0,2,1,31,320
4,0,2,1,29,321
4,0,2,1,30,322
4,2,2,1,5,323
4,0,2,1,111,324
4,0,2,1,6,325
4,0,2,1,118,326
4,1,2,1,100,327
4,1,3,1,110,328
4,1,2,0,42,329
4,3,2,1,19,330
4,1,2,1,55,331
4,2,3,1,63,332
4,0,3,1,14,333
4,1,3,1,53,334
4,2,3,1,28,335
4,1,3,1,59,336
4,2,3,1,3,337
4,2,3,1,36,338
4,2,3,1,102,339
4,0,3,1,57,340
4,1,2,1,12,341
4,2,3,1,47,342
4,0,3,1,4,343
4,3,3,1,81,344
4,3,3,1,21,345
4,1,3,1,27,346
4,1,3,1,105,347
4,3,2,1,96,348
4,1,3,1,99,349
4,2,3,1,67,350
4,3,2,1,61,351
4,1,3,1,108,352
4,3,3,1,95,353
4,3,3,1,10,354
4,0,2,0,120,355
4,2,3,1,114,356
4,1,3,1,26,357
4,0,2,1,106,358
4,0,2,1,7,359
4,2,3,1,35,360
5,3,3,1,49,1
5,2,3,1,70,2
5,1,3,1,45,3
5,0,3,1,28,4
5,3,2,0,87,5
5,0,3,1,2,6
5,1,3,0,93,7
5,0,2,0,63,8
5,2,3,1,73,9
5,2,3,1,69,10
5,3,3,1,51,11
5,1,3,1,80,12
5,0,2,1,119,13
5,1,2,0,111,14
5,1,3,1,36,15
5,2,3,1,64,16
5,2,3,1,41,17
5,0,2,1,43,18
5,0,1,0,84,19
5,0,2,0,107,20
5,3,3,1,25,21
5,3,3,1,71,22
5,2,1,0,24,23
5,1,3,1,53,24
5,3,3,1,6,25
5,1,3,1,21,26
5,1,2,0,39,27
5,0,2,0,76,28
5,1,2,0,90,29
5,1,2,0,12,30
5,3,2,1,108,31
5,1,3,1,118,32
5,2,2,0,50,33
5,1,3,1,100,34
5,1,2,0,48,35
5,0,1,0,62,36
5,0,2,0,72,37
5,0,1,0,55,38
5,3,2,0,17,39
5,1,1,0,4,40
5,1,2,0,33,41
5,1,2,0,117,42
5,0,1,0,54,43
5,2,1,0,113,44
5,2,3,1,97,45
5,3,1,1,66,46
5,1,2,0,52,47
5,1,2,0,109,48
5,3,3,1,44,49
5,0,1,1,112,50
5,2,3,1,89,51
5,0,1,0,1,52
5,2,2,1,82,53
5,2,3,1,91,54
5,0,2,0,75,55
5,1,3,1,3,56
5,3,2,0,65,57
5,1,2,1,22,58
5,2,3,0,98,59
5,0,3,1,103,60
5,2,2,0,85,61
5,3,2,0,120,62
5,3,3,0,56,63
5,2,1,0,57,64
5,2,3,1,20,65
5,3,3,1,11,66
5,0,3,1,99,67
5,2,3,0,34,68
5,3,1,0,96,69
5,0,3,1,42,70
5,2,2,1,88,71
5,0,3,1,95,72
5,0,2,1,7,73
5,3,0,0,26,74
5,1,3,1,15,75
5,2,3,1,61,76
5,0,2,0,60,77
5,3,2,0,86,78
5,1,3,1,27,79
5,2,2,0,8,80
5,2,3,1,9,81
5,3,1,0,10,82
5,2,2,0,77,83
5,1,1,0,68,84
5,1,2,0,46,85
5,2,3,1,105,86
5,2,3,1,106,87
5,3,1,0,37,88
5,2,2,0,19,89
5,0,1,0,116,90
5,3,1,0,47,91
5,1,1,0,29,92
5,3,2,0,81,93
5,0,2,1,35,94
5,0,1,0,16,95
5,3,2,0,114,96
5,2,2,0,74,97
5,0,1,0,102,98
5,3,3,1,40,99
5,2,1,0,104,100
5,3,3,1,115,101
5,2,3,1,38,102
5,0,3,1,67,103
5,3,3,1,23,104
5,0,3,1,79,105
5,1,3,1,83,106
5,3,3,1,78,107
5,3,3,1,13,108
5,0,3,1,59,109
5,1,3,1,110,110
5,3,3,1,101,111
5,3,2,0,30,112
5,0,3,1,14,113
5,1,2,0,31,114
5,2,3,1,32,115
5,3,3,1,58,116
5,1,3,1,18,117
5,1,2,1,94,118
5,0,2,0,5,119
5,2,2,1,92,120
5,0,3,1,67,121
5,2,3,0,19,122
5,3,3,1,25,123
5,1,3,1,15,124
5,1,1,0,111,125
5,0,3,1,103,126
5,3,3,0,56,127
5,3,3,1,78,128
5,0,2,0,76,129
5,1,3,1,80,130
5,0,2,0,5,131
5,2,3,1,9,132
5,3,0,0,81,133
5,1,1,0,117,134
5,0,3,1,79,135
5,0,2,1,1,136
5,1,1,0,46,137
5,1,3,1,36,138
5,2,3,1,89,139
5,1,1,0,22,140
5,1,0,0,68,141
5,3,2,0,87,142
5,3,1,0,71,143
5,0,2,0,102,144
5,0,1,0,55,145
5,2,1,0,20,146
5,2,3,1,97,147
5,2,3,1,50,148
5,3,3,1,51,149
5,1,2,0,18,150
5,1,3,1,93,151
5,1,3,1,27,152
5,2,3,1,85,153
5,2,3,1,32,154
5,1,2,1,94,155
5,1,1,0,90,156
5,1,3,1,45,157
5,3,0,0,17,158
5,1,3,1,100,159
5,0,0,0,63,160
5,0,1,0,59,161
5,1,1,0,33,162
5,0,1,0,116,163
5,3,1,0,47,164
5,0,3,1,95,165
5,2,2,0,24,166
5,0,3,1,99,167
5,3,0,0,65,168
5,1,0,0,12,169
5,0,2,0,35,170
5,1,1,0,4,171
5,0,0,0,28,172
5,3,2,1,114,173
5,1,1,0,21,174
5,2,0,0,77,175
5,3,1,0,30,176
5,0,0,0,107,177
5,3,2,0,96,178
5,2,3,1,88,179
5,0,2,0,62,180
5,0,1,0,72,181
5,3,3,1,58,182
5,3,1,0,101,183
5,3,3,1,23,184
5,2,2,0,34,185
5,2,3,1,73,186
5,1,1,0,39,187
5,2,2,1,82,188
5,3,1,0,115,189
5,3,3,1,49,190
5,1,0,0,3,191
5,3,0,0,66,192
5,3,2,1,10,193
5,3,2,1,86,194
5,2,3,1,61,195
5,1,3,1,53,196
5,3,1,0,108,197
5,3,1,0,26,198
5,3,3,1,6,199
5,2,1,0,98,200
5,0,2,0,16,201
5,0,1,0,75,202
5,0,1,0,7,203
5,0,3,1,42,204
5,1,1,0,109,205
5,2,3,1,91,206
5,2,3,1,64,207
5,1,2,0,48,208
5,0,2,1,119,209
5,0,2,1,112,210
5,0,3,1,14,211
5,0,0,0,54,212
5,1,3,0,29,213
5,1,1,0,31,214
5,0,3,1,2,215
5,2,2,0,104,216
5,3,0,0,11,217
5,0,2,0,84,218
5,2,3,1,106,219
5,3,2,1,44,220
5,2,1,0,57,221
5,3,1,0,37,222
5,2,2,1,92,223
5,2,3,1,113,224
5,3,3,1,40,225
5,1,3,1,83,226
5,2,3,1,105,227
5,2,3,1,74,228
5,2,3,1,41,229
5,0,1,0,43,230
5,2,3,1,69,231
5,3,3,1,13,232
5,1,3,1,110,233
5,3,1,0,120,234
5,0,2,1,60,235
5,2,2,1,70,236
5,2,3,1,38,237
5,1,1,0,52,238
5,1,1,0,118,239
5,2,0,0,8,240
5,0,2,0,35,241
5,2,3,1,106,242
5,0,2,0,75,243
5,2,0,0,92,244
5,3,2,1,47,245
5,1,3,1,83,246
5,2,3,0,85,247
5,3,3,1,25,248
5,3,2,0,114,249
5,1,0,0,46,250
5,0,3,1,95,251
5,0,1,0,5,252
5,2,2,1,19,253
5,3,2,1,71,254
5,3,3,1,51,255
5,1,1,0,111,256
5,1,0,0,18,257
5,0,1,0,112,258
5,2,0,0,38,259
5,1,3,1,80,260
5,3,3,1,49,261
5,1,1,0,33,262
5,1,1,0,117,263
5,3,3,1,6,264
5,0,1,0,63,265
5,2,2,0,24,266
5,3,1,0,44,267
5,2,3,1,113,268
5,0,1,0,107,269
5,1,NaN,0,29,270
5,3,2,1,108,271
5,2,2,1,61,272
5,3,0,0,23,273
5,0,2,1,42,274
5,3,2,0,86,275
5,0,0,0,62,276
5,3,0,0,40,277
5,2,1,0,32,278
5,1,1,0,94,279
5,1,1,0,52,280
5,2,2,0,34,281
5,3,1,0,30,282
5,2,2,0,64,283
5,3,0,0,66,284
5,2,0,0,98,285
5,0,0,0,43,286
5,2,1,0,57,287
5,1,1,0,48,288
5,0,2,0,99,289
5,0,2,0,76,290
5,1,3,1,36,291
5,0,1,0,28,292
5,0,1,0,84,293
5,1,2,1,15,294
5,3,1,0,11,295
5,3,2,0,87,296
5,2,0,0,73,297
5,0,0,0,54,298
5,3,2,1,10,299
5,1,0,0,22,300
5,0,1,0,55,301
5,0,3,1,67,302
5,1,0,0,12,303
5,1,0,0,4,304
5,0,3,1,79,305
5,2,3,1,69,306
5,3,1,0,37,307
5,0,3,1,7,308
5,0,1,0,102,309
5,3,3,1,13,310
5,2,2,1,82,311
5,2,2,1,77,312
5,3,1,0,81,313
5,1,2,1,110,314
5,1,0,0,118,315
5,2,3,1,89,316
5,3,1,0,17,317
5,1,2,1,39,318
5,0,2,1,72,319
5,1,3,1,45,320
5,3,3,1,101,321
5,3,2,1,26,322
5,0,3,1,2,323
5,1,3,1,100,324
5,3,1,0,65,325
5,2,3,1,97,326
5,1,3,1,93,327
5,0,3,1,59,328
5,3,3,1,58,329
5,2,3,1,91,330
5,0,1,0,119,331
5,2,0,0,104,332
5,2,1,0,8,333
5,1,2,1,90,334
5,3,1,0,115,335
5,3,2,0,56,336
5,1,1,0,31,337
5,3,1,0,96,338
5,2,0,0,74,339
5,0,1,0,60,340
5,1,2,1,27,341
5,0,3,1,14,342
5,1,1,0,3,343
5,0,0,0,16,344
5,1,0,0,68,345
5,2,0,0,20,346
5,2,3,1,88,347
5,0,3,1,103,348
5,2,3,1,41,349
5,0,1,0,1,350
5,2,3,1,9,351
5,3,3,1,78,352
5,2,3,1,70,353
5,3,0,0,120,354
5,0,1,0,116,355
5,1,3,1,53,356
5,2,3,1,105,357
5,1,3,1,21,358
5,2,3,1,50,359
5,1,NaN,0,109,360
6,1,2,1,55,1
6,2,3,1,83,2
6,2,2,1,90,3
6,1,3,1,80,4
6,2,3,1,106,5
6,2,1,0,104,6
6,1,2,1,25,7
6,2,2,1,86,8
6,0,2,1,87,9
6,0,2,1,16,10
6,3,2,1,68,11
6,1,1,1,36,12
6,3,3,1,49,13
6,2,1,0,30,14
6,0,1,0,107,15
6,2,2,1,8,16
6,1,3,1,105,17
6,0,3,1,14,18
6,0,3,1,2,19
6,3,3,1,84,20
6,0,1,0,33,21
6,1,2,0,76,22
6,3,3,1,70,23
6,3,2,1,42,24
6,1,2,1,6,25
6,3,3,1,98,26
6,0,2,1,15,27
6,3,1,1,4,28
6,2,2,1,57,29
6,3,2,1,63,30
6,2,3,1,61,31
6,2,3,1,67,32
6,3,3,1,112,33
6,3,2,1,75,34
6,0,2,1,45,35
6,1,3,1,74,36
6,3,3,1,51,37
6,2,3,1,50,38
6,1,1,0,12,39
6,1,3,1,35,40
6,0,2,1,48,41
6,0,1,0,117,42
6,3,3,1,99,43
6,0,0,0,32,44
6,1,3,1,78,45
6,3,3,1,3,46
6,2,1,1,23,47
6,0,3,1,95,48
6,1,3,1,60,49
6,1,1,0,18,50
6,2,2,1,103,51
6,0,3,1,20,52
6,0,3,1,97,53
6,3,3,1,27,54
6,2,2,1,53,55
6,3,2,1,64,56
6,0,1,1,31,57
6,3,1,0,5,58
6,3,0,0,89,59
6,0,2,1,41,60
6,3,2,1,73,61
6,2,0,0,26,62
6,0,0,0,46,63
6,0,0,0,56,64
6,3,1,1,7,65
6,2,1,1,119,66
6,1,0,0,28,67
6,3,2,1,59,68
6,2,2,1,29,69
6,0,1,0,109,70
6,2,2,1,113,71
6,0,0,0,120,72
6,3,2,1,115,73
6,1,1,0,22,74
6,2,1,0,65,75
6,2,0,0,44,76
6,2,1,1,43,77
6,1,2,1,62,78
6,1,2,1,100,79
6,1,1,1,96,80
6,0,2,1,88,81
6,0,2,1,111,82
6,1,2,1,34,83
6,2,2,1,52,84
6,3,3,1,114,85
6,0,2,1,66,86
6,2,1,1,94,87
6,3,2,1,39,88
6,0,0,0,116,89
6,2,3,1,91,90
6,2,2,1,102,91
6,1,2,1,110,92
6,3,2,1,38,93
6,2,1,1,17,94
6,3,2,1,69,95
6,1,3,1,58,96
6,3,3,1,13,97
6,0,2,1,82,98
6,1,2,1,81,99
6,0,2,1,11,100
6,1,3,1,79,101
6,0,2,1,54,102
6,2,1,1,1,103
6,2,2,1,93,104
6,0,2,1,92,105
6,1,3,1,9,106
6,1,0,1,21,107
6,1,1,0,24,108
6,3,2,1,101,109
6,3,1,1,85,110
6,1,2,1,118,111
6,0,3,0,40,112
6,1,1,0,108,113
6,3,2,1,72,114
6,1,2,1,47,115
6,3,3,1,19,116
6,2,2,1,10,117
6,1,2,1,77,118
6,0,2,0,37,119
6,2,2,1,71,120
6,2,2,1,29,121
6,0,0,0,33,122
6,0,3,1,97,123
6,2,3,1,53,124
6,3,3,1,84,125
6,1,3,1,78,126
6,1,3,1,21,127
6,3,2,1,85,128
6,2,3,0,61,129
6,3,3,1,75,130
6,1,3,0,22,131
6,2,3,1,26,132
6,3,2,0,59,133
6,3,2,1,68,134
6,0,3,1,41,135
6,1,1,0,108,136
6,1,3,1,80,137
6,3,3,1,101,138
6,2,3,1,57,139
6,3,3,1,13,140
6,2,3,1,43,141
6,3,3,1,98,142
6,3,3,1,39,143
6,2,1,0,104,144
6,2,3,1,91,145
6,0,3,1,87,146
6,2,3,1,90,147
6,0,1,0,107,148
6,1,2,1,36,149
6,0,2,1,48,150
6,2,3,1,17,151
6,0,2,1,37,152
6,0,3,1,111,153
6,0,0,0,15,154
6,1,2,1,77,155
6,1,3,1,74,156
6,2,3,1,94,157
6,0,3,1,82,158
6,3,2,1,7,159
6,2,2,0,1,160
6,3,3,1,27,161
6,3,3,1,49,162
6,0,3,1,116,163
6,0,2,0,120,164
6,1,3,1,55,165
6,2,3,1,8,166
6,2,3,1,10,167
6,2,2,1,93,168
6,1,2,1,110,169
6,1,3,1,79,170
6,1,3,1,100,171
6,0,3,1,54,172
6,1,3,1,47,173
6,2,3,1,52,174
6,0,3,1,11,175
6,2,1,0,44,176
6,3,2,1,38,177
6,1,0,0,76,178
6,1,2,1,6,179
6,0,2,1,31,180
6,2,3,1,106,181
6,0,NaN,1,95,182
6,3,3,1,63,183
6,1,2,0,24,184
6,3,2,1,115,185
6,1,2,1,62,186
6,0,2,0,109,187
6,2,3,1,30,188
6,3,3,1,99,189
6,1,0,0,28,190
6,0,2,1,88,191
6,0,2,1,66,192
6,0,0,0,46,193
6,2,3,1,103,194
6,1,2,1,96,195
6,3,3,1,64,196
6,2,2,1,86,197
6,1,3,1,105,198
6,0,2,1,40,199
6,1,3,1,60,200
6,1,3,1,118,201
6,0,3,1,92,202
6,3,3,1,72,203
6,3,3,1,51,204
6,2,3,1,119,205
6,2,3,1,71,206
6,3,2,1,69,207
6,2,3,1,113,208
6,3,3,1,114,209
6,3,3,1,42,210
6,2,3,1,83,211
6,3,3,1,5,212
6,0,3,1,2,213
6,1,2,1,35,214
6,3,3,1,73,215
6,3,3,1,3,216
6,0,2,0,56,217
6,2,3,1,67,218
6,0,3,1,117,219
6,0,2,1,32,220
6,1,2,0,12,221
6,1,3,1,58,222
6,1,3,1,9,223
6,0,3,1,20,224
6,2,0,0,65,225
6,3,3,1,19,226
6,2,3,1,102,227
6,3,2,1,89,228
6,1,2,1,25,229
6,1,2,1,34,230
6,0,3,1,14,231
6,2,NaN,1,50,232
6,2,2,1,23,233
6,1,2,1,81,234
6,3,2,1,112,235
6,3,3,1,70,236
6,1,2,1,18,237
6,3,3,1,4,238
6,0,2,1,45,239
6,0,0,0,16,240
6,2,1,1,26,241
6,2,2,1,86,242
6,2,NaN,1,50,243
6,1,2,1,81,244
6,0,2,1,31,245
6,2,3,1,57,246
6,1,3,0,12,247
6,0,3,1,92,248
6,3,NaN,0,13,249
6,0,3,1,48,250
6,0,2,1,46,251
6,0,2,1,32,252
6,2,3,1,113,253
6,3,3,1,59,254
6,3,3,1,64,255
6,1,3,1,79,256
6,3,3,1,4,257
6,2,3,1,30,258
6,0,2,1,15,259
6,2,3,1,53,260
6,1,3,1,9,261
6,2,2,0,1,262
6,2,2,1,8,263
6,2,3,1,10,264
6,2,0,0,91,265
6,1,3,1,78,266
6,3,2,1,7,267
6,2,2,1,94,268
6,1,2,1,18,269
6,0,0,0,16,270
6,0,2,1,66,271
6,1,2,1,110,272
6,3,3,1,49,273
6,3,3,1,19,274
6,3,3,1,27,275
6,0,2,0,37,276
6,0,3,1,14,277
6,2,3,1,103,278
6,2,3,1,67,279
6,1,3,1,80,280
6,2,2,1,43,281
6,2,1,0,65,282
6,3,3,1,51,283
6,0,3,1,87,284
6,0,3,1,20,285
6,1,2,0,22,286
6,3,3,1,101,287
6,0,2,1,117,288
6,1,3,1,34,289
6,1,3,1,105,290
6,1,3,1,96,291
6,1,3,1,108,292
6,1,3,1,36,293
6,3,3,1,115,294
6,3,3,1,85,295
6,1,3,1,25,296
6,3,3,1,89,297
6,2,3,1,104,298
6,2,3,1,83,299
6,3,3,1,63,300
6,0,3,1,120,301
6,2,3,1,93,302
6,1,3,1,47,303
6,0,3,1,41,304
6,2,3,1,71,305
6,2,3,1,29,306
6,1,1,0,24,307
6,3,2,1,84,308
6,3,2,1,112,309
6,3,3,1,69,310
6,3,3,1,38,311
6,0,2,0,109,312
6,2,2,1,52,313
6,1,3,1,58,314
6,3,2,1,75,315
6,0,3,1,82,316
6,1,2,1,100,317
6,0,1,1,33,318
6,3,2,1,68,319
6,1,2,1,74,320
6,0,2,1,45,321
6,3,NaN,0,98,322
6,1,2,1,35,323
6,2,1,1,44,324
6,2,2,1,17,325
6,0,3,1,2,326
6,3,3,1,70,327
6,2,2,1,90,328
6,3,2,1,39,329
6,2,2,1,23,330
6,0,2,1,95,331
6,0,2,1,40,332
6,2,2,1,102,333
6,1,3,1,60,334
6,0,3,1,97,335
6,1,2,1,6,336
6,1,2,1,77,337
6,0,2,1,111,338
6,2,3,1,106,339
6,0,2,1,116,340
6,0,1,1,107,341
6,1,2,1,62,342
6,3,2,1,99,343
6,3,2,1,72,344
6,3,3,1,5,345
6,3,2,1,42,346
6,1,2,1,118,347
6,1,1,1,21,348
6,3,2,1,73,349
6,1,0,0,28,350
6,3,3,1,114,351
6,0,2,1,56,352
6,3,3,1,3,353
6,1,1,1,76,354
6,2,1,0,61,355
6,1,2,1,55,356
6,0,2,1,54,357
6,0,2,1,11,358
6,2,2,1,119,359
6,0,3,1,88,360
7,0,3,1,55,1
7,3,2,0,112,2
7,2,3,0,62,3
7,0,3,1,63,4
7,1,3,1,119,5
7,1,3,1,120,6
7,3,3,1,33,7
7,1,3,1,31,8
7,3,3,1,111,9
7,3,3,1,102,10
7,0,3,1,18,11
7,1,3,1,23,12
7,0,3,1,93,13
7,3,3,1,38,14
7,1,2,1,104,15
7,3,3,0,70,16
7,2,3,1,97,17
7,1,3,1,99,18
7,1,3,1,9,19
7,1,3,1,36,20
7,1,3,1,17,21
7,0,2,1,40,22
7,1,3,1,117,23
7,2,1,0,82,24
7,0,1,1,80,25
7,2,3,1,39,26
7,0,2,1,81,27
7,1,3,1,79,28
7,0,3,1,11,29
7,0,3,1,73,30
7,2,1,0,37,31
7,2,0,0,92,32
7,1,0,0,54,33
7,1,3,1,42,34
7,0,0,0,10,35
7,2,2,1,75,36
7,3,3,1,57,37
7,2,1,0,5,38
7,2,2,1,30,39
7,2,1,0,19,40
7,1,0,0,1,41
7,2,1,0,24,42
7,0,1,0,35,43
7,3,2,0,85,44
7,0,2,0,47,45
7,3,3,1,13,46
7,2,3,1,41,47
7,2,2,0,2,48
7,0,3,1,27,49
7,1,3,1,67,50
7,0,2,1,90,51
7,0,3,1,59,52
7,2,3,1,72,53
7,0,3,1,87,54
7,3,2,1,6,55
7,2,3,1,89,56
7,1,3,1,74,57
7,3,3,1,61,58
7,1,1,0,95,59
7,2,3,1,45,60
7,1,3,1,114,61
7,3,2,1,108,62
7,2,2,1,100,63
7,1,1,0,26,64
7,3,0,0,32,65
7,2,3,1,88,66
7,2,2,1,43,67
7,3,1,1,21,68
7,2,0,0,65,69
7,0,1,0,20,70
7,1,0,0,76,71
7,1,1,0,7,72
7,0,0,0,66,73
7,3,2,1,103,74
7,1,1,0,56,75
7,2,3,1,64,76
7,3,3,1,105,77
7,0,3,0,29,78
7,3,3,1,106,79
7,3,3,1,116,80
7,3,0,0,44,81
7,2,3,1,49,82
7,0,3,1,71,83
7,3,3,1,25,84
7,0,1,1,48,85
7,2,1,0,3,86
7,0,1,0,8,87
7,3,2,1,51,88
7,1,2,1,52,89
7,2,2,1,15,90
7,2,3,1,84,91
7,2,3,0,14,92
7,0,3,1,113,93
7,0,3,1,58,94
7,1,3,1,50,95
7,3,1,0,12,96
7,1,3,1,77,97
7,3,2,1,60,98
7,1,0,0,118,99
7,2,2,1,68,100
7,0,3,0,86,101
7,1,3,1,46,102
7,3,1,0,78,103
7,2,2,1,115,104
7,3,2,1,91,105
7,3,2,1,98,106
7,3,1,0,69,107
7,0,1,0,16,108
7,1,0,0,4,109
7,3,0,0,28,110
7,0,0,0,83,111
7,0,0,0,109,112
7,0,2,1,53,113
7,2,1,0,22,114
7,0,0,0,107,115
7,3,0,0,96,116
7,1,2,1,110,117
7,3,2,1,94,118
7,1,1,0,101,119
7,2,2,1,34,120
7,3,2,1,69,121
7,1,1,0,1,122
7,1,3,0,114,123
7,3,3,0,78,124
7,3,3,1,51,125
7,1,2,1,74,126
7,1,2,1,99,127
7,2,2,1,49,128
7,1,1,0,104,129
7,1,1,0,76,130
7,1,3,1,9,131
7,0,3,1,58,132
7,2,3,1,97,133
7,2,3,1,89,134
7,0,3,1,20,135
7,0,1,1,40,136
7,0,1,0,109,137
7,0,0,0,11,138
7,1,2,1,110,139
7,3,1,0,25,140
7,2,3,1,39,141
7,3,2,0,112,142
7,2,1,0,24,143
7,3,1,0,85,144
7,3,2,1,38,145
7,0,1,0,107,146
7,2,3,1,45,147
7,2,2,1,34,148
7,0,1,0,35,149
7,3,2,1,94,150
7,0,1,0,90,151
7,1,1,0,120,152
7,3,1,0,33,153
7,2,1,0,75,154
7,3,2,1,61,155
7,2,2,1,2,156
7,0,2,1,10,157
7,3,3,1,60,158
7,1,3,1,119,159
7,2,3,0,14,160
7,0,3,0,55,161
7,0,2,0,16,162
7,3,3,1,6,163
7,2,3,1,64,164
7,3,3,1,98,165
7,0,3,1,8,166
7,0,3,1,53,167
7,3,3,1,116,168
7,1,1,1,4,169
7,1,1,0,42,170
7,3,0,0,12,171
7,1,2,1,52,172
7,0,1,0,86,173
7,3,3,1,91,174
7,2,1,0,62,175
7,1,2,0,56,176
7,1,0,0,46,177
7,2,0,0,92,178
7,1,3,1,79,179
7,2,3,1,88,180
7,1,2,0,117,181
7,3,2,0,106,182
7,0,1,0,81,183
7,1,1,0,23,184
7,0,1,0,59,185
7,2,2,0,3,186
7,3,3,1,103,187
7,2,3,0,19,188
7,3,1,0,21,189
7,0,1,0,66,190
7,3,3,1,57,191
7,1,3,1,118,192
7,1,3,1,50,193
7,1,3,1,67,194
7,2,3,1,100,195
7,2,1,0,82,196
7,2,3,1,41,197
7,0,3,1,113,198
7,1,3,1,101,199
7,3,3,1,105,200
7,0,3,0,29,201
7,3,1,0,28,202
7,0,3,1,47,203
7,0,3,1,87,204
7,1,0,0,26,205
7,1,3,1,77,206
7,2,1,1,22,207
7,1,3,1,95,208
7,3,3,1,111,209
7,0,3,1,93,210
7,0,3,1,48,211
7,0,3,1,83,212
7,3,3,0,70,213
7,0,3,1,27,214
7,2,3,1,43,215
7,0,1,0,63,216
7,2,3,0,5,217
7,3,3,1,13,218
7,0,3,1,18,219
7,1,3,1,36,220
7,1,3,1,17,221
7,3,3,1,108,222
7,3,3,1,32,223
7,3,3,1,102,224
7,1,3,1,31,225
7,2,3,1,115,226
7,3,3,1,44,227
7,1,3,1,54,228
7,2,3,1,37,229
7,2,3,1,30,230
7,0,3,1,73,231
7,2,3,1,72,232
7,2,3,1,84,233
7,3,1,0,96,234
7,1,1,0,7,235
7,0,2,1,80,236
7,2,3,1,65,237
7,2,3,1,15,238
7,2,3,1,68,239
7,0,3,1,71,240
7,0,1,0,66,241
7,1,3,1,31,242
7,1,1,0,104,243
7,0,1,0,109,244
7,3,1,0,69,245
7,2,3,1,39,246
7,0,1,0,93,247
7,2,1,0,65,248
7,3,1,1,33,249
7,0,3,0,29,250
7,1,3,1,1,251
7,0,3,1,83,252
7,3,2,1,112,253
7,1,3,1,7,254
7,1,3,1,56,255
7,3,3,1,6,256
7,0,3,1,55,257
7,1,3,1,17,258
7,0,3,1,90,259
7,3,3,1,102,260
7,3,3,1,61,261
7,0,3,1,18,262
7,2,3,1,75,263
7,1,1,0,54,264
7,2,0,0,92,265
7,1,3,1,9,266
7,1,3,1,67,267
7,0,3,1,27,268
7,1,3,1,119,269
7,2,3,1,3,270
7,2,3,1,97,271
7,3,3,1,108,272
7,3,3,1,106,273
7,0,2,1,80,274
7,2,3,1,89,275
7,3,3,1,25,276
7,2,3,1,88,277
7,3,3,1,105,278
7,0,3,1,58,279
7,2,3,1,49,280
7,1,3,1,117,281
7,1,3,1,52,282
7,1,3,1,79,283
7,2,2,0,19,284
7,2,2,0,24,285
7,2,3,1,30,286
7,2,3,1,84,287
7,2,3,1,43,288
7,3,3,1,13,289
7,1,3,1,36,290
7,0,3,1,73,291
7,1,3,1,101,292
7,3,2,1,51,293
7,0,3,1,59,294
7,0,3,1,47,295
7,1,3,1,118,296
7,2,1,0,82,297
7,0,3,1,10,298
7,1,3,1,50,299
7,0,3,1,11,300
7,0,3,1,53,301
7,3,3,1,111,302
7,2,3,1,115,303
7,0,3,1,113,304
7,0,2,0,35,305
7,3,2,0,28,306
7,2,3,1,2,307
7,3,3,1,98,308
7,2,3,1,15,309
7,0,3,1,16,310
7,2,3,1,72,311
7,2,3,1,41,312
7,1,3,1,76,313
7,3,3,1,21,314
7,0,3,1,48,315
7,3,3,1,38,316
7,1,3,1,74,317
7,1,3,1,23,318
7,3,3,1,60,319
7,2,3,0,14,320
7,2,3,1,68,321
7,0,1,0,40,322
7,0,0,0,107,323
7,0,3,1,87,324
7,3,2,0,12,325
7,1,1,0,120,326
7,3,NaN,1,94,327
7,1,3,1,99,328
7,2,3,1,100,329
7,1,0,0,26,330
7,0,0,0,63,331
7,2,2,1,22,332
7,2,3,1,45,333
7,3,2,0,70,334
7,3,2,1,78,335
7,1,3,1,110,336
7,3,1,0,85,337
7,1,1,1,95,338
7,0,2,1,71,339
7,3,1,0,44,340
7,2,3,1,37,341
7,2,3,0,34,342
7,1,1,0,42,343
7,0,0,0,81,344
7,1,3,1,77,345
7,0,2,1,8,346
7,2,3,1,64,347
7,3,3,1,32,348
7,1,1,0,46,349
7,0,1,0,86,350
7,3,3,1,116,351
7,2,2,0,5,352
7,0,1,0,20,353
7,3,3,1,103,354
7,2,1,0,62,355
7,1,2,1,4,356
7,3,3,0,57,357
7,1,3,0,114,358
7,3,2,1,91,359
7,3,1,0,96,360
