subject,condition,studyResp,studyResp2,rt1,rt2,whichItem,list
1,1,0,0,6.58387424919056,0,161,1
1,2,1,1,6.67560053127818,2.18352832866367,3,1
1,4,1,8,5.30883968726266,1.59181985573377,64,1
1,2,8,1,2.32521295541665,1.87515167979291,29,1
1,3,1,2,2.62523831089493,6.97560687013902,181,1
1,4,8,8,3.96701107791159,2.55022427480435,107,1
1,4,1,8,2.76690422283718,2.40854145912454,177,1
1,1,4,0,2.8669150894857,0,163,1
1,1,4,0,2.39188113133423,0,100,1
1,4,8,1,3.54195448098471,1.95840562653029,179,1
1,1,0,0,0,0,124,1
1,3,3,2,2.95026804308873,1.52512753178598,184,1
1,2,1,1,3.22523589606863,2.58355821180157,6,1
1,2,1,1,2.00021461560391,6.36721422319533,86,1
1,3,1,1,2.36685683234828,3.9920130399405,118,1
1,3,3,1,3.90033656312153,3.77533097885316,115,1
1,1,0,0,0,0,28,2
1,1,0,0,0,0,137,2
1,2,1,1,1.82520027767168,1.70014609559439,37,2
1,4,8,1,3.26693410606822,7.74236711038975,102,2
1,2,8,1,3.71699447615538,1.93351716018515,85,2
1,4,1,8,4.16702345374506,2.21684023062699,166,2
1,3,1,2,1.85016631952021,2.22518850554479,189,2
1,1,4,1,1.20843611337477,3.01693048386369,183,2
1,2,8,1,4.74209152103867,3.18361163936788,25,2
1,4,8,8,2.47521506837802,2.79190709046088,110,2
1,3,1,8,2.03351414168719,1.67514202056918,125,2
1,4,1,8,1.76683419360779,1.84182317607338,129,2
1,2,8,1,4.13369555375539,2.03350961394608,112,2
1,3,1,8,1.79181804461405,1.74182408163324,111,2
1,3,1,6,2.35022155812476,2.33354462857824,19,2
1,1,4,0,3.42540100816404,0,185,2
1,3,3,1,2.55855836276896,2.30019288236508,26,3
1,1,0,4,0,2.26686951005831,126,3
1,2,8,1,3.46693621901795,1.6834848622093,147,3
1,1,0,0,0,0,167,3
1,3,2,1,4.84209484135499,1.70848410762846,52,3
1,3,2,2,5.75050016597379,2.80025808204664,47,3
1,3,7,7,3.11694376525702,2.69189803494373,31,3
1,4,1,8,2.81689818593441,2.03352138609625,66,3
1,2,1,1,5.93388753052568,6.74227051832713,146,3
1,1,0,6,0,2.35020616377005,133,3
1,4,1,8,1.80013854929712,4.23373388871551,95,3
1,1,0,4,0,2.79191101453034,192,3
1,2,8,1,1.91683721210575,2.800249932101,61,3
1,4,8,2,4.04201786959311,1.98357300250791,69,3
1,4,1,8,3.32529354945291,1.55013553082244,30,3
1,2,1,1,3.6086259772419,1.83347942889668,121,3
1,2,1,1,1.8501563584432,3.41696821514051,4,4
1,3,7,1,4.31711068854202,2.30019620270468,2,4
1,1,4,0,1.92518639256014,0,50,4
1,4,1,1,1.84183253342053,2.26686407678062,7,4
1,2,8,1,4.79208095627837,2.12518850556808,76,4
1,2,1,1,3.28366476501105,1.75014669931261,113,4
1,1,0,0,0,0,80,4
1,1,0,0,9.66749283100944,0,139,4
1,2,1,1,3.64198617520742,2.33353617676767,34,4
1,1,0,4,0,2.0334912010585,14,4
1,3,1,8,1.6085230463068,1.85849708714522,187,4
1,3,7,8,3.66700322978431,2.43354130821535,99,4
1,4,1,8,2.97528570133727,1.79182166681858,119,4
1,4,8,8,7.2756267922814,1.53348214557627,141,4
1,4,1,8,4.23369917593664,2.29185064445483,155,4
1,3,7,7,1.95850553899072,2.39189712941879,56,4
1,2,1,1,2.1668553231284,1.60016601765528,88,5
1,2,8,1,2.83353949716548,1.4501231549657,150,5
1,3,2,8,1.9835105194943,2.30019710829947,20,5
1,3,2,8,1.69182710011955,1.28344501793617,143,5
1,4,8,1,1.88350025657564,1.76682543993229,103,5
1,1,4,0,2.5919252014719,0,32,5
1,4,8,1,2.91692505060928,1.44180717802374,78,5
1,3,8,8,2.40852425369667,1.383432943956,128,5
1,4,1,8,2.05852938513272,2.8002369524911,98,5
1,2,1,1,1.48346192156896,1.37511726882076,156,5
1,1,8,0,3.24196534755174,0,44,5
1,4,1,1,2.40020405082032,2.34188656462356,11,5
1,3,7,7,3.20862718462013,5.65881795401219,71,5
1,1,4,4,5.07545051159104,1.84182710008463,43,5
1,2,1,1,2.00017929909518,4.85042923118453,40,5
1,1,0,4,0,1.83346403454198,122,5
1,1,0,0,0,0,59,6
1,1,4,0,3.61697696876945,0,79,6
1,2,1,1,1.50013039936312,2.11684807873098,16,6
1,2,1,1,1.89184189075604,1.46680340491002,89,6
1,2,1,1,1.70015092514222,2.5001959008514,13,6
1,4,1,8,4.60873494524276,1.98349935101578,62,6
1,4,1,8,1.39179600949865,4.22536025842419,1,6
1,1,0,0,0,0,131,6
1,4,8,1,2.51691720244708,1.91683268436464,104,6
1,2,8,1,3.86697998730233,1.65014458633959,72,6
1,3,4,8,1.63347097707447,1.82516133901663,165,6
1,3,4,1,0.708380572905298,2.10852666845312,154,6
1,3,3,3,1.31678318086779,2.74190316640306,45,6
1,4,3,1,1.57513115397887,3.68364755954826,123,6
1,3,6,6,2.90858734044014,3.18361284676939,176,6
1,1,0,0,0,0,174,6
1,2,1,1,2.39186573697953,2.7252280479297,57,7
1,1,0,0,0,0,15,7
1,2,1,8,7.72564490325749,2.01685109722894,23,7
1,4,1,8,2.1835198768531,1.42513900209451,60,7
1,2,1,1,1.55850161489798,1.66682061034953,53,7
1,1,0,4,0,0.791714208084159,145,7
1,3,1,8,2.73354825074784,1.54180234839441,58,7
1,1,0,0,0,0,186,7
1,4,8,8,1.64182136493037,2.87525159231154,170,7
1,1,0,4,0,1.22511153371306,188,7
1,2,8,1,4.48375411267625,1.50013039930491,90,7
1,4,1,8,2.10018926020712,1.8834954269696,191,7
1,3,8,8,2.91692565422272,1.34173745056614,117,7
1,4,1,1,2.61691418394912,2.82524495158577,172,7
1,3,2,8,3.48363608925138,1.46684083429864,135,7
1,3,8,8,2.59189290349605,2.50855353311636,74,7
1,3,1,8,2.42521054059034,1.57516375376144,144,8
1,3,8,8,1.76682030846132,3.75030607625376,140,8
1,1,0,0,0,0,68,8
1,2,8,8,2.46684536209796,5.95051586220507,162,8
1,1,0,0,0,0,8,8
1,2,8,1,2.94192248483887,1.9501681306283,18,8
1,1,0,0,0,0,73,8
1,4,1,8,4.99210812279489,1.77518095931737,96,8
1,4,8,1,3.39195931056747,3.20861450693337,151,8
1,3,1,8,3.12528419209411,3.19194089772645,33,8
1,4,8,8,1.70015001960564,1.42511757067405,97,8
1,2,1,1,3.34196323459037,3.26691116543952,39,8
1,2,1,1,7.65900932718068,2.45019922126085,159,8
1,3,1,1,2.3668680008268,1.74182166683022,157,8
1,1,0,0,0,0,153,8
1,4,8,0,2.44189833680866,0,81,8
2,4,8,1,5.03374656644883,3.07526819402119,181,1
2,4,1,8,3.84199885296403,3.61697364842985,115,1
2,3,8,1,4.56706269434653,4.90877026168164,3,1
2,1,0,0,0,0,177,1
2,1,0,0,0,0,64,1
2,2,8,1,3.32528207916766,2.47521567204967,163,1
2,3,8,2,11.2260107459151,2.2001856379793,29,1
2,3,8,1,7.55064716713969,3.0669244469027,86,1
2,1,4,0,4.10035437229089,0,107,1
2,4,8,1,4.35039512207732,2.03351051948266,118,1
2,2,1,1,6.92559207946761,1.98350025655236,124,1
2,2,8,1,9.40081167552853,2.5085441757692,161,1
2,2,1,8,2.51688611187274,3.53366385947447,100,1
2,3,6,1,3.99195085879182,3.07529686985072,6,1
2,1,0,0,0,0,179,1
2,4,8,1,2.4252078239806,4.85874943406088,184,1
2,1,4,0,2.94192127743736,0,102,2
2,4,8,8,3.62532101781107,3.15858975518495,125,2
2,3,8,1,2.72522593499161,2.66689969511935,37,2
2,4,1,1,7.12560868117725,2.15850916114869,189,2
2,1,4,4,2.6085493072751,1.01675239217002,110,2
2,1,0,0,1.02509130974067,0,129,2
2,3,8,3,2.92527604219504,6.45053759549046,112,2
2,4,8,1,3.40031332068611,1.8501814120682,19,2
2,3,7,1,8.94240061577875,3.59196685685311,25,2
2,1,0,4,0,0.925058408000041,166,2
2,2,8,8,2.50014186970657,3.16688309336314,183,2
2,2,8,1,4.58373660536017,2.1001814120682,185,2
2,3,4,2,1.90850070939632,2.53360892267665,85,2
2,4,8,1,3.35029490781017,1.6918111020932,111,2
2,2,1,8,7.70066678739386,3.3419493495021,28,2
2,2,8,1,2.4585447795107,1.76682543993229,137,2
2,4,8,8,4.53371758881258,3.18362190225162,26,3
2,3,8,2,6.16719550848939,2.49187690543476,146,3
2,2,8,8,2.55024027288891,2.06687252863776,126,3
2,3,3,2,4.84208910621237,2.28351927315816,61,3
2,3,0,3,13.7345362069318,2.40020978596294,147,3
2,3,2,3,8.14236590301152,1.50011953274952,121,3
2,4,1,1,3.23358688759618,2.41689124336699,52,3
2,2,8,1,5.77550575026544,2.45853723323671,192,3
2,4,1,1,8.05068610579474,2.58354583597975,31,3
2,1,4,0,2.82525038486347,0,30,3
2,1,0,0,0,0,95,3
2,2,8,1,2.79191403300501,3.36695493373554,133,3
2,1,4,4,10.809272540675,0.9917546560755,69,3
2,4,1,8,3.43364212627057,5.04210118023911,47,3
2,2,1,1,8.65072172420332,3.80032177246176,167,3
2,1,4,0,3.38363910774933,0,66,3
2,1,0,0,0,0,155,4
2,4,8,8,3.19194331252947,3.0169229375897,56,4
2,4,1,1,3.70861963834614,1.76688611187274,2,4
2,4,1,1,3.61699145764578,1.79182710015448,99,4
2,3,1,3,9.35080775152892,3.36695946153486,34,4
2,2,1,1,8.20908418606268,2.08352651755558,80,4
2,2,0,8,3.1502683449653,6.04218328348361,139,4
2,4,1,1,2.44188475358533,1.75846569472924,187,4
2,3,2,1,4.13368468714179,7.50898759398842,76,4
2,1,0,0,0,0,141,4
2,1,4,0,4.21705635543913,0,7,4
2,1,0,0,0,0,119,4
2,3,2,3,11.5843360801809,3.00027558935108,113,4
2,2,8,8,2.11684234358836,3.65029279486043,50,4
2,3,2,7,4.05870596761815,2.91691569320392,4,4
2,2,1,8,4.13368438527687,2.47522442572517,14,4
2,4,1,1,3.86699266504729,2.67520631471416,128,5
2,3,2,2,6.86727519700071,2.96694165229565,156,5
2,2,1,1,2.84189441276249,2.2001889583189,32,5
2,3,2,2,3.1252534033847,2.51690060069086,88,5
2,1,0,0,0,0,98,5
2,1,0,0,0,0,11,5
2,4,1,1,2.00015816953965,2.46687947114697,143,5
2,1,0,0,0,0,78,5
2,3,2,7,3.8836650668527,3.78365480393404,150,5
2,4,1,1,4.17536025837762,3.1669374264311,71,5
2,2,1,1,2.36682996770833,3.15860846987925,44,5
2,3,0,2,3.93366355757462,2.36686437862227,40,5
2,2,1,8,2.21683540102094,3.99201817135327,122,5
2,2,1,8,2.32520510727772,2.85855443874607,43,5
2,1,0,0,0,0,103,5
2,4,1,1,1.95851217966992,14.4678991215769,20,5
2,1,4,0,1.37510911887512,0,123,6
2,1,4,0,2.42521355912322,0,1,6
2,3,7,2,5.71713906241348,3.42529747349909,16,6
2,3,2,2,3.58361918560695,3.44196927163284,13,6
2,4,1,1,3.19197591237025,3.02525762928417,45,6
2,3,1,7,2.1251854870352,3.5836448429036,72,6
2,2,1,8,5.75049352535279,3.12532101786928,131,6
2,1,0,0,0,0,104,6
2,4,1,1,1.88348878623219,2.64189018681645,176,6
2,2,1,8,2.77523348119576,3.21689546917332,59,6
2,4,1,1,2.57534637325443,3.8003266020678,154,6
2,2,1,8,2.30021129519446,5.35880708746845,79,6
2,1,0,0,0.775079839397222,0,62,6
2,3,8,2,4.62539738597116,3.04192821995821,89,6
2,2,1,8,2.15018865646562,3.82534908992238,174,6
2,4,1,1,2.1502650246257,3.77533158258302,165,6
2,2,1,1,3.05025385617046,1.97516647045268,15,7
2,4,1,1,4.89208940806566,2.55020223971223,58,7
2,4,1,1,1.85851248149993,1.72514654835686,117,7
2,1,0,0,0,0,172,7
2,2,8,1,3.48366506688762,2.23357964318711,186,7
2,2,1,1,2.42519816476852,6.29220320563763,188,7
2,1,4,4,1.05010926979594,1.1917706541135,60,7
2,1,0,4,0,0.825027317448985,170,7
2,3,2,1,4.35039964981843,3.79200006031897,53,7
2,2,1,8,2.13351866946323,5.03377705335151,145,7
2,1,0,1,0,7.60902532527689,191,7
2,3,7,1,4.66706178878667,4.75042591086822,57,7
2,3,7,3,5.08379546616925,2.88360892265337,23,7
2,4,8,1,3.24194693472236,2.75859850883717,135,7
2,4,1,1,2.20851851854241,1.70015213260194,74,7
2,3,2,6,3.29194150143303,5.00871200457914,90,7
2,4,1,1,3.57529324758798,2.18349904916249,140,8
2,3,2,7,2.97530200122856,3.24193999212002,39,8
2,3,6,3,3.97535029734718,2.38355640071677,18,8
2,1,0,0,0,0,96,8
2,4,8,1,5.01709770894377,1.8418443055707,33,8
2,1,4,4,2.76690180809237,1.32511213741964,97,8
2,2,1,8,3.2752612514887,7.17561320902314,68,8
2,2,1,1,2.00017265841598,1.94183826859808,8,8
2,1,0,0,0,0,151,8
2,2,8,1,4.69207703223219,1.98349935101578,153,8
2,1,0,0,0,0,81,8
2,2,8,1,2.17517220560694,1.87516405567294,73,8
2,4,1,1,2.78358115244191,2.69190709048416,144,8
2,4,8,1,4.83374656643718,7.70066044852138,157,8
2,3,2,2,10.1842174529447,2.86690180806909,159,8
2,3,8,2,4.27535905101104,2.07517945003929,162,8
3,3,8,8,3.49196081981063,3.31693591712974,161,1
3,2,8,8,3.59197832713835,2.61687735817395,107,1
3,3,8,1,3.52531015122077,1.96683358988957,100,1
3,3,1,8,3.38362854300067,1.98350418062182,124,1
3,1,0,0,0,0,184,1
3,4,8,8,2.32520420174114,1.89174710976658,6,1
3,1,0,0,0,1.22511213738471,115,1
3,2,1,7,2.74192520149518,10.2092160946922,179,1
3,1,0,0,0,1.20011108095059,181,1
3,4,1,1,4.01701892598066,4.5170542425476,3,1
3,4,1,1,4.30870687315473,2.00019831571262,86,1
3,4,8,8,7.92568384198239,2.30852968699764,29,1
3,1,0,0,0,0,118,1
3,3,8,1,3.60865435114829,2.91693621902959,163,1
3,2,7,1,14.8262893537176,5.1171251773485,177,1
3,2,8,8,3.47530109569198,2.3335452323081,64,1
3,1,0,0,0,1.0334320384427,189,2
3,3,2,1,4.53372513508657,2.24186483141966,28,2
3,2,8,8,4.16703794256318,3.37528630509041,110,2
3,2,1,1,3.54196776240133,6.86725346371531,129,2
3,4,8,8,3.04193123849109,1.73348184372298,85,2
3,4,1,8,3.86697727069259,1.90012164565269,25,2
3,3,8,8,4.82538863230729,1.81677472905722,183,2
3,4,1,1,2.18352561199572,2.35024148027878,37,2
3,3,1,0,3.19194965140196,6.95059072109871,137,2
3,1,1,0,2.70856922934763,1.33345377160003,111,2
3,4,1,1,2.341870566539,1.85016058437759,112,2
3,1,1,0,2.55858734040521,0,19,2
3,1,0,0,0,0,125,2
3,3,8,1,2.95857587008504,1.85016420658212,185,2
3,2,2,1,4.00868785660714,2.45865435118321,102,2
3,2,8,8,5.60048507351894,2.10853632766521,166,2
3,2,7,1,11.4926414923393,3.48362552450271,30,3
3,3,1,1,3.19197651610011,2.89191222190857,133,3
3,4,8,8,7.27563584776362,1.73347942886176,121,3
3,4,8,8,2.84191524045309,4.65873071929673,146,3
3,3,8,1,2.58351172687253,3.41691176919267,192,3
3,4,1,8,2.30852304626023,2.43356636178214,61,3
3,2,1,8,2.18351716018515,3.23363186331699,69,3
3,2,7,8,3.30025234690402,1.98350418062182,66,3
3,1,0,0,0,1.35012949380325,31,3
3,4,1,8,3.95034682605183,1.51680159376701,147,3
3,1,0,0,0,0,26,3
3,1,0,0,0,0,52,3
3,3,1,8,2.14184672042029,3.16694799117977,126,3
3,2,2,1,3.08360560232541,3.94209725619294,95,3
3,3,2,1,5.53380844579078,5.78384014003677,167,3
3,1,0,0,0,0,47,3
3,3,1,8,4.30037459626328,1.90849920012988,50,4
3,3,8,1,3.50028645596467,2.0585161037161,139,4
3,4,1,8,2.11689063964877,1.85851308522979,34,4
3,4,8,1,4.73375109425979,2.03348848444875,4,4
3,2,1,8,2.57523016090272,2.50854477949906,155,4
3,4,1,8,7.07561954780249,2.55855232576141,113,4
3,3,8,1,3.05026502459077,1.88349089917028,14,4
3,3,1,8,2.1501895620604,2.57522684050491,80,4
3,1,0,0,0,1.42512572061969,2,4
3,4,1,8,2.25019741011783,2.16684023063863,76,4
3,2,1,1,2.31687886751024,2.41687162301969,7,4
3,1,0,0,0,0,56,4
3,1,0,0,0,0,187,4
3,2,7,8,8.00902441970538,3.82533731777221,141,4
3,1,0,0,0,1.22510851518018,99,4
3,2,1,1,2.55854508135235,2.2668462676229,119,4
3,1,0,0,0,0,143,5
3,2,2,8,6.06719218811486,1.75014609558275,103,5
3,2,8,8,8.8257641341188,1.78348848444875,98,5
3,4,8,8,5.76716864382615,2.49185275740456,88,5
3,3,8,8,2.1501895620604,2.30853874247987,43,5
3,4,1,8,2.35019982489757,4.25036463519791,40,5
3,3,8,2,3.41693682275945,5.60882429295452,122,5
3,1,0,0,2.03351987688802,0.866743638471235,128,5
3,3,8,8,2.38354553416139,2.35019620269304,44,5
3,4,1,2,3.21692897460889,2.11683781578904,150,5
3,1,0,0,0,0,20,5
3,1,0,0,0,0,71,5
3,3,1,1,3.20027830603067,2.61689667665632,32,5
3,2,8,8,2.62523348123068,2.55855413689278,78,5
3,2,8,1,3.50866189744556,2.98359141539549,11,5
3,4,1,1,2.49187026475556,1.57511213741964,156,5
3,2,1,8,2.51688369706972,2.36687464156421,123,6
3,3,1,1,2.6919085997506,2.50855142017826,174,6
3,2,8,8,9.53412508679321,6.75057774159359,104,6
3,3,8,8,2.60022608592408,2.51688309333986,79,6
3,3,8,8,2.74190859973896,9.99252709106077,59,6
3,1,0,0,1.49180536688073,0,45,6
3,4,8,1,2.8002444987651,2.18352048052475,16,6
3,4,8,1,1.93349240848329,2.60022004891653,89,6
3,3,1,8,2.47521657764446,3.2836203930201,131,6
3,2,1,8,1.80850614263909,2.84189169609454,1,6
3,1,0,0,0,0,154,6
3,2,1,1,3.29196293273708,4.15036523889285,62,6
3,1,0,0,0,0,176,6
3,4,1,8,1.98350357695017,2.62522744428134,72,6
3,4,8,1,1.82514926500153,2.45855081646005,13,6
3,1,0,0,1.50850765191717,0,165,6
3,1,0,0,0.866739110730123,0,74,7
3,4,1,1,5.55881855776533,3.24192157929065,57,7
3,2,1,1,1.64178906695452,3.7003202632186,191,7
3,2,1,8,2.50024268770358,2.33355489152018,170,7
3,1,0,0,0,0,58,7
3,3,8,1,1.97517552599311,1.72514624649193,145,7
3,1,0,0,0,0.900114401301835,135,7
3,1,0,0,0,0,117,7
3,3,1,8,1.92516979086213,1.99187237763545,188,7
3,4,1,8,2.51688973401906,1.79182257235516,53,7
3,4,8,1,2.30020525824511,2.0751773371012,90,7
3,4,1,1,1.80015303811524,4.49206465634052,23,7
3,3,1,1,2.04184611671371,2.40021069149952,186,7
3,2,8,1,2.74191252375022,2.94192489964189,60,7
3,3,8,6,2.76690844882978,2.04185305925785,15,7
3,2,1,8,2.37521114433184,2.27519725920865,172,7
3,4,8,1,2.02517733705463,2.14183947601123,162,8
3,1,0,0,1.11676778650144,1.00009357358795,140,8
3,4,1,8,2.1751936369692,2.75856892752927,159,8
3,4,1,8,1.55847656133119,2.76691146730445,18,8
3,4,8,8,2.63356605992885,3.38361646898557,39,8
3,3,8,8,2.41687947115861,2.00019408977823,73,8
3,2,8,8,2.37520872952882,3.92533943074523,151,8
3,2,1,8,2.26686739712022,4.15868695103563,96,8
3,2,1,1,2.5252153701731,1.84184611670207,81,8
3,3,8,8,2.05016601766692,6.30884029093431,8,8
3,1,0,0,0,0,33,8
3,1,0,0,0,0,144,8
3,3,1,8,2.17516979080392,1.75849105010275,68,8
3,1,0,0,0,0.850075462600216,157,8
3,3,8,6,2.16685562499333,1.14176884299377,153,8
3,2,1,8,2.54182619455969,2.35853783698985,97,8
4,2,8,7,5.00872770079877,4.13368378160521,29,1
4,4,8,1,4.16704186669085,3.25028192822356,179,1
4,4,8,1,3.3919508587569,2.76692474866286,107,1
4,1,8,0,2.80859458481427,0,161,1
4,2,8,6,4.14202813245356,4.95876271545421,3,1
4,2,8,4,4.90875396179035,1.89179721695837,6,1
4,4,8,1,2.97525491262786,1.87516737601254,64,1
4,1,0,0,0,0,124,1
4,1,0,0,0,0,100,1
4,3,1,7,2.16688279155642,5.20879531523678,118,1
4,3,8,1,2.94192157930229,2.75024419697002,184,1
4,4,1,8,7.09228893113323,4.13364816317335,177,1
4,3,1,7,3.8919946270762,5.17544930416625,115,1
4,3,1,8,2.75857888860628,2.50021310639568,181,1
4,1,4,4,5.15047209395561,2.62523167021573,163,1
4,2,8,4,5.59214494854677,3.70032992248889,86,1
4,2,1,8,9.05075915355701,5.19211234862451,112,2
4,1,4,0,6.76726493402384,0,183,2
4,3,1,1,4.82541851548012,2.40854447765742,189,2
4,3,1,7,2.64190407190472,5.35880346526392,19,2
4,4,8,1,3.40027740038931,2.00016148993745,166,2
4,1,0,0,0,0,28,2
4,4,8,1,3.50863412721083,4.6504008572083,129,2
4,2,1,1,6.36721784539986,1.70014488813467,85,2
4,1,0,4,0,1.03341845504474,185,2
4,3,8,8,4.68373117200099,2.45023876370396,125,2
4,1,0,0,0,0,137,2
4,4,1,1,2.25018171395641,3.10026894859038,110,2
4,2,1,3,3.0502686467953,7.80065592075698,37,2
4,2,8,1,3.00864952150732,4.23371879628394,25,2
4,3,2,4,10.6759183796821,1.80021431366913,111,2
4,4,8,1,3.32527302368544,7.79233813274186,102,2
4,4,8,8,5.34213710040785,2.70856138120871,69,3
4,3,8,6,3.12527000519913,3.82535542873666,52,3
4,1,0,4,0,1.88349029549863,133,3
4,2,1,8,3.09193184226751,5.52546741522383,146,3
4,1,0,0,0,0,126,3
4,2,1,1,2.4668830933515,2.31686558597721,61,3
4,3,8,1,4.5170629961649,4.67540523409843,31,3
4,4,1,7,2.05017869535368,3.11693923757412,30,3
4,2,8,1,2.57526879769284,4.68373781279661,121,3
4,1,0,0,0,0,167,3
4,2,8,8,3.42529747355729,2.65856500342488,147,3
4,4,0,8,3.50030637811869,1.80846992053557,95,3
4,4,8,8,2.7168830933515,3.08362431707792,66,3
4,1,0,0,3.91701017227024,0,192,3
4,3,8,7,2.65856922941748,2.91695765033364,47,3
4,3,1,1,2.1085405535996,2.69190648675431,26,3
4,4,1,0,2.69190105341841,5.92553261492867,7,4
4,2,7,1,3.30861873284448,4.3170382444514,34,4
4,4,1,1,2.34187358501367,3.00027890969068,119,4
4,2,8,1,2.64189622388221,2.14185185183305,4,4
4,3,1,8,7.61730870231986,2.1001814120682,2,4
4,3,8,1,3.65865193633363,2.60024661174975,56,4
4,3,1,1,2.76690754317679,2.35020586196333,99,4
4,1,0,4,0,1.32512058923021,50,4
4,4,8,1,2.06684355100151,2.49188233877067,141,4
4,2,1,1,2.35019227874,2.40853753511328,113,4
4,1,0,4,0,1.36678318097256,80,4
4,3,1,3,1.91683751402888,3.05025234690402,187,4
4,1,4,4,1.11676205135882,1.85852002783213,139,4
4,4,8,6,2.49189169611782,4.92544085241389,155,4
4,2,8,8,4.1753599565709,3.57531498081516,76,4
4,1,0,0,0,0,14,4
4,1,4,0,3.70037731295452,0,32,5
4,2,8,1,3.5836493705865,2.05850523710251,88,5
4,4,8,8,3.4336303541204,2.30019891937263,98,5
4,1,4,4,2.47522201086394,0.775010715587996,44,5
4,4,8,1,2.70857194601558,2.98363005230203,103,5
4,1,0,0,0,0,122,5
4,1,0,0,0,0,43,5
4,3,5,8,4.33370068517979,2.7169039209839,20,5
4,3,8,2,2.58356304152403,2.0251749221934,71,5
4,4,8,8,2.27514413348399,2.8502526486991,78,5
4,4,0,8,3.45863533462398,2.30853512033354,11,5
4,2,1,1,6.12553201115225,2.61689396004658,156,5
4,2,8,8,3.27529173833318,4.01702224637847,150,5
4,3,6,1,8.10901838261634,2.89192761620507,143,5
4,2,0,1,3.21696791332215,3.45863442902919,40,5
4,3,8,1,2.60020978597458,1.90016481035855,128,5
4,4,8,1,2.55855323129799,3.02526638295967,1,6
4,2,8,1,2.733592622797,5.90051012707409,16,6
4,1,4,1,2.15853300725576,2.28361677087378,59,6
4,2,1,1,4.72541459149215,3.8003308280604,13,6
4,3,2,8,5.2587925986154,2.69190165714826,165,6
4,1,0,0,0,0,131,6
4,3,1,8,4.26701802050229,1.87516073533334,154,6
4,1,0,0,0,0,174,6
4,3,1,6,5.83389839716256,2.34188747021835,176,6
4,3,7,1,3.19194663292728,3.716958555975,45,6
4,2,8,1,3.34196232899558,2.55855866463389,72,6
4,2,0,8,2.58356304140761,2.85858462378383,89,6
4,4,1,1,6.79229044041131,2.00852908322122,123,6
4,4,8,8,3.9753243381856,1.97515801864211,104,6
4,4,1,8,2.17519424075726,2.55857194610871,62,6
4,1,0,0,0,0,79,6
4,4,8,8,6.45890639617573,3.14195719768759,170,7
4,1,0,1,0,3.49201153067406,145,7
4,3,8,6,2.95026472280733,4.73374656646047,58,7
4,4,1,8,4.30036342784297,2.40024570620153,60,7
4,4,1,1,2.55858039786108,4.88375652756076,172,7
4,2,1,1,6.84229677915573,1.9501648102887,23,7
4,3,8,1,3.38362431700807,3.66698391141836,74,7
4,4,8,8,2.23355066555087,4.25037097407039,191,7
4,3,6,7,7.76733979291748,4.41705243138131,135,7
4,3,0,1,5.10043526825029,6.42555374454241,117,7
4,1,0,0,0,0,188,7
4,2,1,8,5.95051073085051,1.48346403450705,90,7
4,2,1,1,2.7085755681619,3.60864378639963,53,7
4,1,0,0,0,0,15,7
4,1,0,0,0,0,186,7
4,2,1,1,3.6420067010913,3.03359232097864,57,7
4,4,1,1,3.36698874097783,2.12518578895833,151,8
4,4,8,1,5.24212744121905,1.9834972381359,97,8
4,1,0,4,0,0.766734884819016,8,8
4,3,1,7,5.61715717345942,2.85857224790379,157,8
4,3,4,3,4.16700896492694,3.00022065266967,144,8
4,2,1,1,2.6085647016298,2.7919182588812,39,8
4,4,1,1,7.1506230190862,4.83374867937528,81,8
4,2,1,1,2.0168462676229,3.39197138452437,159,8
4,2,8,1,1.98346946784295,3.70865948253777,18,8
4,1,0,4,0,0.766740318154916,73,8
4,1,0,4,0,0.733440490206704,68,8
4,3,8,1,2.41687433968764,1.65847384463996,140,8
4,1,4,0,2.42521204985678,0,153,8
4,2,8,0,2.74190437374637,2.80025506357197,162,8
4,4,1,1,4.10866189736407,1.77515590575058,96,8
4,3,8,1,2.85024449869525,3.53364212624729,33,8
5,4,1,1,6.86716276046354,1.85013321961742,181,1
5,4,8,8,4.88368550199084,2.07514724798966,115,1
5,2,1,8,4.15858197642956,3.25856932904571,124,1
5,1,0,0,0,0,64,1
5,1,0,0,0,0,107,1
5,4,8,1,3.23356441641226,1.77512934850529,118,1
5,3,1,1,2.90021609142423,2.32516226475127,3,1
5,3,8,1,3.03356043202803,1.56677087384742,86,1
5,1,0,0,0,0,177,1
5,2,1,8,2.57519448688254,1.99177409615368,161,1
5,1,0,4,0,1.7501250396017,179,1
5,3,8,1,4.18363608967047,2.84187320724595,29,1
5,2,1,8,5.5920592197217,3.48356222815346,163,1
5,2,8,1,6.39216027769726,2.08351592498366,100,1
5,3,7,2,7.28386310813949,4.10863885912113,6,1
5,4,8,1,3.55025296192616,2.53352224850096,184,1
5,2,8,1,12.7592739881948,1.54177139454987,137,2
5,3,8,8,4.03362683823798,1.95846630900633,25,2
5,1,0,0,0,0,129,2
5,4,1,1,7.30058567156084,3.56693598360289,111,2
5,4,8,1,3.56692994676996,1.64180070383009,19,2
5,4,8,1,2.85020777559839,1.62511888949666,189,2
5,1,0,0,0,0,102,2
5,3,8,8,2.22516706411261,2.39183518965729,85,2
5,1,0,0,0,0,110,2
5,1,0,4,0,2.65850787318777,166,2
5,4,8,1,2.44182660221122,2.27516270254273,125,2
5,2,1,8,3.1919534530025,2.45017777208705,28,2
5,2,1,8,4.57532458240166,1.90013248007745,185,2
5,2,1,1,5.51706078182906,2.39183700084686,183,2
5,3,8,2,3.39191487699281,4.94202234933618,112,2
5,3,3,1,6.70883795677219,2.80014754226431,37,2
5,1,0,0,0,0,66,3
5,4,1,1,2.74185959401075,1.52512338710949,52,3
5,3,1,1,3.0002224604832,1.90847731125541,61,3
5,1,0,0,0,0,69,3
5,4,1,1,2.27516390976962,1.97513786051422,26,3
5,3,7,1,4.00028826284688,2.56688165129162,146,3
5,1,0,4,0,1.75012654880993,95,3
5,1,4,0,3.71694251860026,0,30,3
5,3,8,2,3.66693088249303,2.87521661212668,147,3
5,2,1,1,2.28349696903024,1.71680185839068,167,3
5,2,1,8,4.54198389418889,2.98355211631861,133,3
5,3,1,2,2.60019638098311,3.26693045988213,121,3
5,4,1,1,2.79186398582533,2.87520695314743,47,3
5,2,1,1,2.95854841102846,1.58344695309643,192,3
5,2,1,1,2.41684130963404,2.58349766326137,126,3
5,4,1,8,8.63394788152073,1.73345439368859,31,3
5,3,1,1,4.88369425549172,3.16691171529237,76,4
5,2,1,8,3.49202779761981,1.80013456288725,50,4
5,4,1,8,2.5168072313536,1.70012125151698,2,4
5,1,0,4,0,1.99181333603337,119,4
5,3,1,1,3.30024066171609,2.09181276266463,34,4
5,2,8,8,6.4921440082835,2.24182805104647,80,4
5,4,1,8,3.08355908887461,1.76680081710219,187,4
5,3,1,1,3.93358394596726,1.73345077154227,4,4
5,2,1,8,4.84201386745553,2.73353136435617,14,4
5,4,1,1,2.64186107297428,1.79179305199068,56,4
5,1,4,0,1.84180317900609,0,7,4
5,2,4,8,4.10031364811584,2.12515163980424,139,4
5,1,0,0,0,0,155,4
5,3,1,1,3.65027895080857,1.75845115631819,113,4
5,4,1,8,2.46685113478452,2.05847599823028,99,4
5,1,0,0,0,0,141,4
5,1,0,0,0,0,98,5
5,4,1,1,5.44207864347845,1.73343175521586,20,5
5,1,0,0,0,0,103,5
5,2,8,2,4.55030850158073,3.30026722420007,43,5
5,4,8,8,2.55851538910065,2.14182198408525,71,5
5,1,0,0,0,0,11,5
5,3,8,2,6.0504272779217,2.99186917755287,156,5
5,3,2,8,3.57525334670208,2.22511514660437,150,5
5,1,4,0,1.908471576171,0,78,5
5,2,1,8,3.19189670600463,1.81679162592627,32,5
5,3,8,2,2.02516609826125,2.15015474124812,88,5
5,2,8,8,2.79188662429806,2.52518405811861,122,5
5,2,1,8,3.13356166961603,2.0001442823559,44,5
5,4,1,8,3.41691103612538,1.45843929378316,143,5
5,3,1,8,1.82513192924671,1.84181887493469,40,5
5,4,1,8,1.91679769288749,1.42508592805825,128,5
5,2,1,1,2.39184454688802,3.50024917372502,79,6
5,4,1,8,2.75019476597663,1.39176304859575,45,6
5,1,0,0,0,0,1,6
5,2,8,2,2.51681236259174,4.18363367498387,131,6
5,1,0,0,0,0,123,6
5,3,8,2,2.01681251358241,2.6168612918118,72,6
5,4,1,1,1.64178621524479,1.98349265265279,176,6
5,1,0,0,0,0,104,6
5,3,3,2,3.60028814210091,2.34185222897213,89,6
5,2,1,8,1.79180904978421,2.17515331506729,174,6
5,3,1,1,2.10848944552708,2.33350951061584,13,6
5,2,1,8,2.36684235103894,3.15024891716894,59,6
5,3,1,2,2.34183230705094,1.9584602721734,16,6
5,1,0,4,0,1.25012096471619,62,6
5,4,1,8,2.27515032677911,1.94180743501056,154,6
5,4,8,8,2.03349734621588,1.65844508924056,165,6
5,3,2,7,4.20030432101339,3.14191404695157,90,7
5,4,1,1,2.03346927464008,2.01679108245298,117,7
5,3,7,8,3.50024675903842,1.6334377619205,53,7
5,1,0,0,0,0,60,7
5,2,8,1,2.32516799983568,2.03350579796825,145,7
5,3,2,1,2.22515287739225,2.45017867768183,57,7
5,3,1,1,2.21682464773767,2.133503111545,23,7
5,2,1,1,2.11682129721157,1.45010593289044,188,7
5,1,0,0,0,0,191,7
5,1,4,0,2.35016989393625,0,170,7
5,1,4,4,2.0084806617815,3.53360163408797,172,7
5,2,1,1,3.14191253774334,1.9084736892255,186,7
5,4,8,1,2.06680000200868,2.14185156486928,135,7
5,2,8,8,2.19183029991109,2.35850355681032,15,7
5,4,8,8,1.94179234269541,2.5501829336863,74,7
5,4,8,8,1.54179252381437,2.15015172283165,58,7
5,1,0,0,0,0,96,8
5,4,8,1,2.15848568745423,2.12514862127136,144,8
5,1,0,0,0,0,151,8
5,1,0,0,0,0,97,8
5,2,8,8,2.61687578039709,2.40017458761577,153,8
5,4,1,1,1.96678125741892,3.09189033706207,33,8
5,2,1,8,1.90850719402079,2.30849614646286,8,8
5,3,7,1,3.1002158500487,1.90841513103805,18,8
5,3,2,1,5.87541100091767,2.04179780604318,39,8
5,3,1,2,2.91686651378404,1.87513783026952,162,8
5,4,1,8,1.99180941202212,2.66686206159648,140,8
5,2,1,1,3.2668842774583,2.31684942927677,73,8
5,2,1,1,2.30011569755152,2.50017914548516,68,8
5,3,8,1,1.90014153555967,3.04189469863195,159,8
5,1,0,4,0,1.17508479603566,81,8
5,4,1,0,1.69179271999747,0,157,8
6,4,8,1,4.30055019241991,10.9263740698225,6,1
6,3,1,8,5.40067060268484,2.85870828089537,161,1
6,1,0,0,0,0,118,1
6,4,1,8,4.30054928688332,1.68354593531694,86,1
6,3,1,7,2.8003991136211,3.225401400181,100,1
6,3,1,1,3.85883083433146,2.68365249037743,124,1
6,4,1,0,2.50032615510281,23.3112947467016,29,1
6,2,1,1,4.44223764433991,3.52545171952806,179,1
6,2,1,2,4.94229424226796,8.51773900410626,107,1
6,2,1,1,3.70882967219222,2.82538190030027,177,1
6,4,8,1,3.60045441356488,1.85023519088281,3,1
6,2,1,1,3.00871397083392,2.37530264805537,64,1
6,1,0,0,0,0,115,1
6,3,1,8,2.63367484282935,3.32544212054927,163,1
6,1,0,0,4.10055689356523,0,184,1
6,1,0,0,3.60879136668518,0,181,1
6,4,1,8,3.02538546221331,3.33375884930138,112,2
6,3,2,1,2.86705579893896,3.43377179891104,183,2
6,3,2,1,3.43381073826458,5.29843116528355,28,2
6,3,1,7,3.00037762150168,3.73672959249234,185,2
6,2,1,1,2.98373601387721,1.83284498110879,102,2
6,2,1,1,1.64186599961249,5.12891895504436,129,2
6,1,0,0,1.79191032715607,0,19,2
6,1,0,0,1.73354682582431,0,189,2
6,4,1,1,5.51736228814116,3.13280685670907,85,2
6,4,1,8,2.22532653994858,3.02530275372555,25,2
6,1,0,0,0.900112622359302,0,125,2
6,2,1,1,2.45030171988765,16.0475332199712,166,2
6,2,1,0,4.56718719669152,2.3941091648885,110,2
6,1,0,0,0,1.04028415493667,111,2
6,4,8,0,2.3419584580115,4.56539870158304,37,2
6,3,8,1,3.45871474058367,3.36837807792472,137,2
6,1,0,0,0,2.34509866306325,52,3
6,4,8,1,4.70895464043133,4.30517462204443,61,3
6,2,1,1,3.80881907703588,2.39770456840051,69,3
6,1,0,0,0,0,31,3
6,4,2,1,5.87576312897727,1.39716605778085,121,3
6,3,1,1,1.92524120537564,1.26870320673333,192,3
6,3,8,1,2.75881033833139,1.24167625309201,133,3
6,4,1,8,1.85853471385781,1.40101894416148,147,3
6,1,0,0,0,0,26,3
6,1,0,0,0,0,47,3
6,2,1,1,3.29208978032693,13.3852672072244,66,3
6,2,1,0,3.75885350367753,2.12129981484031,95,3
6,3,1,1,2.96704912791029,6.51646970078582,167,3
6,3,2,8,3.40879354003118,2.47822518495377,126,3
6,2,1,1,2.87536739616189,23.5560429854668,30,3
6,4,1,1,1.89193686028011,0.674738087342121,146,3
6,1,0,0,0,0,187,4
6,2,1,1,2.1836164186243,0.730412054224871,141,4
6,2,1,1,1.50851550075458,0.681185725494288,119,4
6,1,0,0,1.3085071091773,0,56,4
6,2,0,1,1.82526568585308,0.961324736126699,155,4
6,4,1,1,2.75034962437348,1.67363238986582,34,4
6,1,0,0,0,0,99,4
6,3,8,2,2.84201294300146,2.64988540043123,50,4
6,3,1,8,2.54198526276741,1.73710872331867,139,4
6,3,8,1,2.45031681266846,4.29740877996664,80,4
6,3,1,8,2.03359201364219,2.23611788189737,14,4
6,4,1,1,1.59185937384609,3.27327933936613,76,4
6,4,1,1,1.74188257148489,3.69763867330039,113,4
6,1,0,0,0,0,2,4
6,4,1,1,3.35046112991404,1.58664904232137,4,4
6,2,8,1,5.81739328877302,1.60169775731629,7,4
6,3,2,1,3.32545027061133,2.52580187213607,122,5
6,4,1,1,2.83368896966567,0.948844511411153,156,5
6,4,1,1,1.88357666425873,1.85722707491368,88,5
6,3,1,1,2.15860555937979,1.4455052325502,32,5
6,4,1,8,1.86687981704017,3.59388090157881,40,5
6,1,0,0,0.641744653577916,1.89671372697921,20,5
6,1,0,1,2.60866277618334,1.92589562851936,143,5
6,2,1,1,3.69213403237518,2.40920466755051,98,5
6,1,1,0,4.70060319831828,0,128,5
6,1,0,0,0,2.57954547170084,71,5
6,2,1,1,2.83373062574537,7.50839204178192,103,5
6,4,8,8,3.91720701358281,2.05729493207764,150,5
6,2,1,1,2.45032013306627,1.76820952165872,11,5
6,2,1,8,2.71702203637687,3.19280037889257,78,5
6,3,1,1,3.13377007830422,2.2662216508179,43,5
6,3,7,1,5.39238919102354,2.20295239042025,44,5
6,1,0,0,0,0,154,6
6,3,8,1,2.79206759395311,1.53814384690486,174,6
6,2,1,1,6.1841223288211,16.7245436771191,62,6
6,3,1,1,5.40901721513364,1.65219157817774,79,6
6,2,1,1,3.98384860606166,2.69647411390906,123,6
6,3,1,8,2.53369479550747,1.91691300604725,59,6
6,4,1,1,2.95041657594265,2.55400183709571,13,6
6,1,0,0,0,0,165,6
6,3,1,8,3.03370430396171,2.1172314035357,131,6
6,2,1,1,4.7589748496539,2.28143185860245,1,6
6,1,0,0,0,0,45,6
6,4,8,1,3.92553309985669,29.1721368456492,72,6
6,4,8,1,3.18375104630832,8.98927959415596,89,6
6,2,1,1,4.08385189628461,12.2453130108188,104,6
6,1,0,0,0,0,176,6
6,4,8,0,3.5004785922356,2.17854977038223,16,6
6,3,1,8,13.5767191966297,2.71408950805198,15,7
6,3,2,1,6.50082361331442,1.97398365935078,145,7
6,4,8,1,3.92549929197412,1.86143162316876,90,7
6,1,0,0,2.00031121319626,0.530065584229305,117,7
6,1,0,0,0,0,74,7
6,4,1,1,3.54217995970976,1.44148451433284,53,7
6,1,0,0,0,0,58,7
6,4,0,1,7.42594649124658,1.53340471215779,23,7
6,2,1,1,15.3769480636111,2.26930450333748,172,7
6,2,1,1,36.0462295051548,1.777361485234,170,7
6,3,1,8,5.40065188758308,4.64040411240421,186,7
6,4,2,1,6.05076790583553,2.01634880754864,57,7
6,2,1,1,45.0640323516564,1.2379878780921,60,7
6,1,0,0,2.01692414452555,2.4688640353852,135,7
6,3,8,1,4.73395312362118,1.9369405292673,188,7
6,2,8,1,57.9240117470035,1.4338674871251,191,7
6,3,1,0,2.40864412148949,1.73147971788421,68,8
6,3,1,1,39.6550250978325,1.28181340429001,153,8
6,1,0,0,0,0,33,8
6,1,0,0,0,1.92860327434028,140,8
6,2,0,1,51.9982462182525,2.0325484983623,81,8
6,1,0,0,0,0,144,8
6,4,1,1,4.55891001102282,3.2523918292718,18,8
6,1,0,0,0,0,157,8
6,4,1,1,97.9207185010891,1.87419378105551,39,8
6,4,1,1,2.58363923890283,2.31199384457432,159,8
6,2,1,2,2.20027885428863,8.95308981026756,97,8
6,3,1,1,6.45082030806225,3.66489457234275,8,8
6,2,1,8,4.91726315871347,4.90190081566107,96,8
6,4,1,1,3.23374499409692,158.473940644879,162,8
6,3,1,8,13.5183928235783,3.05315769754816,73,8
6,2,0,1,7.38424965157174,3.28295441885712,151,8
7,2,1,7,5.56688024403775,3.46681109072961,29,1
7,3,3,3,3.50012300293747,2.54179277611911,118,1
7,2,1,8,6.32525568764322,3.75015703626559,6,1
7,1,0,0,0,0,163,1
7,4,8,8,9.18369696422815,3.08345032447323,64,1
7,3,3,1,17.1423438292841,2.38342113579711,115,1
7,3,3,1,3.38346671480031,3.42516154134137,181,1
7,4,1,8,8.98368724473039,2.43343096094031,177,1
7,1,4,0,4.57518105579584,0,100,1
7,1,0,0,0,0,161,1
7,2,8,8,3.8084909154386,3.09179218751524,3,1
7,4,8,1,3.63345909314739,3.47514057802255,179,1
7,4,1,8,2.60012605160227,11.375452658358,107,1
7,2,1,1,5.41688397185862,3.85015163319258,86,1
7,1,0,0,0,0,124,1
7,3,3,3,6.225335345247,2.66677221274585,184,1
7,3,2,7,8.25867502744586,2.59176064443091,111,2
7,3,6,2,5.78356825636729,5.81688077226863,125,2
7,3,3,8,5.84191058727811,2.96678377351418,189,2
7,1,0,0,0,0,28,2
7,1,0,4,0,1.93341028437135,137,2
7,4,1,1,2.90011618118297,2.2167601539295,129,2
7,2,8,8,4.95020086455406,2.47509620640994,37,2
7,2,8,1,5.09185617922776,3.74179887344508,25,2
7,4,1,8,3.55022760825887,1.9667403074418,110,2
7,1,0,4,0,1.41672399257732,183,2
7,1,0,0,0,0,185,2
7,2,1,1,6.55027741312733,3.03345257323599,85,2
7,2,8,1,6.94195136690178,2.39175877297748,112,2
7,4,8,1,7.31696000729062,3.65848317304699,102,2
7,3,1,3,3.78346985401731,2.95844704187766,19,2
7,4,8,2,4.25853798858952,3.3167979150785,166,2
7,2,8,7,7.11693368617489,3.05845069423231,61,3
7,4,8,8,3.02513002844353,2.46676702096738,30,3
7,4,1,1,4.46684942538923,3.02511765268719,69,3
7,2,8,7,4.36685513030898,5.20020622235097,121,3
7,2,2,2,10.3837477350098,5.06686711366274,147,3
7,1,0,4,0,4.43345722169033,167,3
7,3,1,2,12.2254886838818,3.41680368037123,26,3
7,4,1,2,4.0751640014023,2.85840867703519,66,3
7,2,7,2,10.3254250242026,2.45842002650897,146,3
7,4,1,3,3.12512130504547,2.89176556454913,95,3
7,1,0,0,0,0,126,3
7,1,0,4,0,1.2917216155256,192,3
7,1,0,0,0,0,133,3
7,3,1,8,2.62511149499551,3.00845445223968,31,3
7,3,8,2,2.77510806902137,3.69181078133624,47,3
7,3,2,7,2.36677936653723,6.11690229401211,52,3
7,3,6,2,6.30025635925267,2.94180678185148,56,4
7,4,2,8,7.90033079489513,2.87511141953291,155,4
7,4,2,1,8.72538439550044,2.60844316313523,119,4
7,3,2,2,3.18345578791559,3.45846832214011,2,4
7,3,3,2,5.94186443476428,3.14178541103684,99,4
7,2,1,2,3.69181530904825,2.17509370107291,76,4
7,1,3,0,24.6009781676548,0,14,4
7,3,3,3,12.2588196124925,2.02508535498055,187,4
7,2,2,3,15.5256122301471,2.10008998079866,113,4
7,1,3,0,12.8921754737239,0,139,4
7,1,0,0,0,0,80,4
7,2,2,7,9.41704093266162,3.00011289104077,34,4
7,2,1,6,3.65013768782592,4.58354585927009,4,4
7,1,0,0,0,0,50,4
7,4,2,7,25.0176508461227,4.70849873329644,7,4
7,4,3,1,11.7921334867096,4.16683001658021,141,4
7,3,7,1,21.2175063214454,4.65850943379701,128,5
7,4,1,2,3.18351374267149,6.22524962050375,11,5
7,3,7,3,12.4004906232512,2.89180631398995,71,5
7,3,3,6,17.1173396713275,2.35843508871039,143,5
7,3,6,6,14.233888501687,2.2750816573498,20,5
7,1,6,0,3.76682144410734,0,32,5
7,4,6,7,9.79205500630997,2.55008694723074,78,5
7,2,2,2,19.517472906904,9.06707327564436,150,5
7,1,0,4,0,1.29171678596322,44,5
7,1,3,0,2.60847817746617,0,122,5
7,4,8,8,3.16679530409601,4.96696397658889,103,5
7,4,8,1,9.81705584393785,2.50010941979053,98,5
7,2,2,3,15.8922738760775,2.90010833314227,156,5
7,2,4,6,13.6088702776324,1.46674498608263,40,5
7,1,0,4,0,0.766699497635273,43,5
7,2,6,2,22.0925455993784,2.57508023866467,88,5
7,4,3,1,58.3022838702564,1.86673725878063,62,6
7,3,2,8,2.30009607812099,2.19174724239565,165,6
7,1,7,4,22.5008836591442,0.725042402056715,131,6
7,4,8,8,4.60850141974151,2.60010884627991,123,6
7,4,1,1,3.12513700112322,3.0501224143336,1,6
7,3,1,2,4.43350974319037,3.80847642675144,154,6
7,2,8,3,6.44194849934865,4.48350749442398,89,6
7,1,0,0,0,0.833370108444797,174,6
7,1,0,0,0,0,59,6
7,3,7,3,3.80014090250552,2.52512534980269,176,6
7,3,6,2,3.5501391668804,2.54176440243828,45,6
7,4,1,8,3.96681999523571,3.76682355703815,104,6
7,2,1,2,10.9921021549198,2.22507998209403,13,6
7,1,4,0,2.58343809963844,0,79,6
7,2,1,8,3.358473121516,3.37513239794498,72,6
7,2,1,7,2.93345073196542,2.30008973932127,16,6
7,3,3,2,3.2001268364038,2.01673956792001,117,7
7,3,3,2,5.28346125135795,4.1251696006766,74,7
7,3,0,3,3.00011983353761,4.65008878850131,135,7
7,2,1,7,3.82522837042416,2.400095504614,90,7
7,2,3,2,14.150559218142,2.81677965329072,57,7
7,4,3,2,22.5675575902751,4.37522385780176,191,7
7,2,3,2,48.3352927273736,1.77507305469044,23,7
7,4,1,3,2.18342711238438,2.21674596708908,172,7
7,2,3,2,89.0784716485032,5.30018723613102,53,7
7,1,0,4,0,2.97508488711901,145,7
7,4,8,1,2.62511451347018,5.13353198936602,170,7
7,1,4,4,2.53343944286098,0.750031769472116,188,7
7,4,7,8,23.6509372823857,3.10847229143837,60,7
7,1,4,0,3.55014792046495,0,15,7
7,3,7,7,2.25844532134579,4.24184701815466,58,7
7,1,0,0,0,0,186,7
7,4,8,7,8.94197370363327,3.58350812830759,81,8
7,4,1,1,5.08353001226351,3.13348429742837,97,8
7,3,2,1,3.45016358636349,2.27508769430278,33,8
7,1,0,4,0,1.24171329961973,68,8
7,1,0,4,0,1.40007105494806,153,8
7,3,8,0,4.09182810739367,1.89174202042705,144,8
7,4,7,1,3.30013199799942,2.38344950948522,96,8
7,2,7,2,4.12516929882986,2.45843542073999,159,8
7,3,7,8,11.1254403580642,9.86705902843096,157,8
7,4,3,2,12.7004928267415,3.35847040488807,151,8
7,1,0,4,0,1.3000535175961,8,8
7,3,6,2,3.43347744548737,8.56699887018476,140,8
7,2,1,1,2.83343289276672,3.61681189062801,39,8
7,2,2,2,7.70030628485983,2.25842600309261,162,8
7,2,2,2,3.21681509021073,2.03341303118941,18,8
7,1,0,1,0,2.01674107715371,73,8
8,1,0,4,0,3.93363797629718,115,1
8,3,8,3,19.409711408196,2.96687905548606,124,1
8,4,1,8,10.0923904955853,2.8585396273993,3,1
8,1,0,3,0,22.9183096389752,181,1
8,1,0,0,0,0,118,1
8,4,1,1,7.50887170317583,3.04189318942372,29,1
8,2,1,3,12.7009126914199,8.47561040020082,64,1
8,2,1,8,9.95071188837755,9.88404530228581,179,1
8,1,4,4,5.80042192013934,13.2842986716423,184,1
8,2,1,1,10.4174145150464,3.27522427903023,107,1
8,2,8,1,11.959190437221,4.70868763758335,177,1
8,3,2,3,19.6680715580005,8.2672600755468,100,1
8,4,8,1,8.59226688963827,3.15022748615593,6,1
8,3,7,3,11.8258515299531,5.04201996466145,163,1
8,3,7,6,8.45061152474955,3.47524365747813,161,1
8,4,1,1,10.0340512334369,8.66728887171485,86,1
8,1,0,0,0,0,19,2
8,4,8,1,10.5757577313343,5.97543246217538,37,2
8,2,8,1,9.98411173850764,7.84222274483182,166,2
8,4,1,1,8.94229250133503,7.3338690091623,85,2
8,3,8,6,7.17551734123845,3.53359318245202,28,2
8,2,8,1,9.38401013717521,16.0094779605279,102,2
8,1,4,4,7.80056408955716,7.35885943309404,189,2
8,4,8,1,8.60062439844478,12.7759072054178,25,2
8,3,2,3,10.3840689971112,3.39189918106422,185,2
8,2,1,1,4.77534577203915,7.65888336952776,129,2
8,1,0,4,0,4.35865689441562,111,2
8,4,8,1,6.32545082946308,13.3009611677844,112,2
8,3,7,3,4.29194895538967,10.7424421565374,137,2
8,3,7,6,7.14216276793741,4.55031061451882,183,2
8,1,0,4,0,2.6251898232149,125,2
8,2,1,1,5.80042765522376,3.94192334392574,110,2
8,3,2,6,5.10870164318476,5.35871605633292,192,3
8,2,8,1,7.50054649193771,4.2503032797249,69,3
8,1,0,0,0,0,52,3
8,1,4,0,5.34205205086619,0,31,3
8,4,1,1,5.54205875180196,5.42538596282247,121,3
8,4,2,1,8.76730459788814,3.25857566774357,61,3
8,3,7,7,13.6010014038766,3.6669562375173,133,3
8,3,3,7,6.69216459407471,4.55033023457509,167,3
8,2,1,1,5.14204082230572,6.51713895983994,30,3
8,3,3,3,6.65881666145287,3.04190797987394,126,3
8,1,0,0,0,0,47,3
8,4,1,1,12.4092254362768,3.55025779141579,146,3
8,2,1,8,3.7669396661222,5.01703950157389,95,3
8,2,1,1,9.24235175363719,5.37540420936421,66,3
8,1,0,0,0,0,26,3
8,4,8,1,5.32537989562843,11.0424576412188,147,3
8,2,1,8,6.08384644624311,10.9924577770289,155,4
8,2,8,1,8.07558130228426,8.99231319280807,119,4
8,1,4,0,5.61707077291794,0,2,4
8,4,8,8,3.92527865665033,3.51691740506794,76,4
8,4,1,8,5.85875876748469,4.61700346134603,34,4
8,1,4,0,3.25023838272318,0,56,4
8,4,6,8,5.50873315590434,6.94218353496399,113,4
8,2,1,1,5.4670612195041,6.7671533729881,141,4
8,4,1,1,5.25868191756308,4.87535183911677,4,4
8,1,0,0,0,0,187,4
8,3,2,3,8.01720732799731,2.97525558050256,80,4
8,3,1,3,9.5423587866826,4.81704457267188,14,4
8,2,1,1,4.90868739609141,3.50858645874541,7,4
8,1,0,0,0,0,99,4
8,3,3,6,4.53367830289062,4.04192639247049,139,4
8,3,1,3,7.16718488570768,4.90035614790395,50,4
8,4,1,2,5.23370839701965,5.75042145233601,156,5
8,1,0,0,0,0,143,5
8,3,7,3,3.99195822211914,3.73360561847221,43,5
8,2,8,2,8.09223685599864,5.35038511012681,78,5
8,1,0,4,0,5.0503702290589,20,5
8,2,8,1,3.79187123011798,3.95028417289723,11,5
8,3,8,3,4.60033190972172,3.70859798928723,122,5
8,1,0,0,0,0,71,5
8,2,1,7,8.87563406501431,6.92548149707727,98,5
8,4,2,8,5.77542304445524,3.74196825851686,88,5
8,3,3,7,4.16695729386993,4.62534195359331,32,5
8,3,3,3,5.10870254877955,3.74194380897097,44,5
8,4,1,1,7.75056422548369,9.71736389549915,40,5
8,1,4,4,3.70860281889327,5.65037916367874,128,5
8,4,1,1,5.69207645521965,3.96695300773717,150,5
8,2,3,2,4.9587186522549,7.03381941583939,103,5
8,3,1,3,5.70043064351194,2.60850408498663,174,6
8,3,3,6,8.42560600838624,4.42532016034238,131,6
8,1,0,0,0,0,45,6
8,1,4,0,3.06689146137796,0,154,6
8,4,1,1,3.7419474311173,5.86708669527434,89,6
8,2,1,1,8.37558682612143,3.10025146778207,1,6
8,1,0,0,0,0,176,6
8,3,3,3,4.05029959708918,3.74193022586405,79,6
8,3,6,3,5.91708776680753,4.35864391515497,59,6
8,2,8,1,10.6340975969797,3.36690060724504,62,6
8,1,0,0,0,0,165,6
8,4,7,1,5.73374627868179,4.84200209542178,72,6
8,4,1,1,4.3336242120713,4.56699152325746,16,6
8,2,1,2,7.1338073721854,5.91709652030841,123,6
8,4,1,8,5.1753525333479,6.28378915577196,13,6
8,2,3,1,3.91695948236156,3.14190257678274,104,6
8,2,1,1,5.25870274496265,7.85056002973579,60,7
8,1,0,0,0,0,74,7
8,1,4,0,2.99187702557538,0,135,7
8,3,6,3,4.12529260176234,6.60882434353698,145,7
8,2,1,1,3.45024930965155,4.08363092818763,170,7
8,4,1,1,3.43358138028998,3.44190991169307,23,7
8,2,1,1,4.55864578660112,3.87528694223147,191,7
8,1,0,0,0,0,117,7
8,4,8,1,4.0586549929576,7.30052711337339,57,7
8,3,3,3,4.6086613467196,4.49199338722974,186,7
8,1,4,0,3.53359469166026,0,58,7
8,2,8,1,4.79201460687909,4.32531530072447,172,7
8,3,3,3,3.5169237437658,4.11695109098218,15,7
8,4,8,1,4.52532169979531,3.29188436036929,90,7
8,3,3,3,5.15868822613265,3.95027843781281,188,7
8,4,1,1,6.30878440930974,3.22523407393601,53,7
8,3,3,3,3.29190609336365,6.59216154552996,153,8
8,2,1,8,3.34191018342972,3.95864862389863,81,8
8,1,0,0,0,0,144,8
8,1,4,0,4.59200035978574,0,140,8
8,3,3,3,5.11703198566101,2.97521332208999,8,8
8,4,1,1,5.55873875517864,7.23384603869636,39,8
8,4,8,8,4.16697510285303,5.00869527412578,159,8
8,1,4,0,9.26733704621438,0,33,8
8,2,1,1,4.41699494922068,4.0169534755405,97,8
8,3,3,3,3.90868890529964,5.65041568712331,73,8
8,2,1,1,3.80027129908558,9.01731206849217,151,8
8,4,1,1,4.15864476037677,3.30023673782125,162,8
8,1,4,4,3.46691331500188,3.79193673061673,157,8
8,4,1,8,7.2005122929113,4.11696739075705,18,8
8,3,3,3,3.47523128194734,3.32524376315996,68,8
8,2,1,3,2.60853336413857,3.05855628929567,96,8
9,2,0,0,11.7598327236483,18.8690486503765,184,1
9,4,0,0,3.24207198590739,6.50915845343843,163,1
9,2,0,8,4.51724154589465,3.63381822424708,115,1
9,1,0,0,1.60021474014502,0.691758825734723,3,1
9,2,0,0,7.5342969976482,6.26743873313535,118,1
9,1,0,0,1.15847908181604,0.725096676847897,29,1
9,3,0,0,14.2684451200184,1.50019303674344,64,1
9,4,1,0,6.72584709012881,1.71692000911571,161,1
9,3,0,0,2.68370259850053,1.61689679644769,107,1
9,3,0,0,4.25053873698926,2.31697718059877,177,1
9,1,0,0,0,0,86,1
9,4,8,0,5.52572338969912,7.88435213157209,124,1
9,3,0,0,4.05054000479868,0.975134031497873,179,1
9,2,0,0,10.4179895744892,5.70905123429839,181,1
9,1,0,0,0,0,6,1
9,4,0,0,3.35881589248311,6.01744514756138,100,1
9,1,0,0,0,0.583404998935293,37,2
9,2,0,0,7.03423496626783,3.37542459776159,125,2
9,4,0,0,3.22539747605333,2.6587149820989,137,2
9,2,1,0,19.7275060891407,2.09193921473343,189,2
9,2,0,0,6.18411991401808,2.90032029908616,19,2
9,4,0,0,4.07553124346305,3.97552040679147,183,2
9,4,0,0,2.67533666722011,1.83354106039042,28,2
9,3,0,0,3.35877333080862,1.4418319502729,129,2
9,3,0,0,3.56712320330553,1.35017074469943,166,2
9,4,0,0,3.15037787810434,9.1095156694646,185,2
9,2,0,0,3.00038154562935,7.65097630704986,111,2
9,1,0,0,0,0,112,2
9,1,0,0,0,9.30952255183365,85,2
9,3,0,0,2.86701927438844,0.775147977226879,110,2
9,3,0,0,4.00886701175477,2.2502948375768,102,2
9,1,0,0,0,0,25,2
9,4,0,0,6.08409911615308,2.82535835553426,133,3
9,3,0,0,3.44211026123958,3.00037822517334,69,3
9,3,0,0,8.6677893687156,2.2252553019789,66,3
9,4,0,0,7.64263542980189,2.53365042270161,192,3
9,4,0,0,8.02604320581304,1.89188403548906,167,3
9,2,0,0,13.2100164179574,2.16694039944559,52,3
9,3,0,0,10.0012889239006,1.78356975171482,30,3
9,2,0,0,26.678394767514,1.64187897939701,31,3
9,4,0,0,3.05038998252712,1.60853297816357,126,3
9,1,0,0,0,0,146,3
9,1,0,0,0,0,147,3
9,1,0,0,0,0,61,3
9,1,0,0,0,0.633410719048698,121,3
9,2,0,0,3.06709196121665,2.51703960436862,26,3
9,3,0,0,7.04256497672759,1.45013539737556,95,3
9,2,0,0,6.97590104688425,2.14193950145273,47,3
9,3,0,0,2.98370462085586,2.62528144277167,7,4
9,4,0,0,2.95871670270571,4.10885883140145,50,4
9,4,0,0,6.23419566469966,1.90024091105442,14,4
9,2,0,0,9.39287517877528,4.79230032471241,99,4
9,3,0,0,4.07550709496718,1.97525718860561,119,4
9,2,0,0,4.29221233376302,1.85857546434272,2,4
9,1,0,0,0.633407398650888,0,76,4
9,2,0,0,3.46710180176888,1.92523848870769,187,4
9,3,2,0,6.71752704097889,2.15026588959154,141,4
9,2,2,0,8.14269897044869,3.57549034192925,56,4
9,1,0,0,0,0,113,4
9,1,0,0,0,0,4,4
9,4,0,0,4.44225424638717,3.81713972991565,139,4
9,3,0,0,3.45043664937839,1.18348722439259,155,4
9,4,0,0,2.64200123096816,1.90858390124049,80,4
9,1,0,0,4.1255245875218,0,34,4
9,3,0,0,1.89190275053261,1.0667925204034,78,5
9,4,0,0,5.45902806683443,6.90090348437661,43,5
9,1,0,0,0,0,40,5
9,2,0,0,10.1096499952255,2.1502761527081,143,5
9,3,0,0,3.15039538568817,1.85034717939561,11,5
9,2,0,0,4.79230575810652,2.61698825872736,128,5
9,1,0,0,0,1.09181817056378,88,5
9,3,0,0,4.83392803941388,2.89202530396869,98,5
9,4,0,0,4.50890580017585,2.20864267251454,32,5
9,4,0,0,3.09206327737775,2.03360257856548,122,5
9,2,0,0,3.11705119564431,4.1338530885987,71,5
9,2,0,0,1.03345497115515,5.73406813060865,20,5
9,1,0,0,1.42517313692952,0.841762402735185,156,5
9,1,0,0,0,0.983481247676536,150,5
9,4,0,0,3.07538303226465,2.28362634970108,44,5
9,3,0,0,1.8335697366856,1.39185339713003,103,5
9,3,0,0,1.7752303838497,1.25017892499454,1,6
9,3,0,0,2.06693439255469,2.1836004203069,62,6
9,4,0,0,6.93418217170984,4.10883890895639,59,6
9,1,0,0,0,0,13,6
9,4,0,0,7.77599739923608,2.60866941697896,131,6
9,1,0,0,0,0,16,6
9,1,0,0,1.55016343976604,0,72,6
9,3,0,0,2.47532254038379,2.78369502187707,123,6
9,4,0,0,2.59200305718696,2.75867329578614,174,6
9,1,0,0,0,0.991787411505356,89,6
9,4,0,0,5.79239601298468,6.76752823329298,79,6
9,2,0,0,1.96695011924021,3.87549598666374,176,6
9,2,0,0,3.91717803542269,1.45019939081976,45,6
9,2,0,0,2.67534119507764,1.80022162245587,165,6
9,3,0,0,3.14204635843635,1.94192356348503,104,6
9,2,0,0,2.33362995687639,3.40876939159352,154,6
9,2,0,0,3.10040747502353,5.14231440628646,58,7
9,4,0,0,1.36684404715197,1.20015750831226,186,7
9,3,0,0,1.80857004609425,3.60880012053531,191,7
9,1,0,0,0.641790535650216,3.70047370222164,23,7
9,2,0,0,2.92531425441848,6.55916447541676,117,7
9,1,0,0,0,0.63342641555937,90,7
9,3,0,0,3.20873594598379,1.5835438525537,60,7
9,4,0,0,1.67521441564895,5.70905485650292,188,7
9,1,0,0,0,0.7250924508553,53,7
9,4,0,0,3.54213709622854,2.11691626609536,145,7
9,2,0,0,7.10920656926464,3.7754812259227,74,7
9,2,0,0,2.01694044476608,1.20017411035951,135,7
9,3,0,0,2.43365860299673,3.20040321891429,170,7
9,1,0,0,0.716779948095791,5.69238970417064,57,7
9,3,0,0,2.30029482248938,3.02532901521772,172,7
9,4,0,0,2.18365415063454,7.63429153407924,15,7
9,2,0,0,4.39219841820886,2.52532524202252,157,8
9,1,0,0,0,0,39,8
9,3,0,0,2.25026072788751,3.35042188863736,151,8
9,4,0,0,1.30016925052041,2.23363632604014,153,8
9,3,0,0,2.43366222531768,2.6253267210559,81,8
9,2,0,0,2.70867119793547,2.84202380978968,33,8
9,2,0,0,2.15027283231029,3.18378123186994,140,8
9,1,0,0,0,0,162,8
9,2,0,0,2.31696238968289,1.65856133756461,144,8
9,1,0,0,1.19182115898002,0,159,8
9,3,0,0,1.17519494594308,2.22527673380682,96,8
9,4,0,0,2.14194010518258,4.77562611666508,73,8
9,4,0,0,2.475321634789,3.50877328554634,8,8
9,1,0,0,0.900114735355601,0.675087636278477,18,8
9,4,0,1,0.950126794457901,2.70033967826748,68,8
9,3,0,0,1.39183920994401,3.72547882620711,97,8
10,2,8,8,3.30024307867279,5.07542894955259,29,1
10,4,8,1,2.37515737628564,4.9587128450512,177,1
10,1,4,0,4.84204262163257,0,163,1
10,4,8,8,2.79190134140663,7.09221746743424,107,1
10,2,8,1,3.00019167386927,3.19193919317331,6,1
10,4,8,1,2.45852917019511,3.33363206282957,179,1
10,2,8,8,2.48353793140268,3.93363918643445,86,1
10,3,8,8,3.10027893830556,4.30035627190955,118,1
10,1,0,0,0,0,124,1
10,3,7,8,3.86697078921134,5.80039566318737,115,1
10,1,0,0,0,0,100,1
10,4,8,1,3.05007215688238,4.4337108755135,64,1
10,1,0,4,0,3.79194118542364,161,1
10,3,7,1,3.858613506658,4.62533795722993,181,1
10,3,0,1,1.05842853384092,5.20870688353898,184,1
10,2,8,1,3.10026958101662,10.1841602526256,3,1
10,3,8,1,3.26693498995155,3.98368749732617,189,2
10,2,8,1,2.50839184416691,3.23359762190375,85,2
10,2,8,8,3.43362937640632,5.83382147282828,112,2
10,1,0,0,0,0,185,2
10,4,1,1,31.927555125847,6.25047216669191,102,2
10,1,0,4,0,4.92539751203731,28,2
10,2,1,4,9.96744864573702,3.30864382738946,25,2
10,2,8,4,11.834288734477,4.25850828230614,37,2
10,3,1,1,4.72538960358361,4.56702865357511,125,2
10,3,8,8,8.10067768028239,7.1338949126075,111,2
10,4,1,4,5.96709336992353,4.25019899371546,166,2
10,3,1,8,7.04226423887303,13.5427754195407,19,2
10,1,0,0,0,0,183,2
10,4,1,1,11.1340358759044,5.45882105780765,110,2
10,1,0,0,0,0,137,2
10,4,8,8,14.7845054467325,5.09208887995919,129,2
10,3,1,1,20.0099093880272,5.56709687138209,26,3
10,3,8,1,5.98385924915783,3.68361254833872,52,3
10,2,1,1,6.51721095503308,2.95859995367937,61,3
10,1,0,0,0,0,192,3
10,4,1,1,5.26709617715096,8.47566300292965,30,3
10,2,1,1,4.39202739339089,4.72535549470922,146,3
10,1,0,0,0,0,167,3
10,4,1,1,5.48381321725901,2.80859387142118,69,3
10,3,1,1,11.3092399783782,5.50876794749638,47,3
10,1,4,0,5.4004408197361,0,126,3
10,4,1,1,8.70053086109692,3.29196065460565,95,3
10,4,1,8,10.8758689844399,6.28384334180737,66,3
10,2,1,1,3.49194169853581,10.3424952436471,147,3
10,2,8,1,3.98368508252315,7.58396085147979,121,3
10,3,8,1,6.25886204885319,4.29202887247084,31,3
10,1,0,0,0,0,133,3
10,1,0,0,0,0,80,4
10,3,1,1,5.12541779619642,4.11699078668607,56,4
10,2,1,1,3.54196797445184,5.50880296196556,4,4
10,4,1,1,8.71737008960918,3.53365868591936,119,4
10,2,1,1,9.97581226704642,4.19198628159938,34,4
10,3,1,8,8.03395977988839,3.50028147385456,99,4
10,4,1,1,3.65031291136984,3.80028518656036,7,4
10,1,0,0,0,0,139,4
10,1,0,0,0,0,14,4
10,2,1,1,3.14194672432495,3.58360919781262,113,4
10,4,1,1,7.09221263788641,4.90043040591991,141,4
10,1,0,0,0,0,50,4
10,3,1,1,12.7593505908153,5.96718000050168,2,4
10,4,8,1,3.69188591692364,4.95872190053342,155,4
10,2,1,8,14.5678134600166,16.7346949925413,76,4
10,3,8,1,3.73361497820588,3.15033690835116,187,4
10,1,0,0,0,0,43,5
10,4,1,1,4.15863895253278,5.49213699460961,103,5
10,4,1,8,7.27559683774598,6.7506117716548,98,5
10,3,1,1,6.47554045240395,10.6591914864257,71,5
10,2,1,1,3.9169964613975,3.62528664298588,88,5
10,4,8,1,8.60905745055061,5.8171210946748,78,5
10,1,0,0,0,0,122,5
10,3,1,1,5.03376659675268,4.83374238852412,128,5
10,2,1,8,4.92543675232446,3.47532281954773,156,5
10,1,4,4,3.84193123946898,2.78356428275583,44,5
10,1,0,0,0,0,32,5
10,2,1,4,4.22532757365843,3.8752843036782,150,5
10,3,8,1,3.4834256436443,5.04204630421009,143,5
10,4,1,8,4.24198418372544,7.01718635443831,11,5
10,2,8,8,13.117572750838,6.86719627009006,40,5
10,3,1,1,5.15885507612256,3.25022555637406,20,5
10,2,1,8,6.60884887317661,3.74191189097473,72,6
10,2,1,1,5.10860362119274,4.86704594950425,16,6
10,1,4,0,4.29185772425262,0,79,6
10,3,8,1,3.49184721993515,6.78388243116206,154,6
10,1,0,0,0,0,131,6
10,3,8,2,4.11682597734034,3.87528702028794,165,6
10,4,8,8,3.48358290683245,4.22535111784237,1,6
10,4,1,1,9.25074624520494,3.658635179454,62,6
10,1,0,4,0,2.36682665644912,174,6
10,2,8,1,4.32537801255239,2.84189230104676,13,6
10,1,0,0,0,0,59,6
10,4,1,1,3.38367463863688,3.23360788478749,104,6
10,3,8,1,3.73364335199585,2.86707673809724,45,6
10,4,8,1,4.0336630626698,4.75872757524485,123,6
10,3,1,1,6.60051905887667,3.19190840463853,176,6
10,2,1,1,3.63367441220907,3.97530516138067,89,6
10,4,8,1,8.29233283398207,2.92521972313989,191,7
10,2,8,8,5.46696040558163,3.18357315706089,53,7
10,1,4,0,5.1420719914604,0,186,7
10,1,0,4,0,2.93346501985798,145,7
10,3,1,1,7.41726042807568,9.50080155901378,58,7
10,3,1,1,6.84221980674192,3.02514217828866,135,7
10,2,1,8,3.35028082481585,3.95031964260852,57,7
10,4,1,8,4.23365708609344,4.17535110277822,172,7
10,4,1,1,8.317185539403,3.30855840427103,170,7
10,2,8,1,4.14198777574347,4.125341428502,23,7
10,2,8,1,5.76717994007049,1.99190562759759,90,7
10,3,1,8,3.50027905905154,4.6920277858153,117,7
10,4,8,1,6.29217255237745,3.58345616055885,60,7
10,3,8,1,3.93364824191667,4.95868447131943,74,7
10,1,4,1,8.55903147644131,3.6502827265067,188,7
10,1,0,0,0,0,15,7
10,1,0,0,0,0,153,8
10,3,1,8,4.74205043952679,4.40865472413134,33,8
10,4,1,1,3.2752859336324,4.54204343660967,81,8
10,3,1,1,4.59203590545803,4.45018818753306,140,8
10,2,8,8,4.12533690076089,4.68372483598068,39,8
10,4,4,1,6.88392200355884,3.43360009707976,97,8
10,2,1,1,4.1836803133483,3.47527754225302,18,8
10,1,0,0,0,0,68,8
10,1,0,0,0,0,73,8
10,3,4,8,4.43371147918515,5.34208050364396,157,8
10,2,1,8,3.79194450576324,4.89207342528971,159,8
10,2,1,8,4.66717055265326,3.81682105717482,162,8
10,3,8,8,13.5010862022173,3.71679235144984,144,8
10,4,1,1,5.73379699292127,6.70895666332217,96,8
10,4,8,1,5.75881028181175,2.68356244149618,151,8
10,1,0,1,0,6.99222075758735,8,8
11,1,0,0,0,0,177,1
11,3,4,1,3.97533943061717,3.92533339373767,6,1
11,2,1,7,15.126274261158,3.78366446308792,161,1
11,1,0,4,0,0.891744393040426,64,1
11,1,4,0,3.53362975036725,0,107,1
11,2,1,8,5.32546137820464,4.53373147395905,163,1
11,3,3,3,8.79251199855935,2.06684083433356,29,1
11,2,1,2,6.78391469712369,4.03366838721558,100,1
11,4,1,8,8.06736424285918,3.90033505379688,118,1
11,3,6,2,10.4675516919233,5.22545292647555,86,1
11,4,1,8,6.15887319261674,5.01710465154611,115,1
11,4,1,1,4.90876573405694,3.43360318755731,181,1
11,3,3,3,9.60915300797205,3.00025295058731,3,1
11,1,4,0,2.62525823293254,0,179,1
11,2,1,3,2.75024449871853,7.9006842947565,124,1
11,4,1,0,5.1254188172752,3.95033324277028,184,1
11,3,3,3,9.2091315764701,5.11709952005185,25,2
11,2,1,1,21.4935295360629,2.40023091551848,137,2
11,3,3,3,6.94226206641179,2.42519092035946,85,2
11,2,1,1,3.28361737448722,5.3837963717524,183,2
11,4,8,1,4.79207884334028,5.70050348632503,189,2
11,1,4,4,7.80900932708755,4.91714117536321,166,2
11,1,0,0,0,0,129,2
11,3,2,1,6.42558906087652,2.72524585714564,112,2
11,2,1,8,7.21729210065678,4.3503797276644,28,2
11,1,0,0,0,0,102,2
11,3,1,3,5.55881010601297,5.56714026990812,37,2
11,4,1,1,12.0093688309425,2.05851036857348,125,2
11,4,1,1,8.77575447491836,3.53364484291524,19,2
11,2,1,8,9.93419028643984,6.41722508985549,185,2
11,1,0,0,0,0,110,2
11,4,8,1,7.90068761515431,2.82525219593663,111,2
11,1,0,0,0,0,95,3
11,4,8,1,12.7677666093223,2.39187086839229,52,3
11,1,0,0,0,0,69,3
11,3,3,3,5.32548854476772,2.51689305447508,121,3
11,1,0,4,0,0.825092818937264,66,3
11,2,1,3,4.61705756280571,4.94210027472582,167,3
11,4,1,8,4.49207823968027,4.44205258227885,26,3
11,3,3,6,4.70040840352885,4.21702254819684,146,3
11,3,3,3,7.26729843951762,2.75853904429823,61,3
11,1,4,0,4.05869389348663,0,30,3
11,3,3,3,4.93376316817012,1.20023242477328,147,3
11,4,8,2,6.64224486099556,5.98385281779338,31,3
11,2,1,1,6.57557004445698,2.61689184699208,133,3
11,2,8,1,8.35905520839151,4.30873766192235,192,3
11,2,1,1,4.76708412566222,2.95027830603067,126,3
11,4,7,1,7.52565184573177,6.44222705182619,47,3
11,3,3,3,5.27547556522768,16.6847704427782,34,4
11,3,6,1,9.02579190430697,3.967041866621,4,4
11,2,1,1,8.66741978330538,3.55030245403759,50,4
11,4,1,1,14.2679063660325,3.15860696067102,2,4
11,2,1,8,2.82524042378645,7.65898065140937,14,4
11,2,1,1,3.22530260495842,1.98350719909649,139,4
11,2,1,1,3.8336668779375,3.83366567047779,80,4
11,3,1,2,2.60853089438751,4.61706027947366,113,4
11,1,0,0,0,0,155,4
11,1,0,0,0,0,141,4
11,4,1,1,6.54220924258698,3.70866159559228,99,4
11,3,3,1,4.75871834345162,2.86689365818165,76,4
11,4,1,1,9.01743729051668,2.15853481844533,187,4
11,1,0,0,0,0,119,4
11,1,0,0,0,0,7,4
11,4,1,1,3.85032358358148,2.57521597389132,56,4
11,3,3,3,4.85042198677547,2.56688490440138,88,5
11,4,1,1,3.43363850400783,1.90017326211091,20,5
11,3,1,4,4.85874460439663,0.933421473600902,40,5
11,2,1,8,5.00041474238969,4.48369645932689,44,5
11,1,0,0,0,0,78,5
11,4,8,2,4.84209091728553,5.08376226271503,71,5
11,2,1,1,4.74208880437072,3.89201485109515,32,5
11,3,3,1,3.07526487368159,2.53356002294458,150,5
11,2,2,8,5.59215490962379,4.13369947776664,43,5
11,1,0,4,0,0.825094026396982,103,5
11,1,4,0,1.08343113283627,0,98,5
11,4,1,8,5.99217573727947,2.74190226092469,128,5
11,3,4,3,1.70848078723066,2.50855474057607,156,5
11,1,0,0,0,0,11,5
11,2,8,8,7.44231368298642,3.31695523555391,122,5
11,4,1,8,3.78365631320048,4.15034078899771,143,5
11,2,1,2,3.02526004402898,1.85016390471719,174,6
11,2,1,8,3.05859669775236,3.20863563648891,59,6
11,1,0,4,0,1.7918261946179,123,6
11,3,7,1,3.97533822327387,2.19187267951202,72,6
11,3,2,7,7.77567056054249,3.96701107791159,16,6
11,2,1,1,6.49223127774894,2.51690150622744,131,6
11,4,8,1,3.35027075966354,6.00049533636775,176,6
11,3,6,1,6.03385432704818,2.15851821668912,89,6
11,4,1,8,4.43374445347581,3.00028222997207,154,6
11,1,0,0,0,0,104,6
11,4,8,8,3.80033233726863,3.13367140572518,45,6
11,2,8,8,16.8097597270971,7.55066769290715,79,6
11,3,4,4,1.90016843238845,0.858412569039501,13,6
11,1,4,0,0.866747562540695,0,1,6
11,1,4,0,1.08341090881731,0,62,6
11,4,1,1,8.07571915839799,2.17517431848682,165,6
11,2,1,1,2.2085097648669,6.2838754565455,188,7
11,2,8,8,8.80077424610499,2.25853421469219,145,7
11,2,1,1,8.81741434999276,2.56692354136612,186,7
11,1,4,0,0.991814422421157,0,170,7
11,3,6,3,4.59205439337529,1.16676869208459,57,7
11,4,1,8,4.39204292313661,3.95864227716811,135,7
11,4,2,8,7.31730055238586,3.22526698664296,117,7
11,3,7,3,5.87550273176748,1.05009085696656,90,7
11,1,0,4,0,1.44178212445695,191,7
11,4,1,3,2.37520903127734,2.60856077761855,58,7
11,1,0,4,0,1.45848259830382,172,7
11,3,2,3,2.98359986720607,2.56689728028141,53,7
11,2,1,3,5.30879561707843,2.89191856072284,15,7
11,3,6,8,3.77532796037849,5.82550454291049,23,7
11,4,7,1,8.25904856761917,4.87542606168427,74,7
11,1,0,0,0,0,60,7
11,3,3,1,3.52530532167293,1.82515409460757,159,8
11,3,3,8,2.6502574783517,2.25023725430947,39,8
11,3,3,3,1.15843520790804,2.28352681931574,18,8
11,4,8,1,4.33372302213684,3.13362250605132,140,8
11,3,3,3,3.40862356242724,4.10869178059511,162,8
11,1,0,0,0,0,97,8
11,1,0,4,0,1.0000962902559,96,8
11,1,4,4,6.97560626640916,1.27511062822305,81,8
11,1,0,0,0,0,151,8
11,4,1,1,2.48356485250406,4.03367080201861,144,8
11,2,1,1,4.26705575175583,3.09192610706668,153,8
11,2,2,8,4.93377131817397,2.12517945002764,8,8
11,4,8,8,3.0752573274076,2.90859639586415,33,8
11,4,8,8,4.25861118664034,2.57522804802284,157,8
11,2,1,1,4.55872830445878,3.22529022907838,73,8
11,2,1,8,2.50022095441818,7.26725799147971,68,8
12,2,8,8,6.39191180976195,2.58342934605753,179,1
12,3,1,1,6.65027774516057,3.29183631765045,163,1
12,2,1,1,6.05857928135447,1.99174597463571,107,1
12,2,1,8,6.05024496450278,2.30010664278961,64,1
12,4,8,1,5.12520401131405,1.83347575514199,6,1
12,3,1,2,5.38354851552867,2.55843605461996,124,1
12,4,1,8,3.02509984367498,3.38347244991019,86,1
12,1,4,0,2.94178625621134,0,181,1
12,4,8,1,4.21686640432017,2.49176665120467,3,1
12,1,0,0,0,0,115,1
12,1,0,4,0,0.883374198485399,184,1
12,2,1,8,7.02531626847485,3.34180871368153,177,1
12,1,0,4,0,1.04172259652842,118,1
12,4,1,8,5.45854619884631,2.07508370991127,29,1
12,3,7,1,5.71688647719202,2.26674069985165,100,1
12,3,1,7,4.13352534871592,4.36683520836232,161,1
12,3,2,1,4.77519258637767,3.06678953880328,185,2
12,3,1,1,4.77523031734017,3.35846466977819,183,2
12,2,1,1,6.55025779302741,2.04175097021653,129,2
12,1,4,0,2.45842998748412,0,19,2
12,2,1,8,3.21679064054842,1.98342101505841,102,2
12,3,1,2,3.8584940999317,2.10008545307937,28,2
12,4,1,8,3.54180515187909,2.60847244235629,25,2
12,1,0,0,0,0,189,2
12,2,8,1,3.50848207130184,2.17509521031025,110,2
12,4,1,1,2.75844456672348,2.48343625837151,112,2
12,4,8,8,3.15012757592922,2.0834165175329,37,2
12,4,1,8,4.1251696006766,2.32509782129637,85,2
12,2,1,8,3.01679088202582,2.0250793180312,166,2
12,3,1,8,4.64187943659272,2.57509985876823,137,2
12,1,0,0,0,0,125,2
12,1,0,4,0,1.17504872575955,111,2
12,2,8,1,7.12535946288335,2.25008293265273,95,3
12,3,8,1,3.16679047453363,1.91675010240579,192,3
12,1,0,0,0,0,26,3
12,4,8,1,3.46680173345158,2.45839406760206,61,3
12,1,0,0,0,0,52,3
12,3,3,8,8.60868584868513,2.07507857849851,133,3
12,2,8,1,4.06683632519707,2.39178503372386,66,3
12,4,1,1,3.23345836871522,2.21675804099505,121,3
12,1,0,4,0,0.933372855259222,47,3
12,2,1,8,3.09179067828154,2.14175401887042,69,3
12,4,1,1,3.51680371055409,2.28352463937335,147,3
12,2,8,8,4.16684027940209,1.69171720854501,30,3
12,1,4,4,3.050121206943,0.841703519756265,31,3
12,3,3,2,5.3752229522579,1.95007771068776,167,3
12,4,8,7,3.64182329292089,2.15008501540433,146,3
12,3,3,8,5.56688990316252,2.67508207993524,126,3
12,2,8,8,3.01678997648196,2.33342640304181,7,4
12,2,1,8,2.75010964617832,2.74175540737633,119,4
12,3,2,7,3.87515277266721,3.27513116037881,139,4
12,4,8,8,3.10844784177243,2.04174976282229,76,4
12,4,1,8,2.8584485209285,3.12512553091074,113,4
12,3,1,1,2.5501014359179,2.71677207691391,50,4
12,2,8,8,3.08345937990089,2.09173694938363,155,4
12,4,1,1,2.35009624413942,1.95008103102009,34,4
12,4,8,8,3.04178266422241,2.13342000386911,4,4
12,3,3,1,6.4919196879855,2.14175220778998,14,4
12,1,0,0,0,0,2,4
12,1,0,0,0,0,187,4
12,1,0,4,0,0.716693596506957,56,4
12,3,3,8,6.20855623528405,2.35009382935823,80,4
12,1,4,0,2.60843652248514,0,99,4
12,2,1,1,2.95012238415075,2.07506076949358,141,4
12,3,6,1,4.30017093635252,1.89176133868023,32,5
12,3,1,2,3.58350209135097,1.86674239019339,43,5
12,2,8,2,3.24179147817631,1.97509967765654,98,5
12,2,1,8,2.666782173721,2.1667533472646,11,5
12,4,8,1,4.95851133544056,2.05840088936384,40,5
12,1,0,0,0,0,128,5
12,4,1,1,2.62512417259495,1.87507459411427,156,5
12,1,4,4,1.55837749616694,1.71680467646365,20,5
12,2,1,8,3.02512127485898,2.34175830511231,78,5
12,2,1,1,2.30009215410246,2.30009305964631,103,5
12,1,0,0,0,0,71,5
12,4,1,8,2.39177658198969,1.92507294904499,150,5
12,4,8,1,3.00841792866777,2.0000842155132,88,5
12,1,0,0,0,0,143,5
12,3,6,8,4.29183631765045,2.43340922790958,44,5
12,3,7,2,5.38355847650382,1.90004102110106,122,5
12,2,1,3,2.67510954807585,2.3334378732543,1,6
12,3,8,1,2.73341746834922,1.83342896874092,131,6
12,3,2,1,4.43349072678757,2.35839796144137,59,6
12,1,4,0,2.44178006833317,0,176,6
12,4,8,1,2.80011162327719,1.85007556757773,13,6
12,3,1,8,3.00847316679574,2.02508958084945,79,6
12,1,4,4,1.77505916969676,1.64176413077803,165,6
12,4,1,8,3.4334931415724,2.45842696900945,72,6
12,1,4,0,3.050121206943,0,154,6
12,2,1,1,2.82512725144625,1.93341058622173,104,6
12,4,8,8,2.74175661477057,1.69171932148311,89,6
12,1,0,0,0,0,45,6
12,4,1,8,2.74172310967697,1.96676988852414,16,6
12,3,8,8,3.25012760611571,2.49177359369787,174,6
12,2,1,1,2.77511108749604,1.77506973436539,123,6
12,2,8,1,2.90845019618428,1.71675517344556,62,6
12,2,1,8,3.47512759856909,1.99174597462843,60,7
12,1,4,0,1.16670927750238,0,135,7
12,4,1,1,2.49176876413549,1.87506885900802,23,7
12,2,1,8,1.90003075827553,2.50843890708347,170,7
12,3,1,2,2.6417608104457,1.85007677495742,145,7
12,4,8,8,2.70841874365578,1.99174325800414,90,7
12,2,1,1,3.09179037642753,2.05841085033899,172,7
12,1,0,4,0,0.908372319478076,58,7
12,3,3,3,2.75842343738623,2.46676339879195,15,7
12,2,1,8,2.20009604794177,2.56679301005352,191,7
12,4,1,8,2.28343046289228,1.93344741164037,53,7
12,3,7,8,4.05015682496742,2.87511443801486,188,7
12,3,1,1,2.37509587437671,2.45842968564102,186,7
12,1,0,0,0,0,74,7
12,1,4,0,1.12504735235416,0,117,7
12,4,8,1,2.66675198894518,1.85006651213916,57,7
12,2,1,8,2.6084470871574,2.84175936157408,97,8
12,4,8,1,2.3667624630616,1.8000687609092,39,8
12,2,1,1,2.35842512773525,1.76673722860141,151,8
12,2,1,8,2.04177089215955,2.11673989995325,96,8
12,4,8,1,2.46676490802929,1.93341179361596,159,8
12,3,8,1,2.65010599382367,2.05841749098181,73,8
12,4,1,8,2.69176942820195,2.22508752828435,162,8
12,2,1,8,2.0418113397609,2.0584259427269,81,8
12,1,4,0,0.950043601900688,0,144,8
12,1,0,0,0,0,140,8
12,3,8,3,2.70010495244787,4.20018388561584,153,8
12,4,1,1,2.30009698367212,1.60006719129888,18,8
12,1,0,0,0,0,157,8
12,3,7,2,4.63348173172562,2.0750852191486,8,8
12,1,4,0,1.16671048488934,0,33,8
12,3,7,0,2.05841718913871,0,68,8
13,3,7,4,5.50042243330972,6.09214117092779,107,1
13,1,4,0,3.008571215556,0,3,1
13,2,7,7,5.52540470741224,4.93373728363076,184,1
13,3,7,4,6.69217938458314,2.35851774353068,177,1
13,2,8,1,5.48373458208516,3.8752984124003,181,1
13,2,8,1,1.59178786026314,5.13373764581047,115,1
13,3,8,4,3.62527434015647,5.05871536204359,179,1
13,4,8,7,3.55862344993511,2.70021059783176,100,1
13,4,1,7,3.80861824314343,6.81719126977259,163,1
13,1,0,0,0,0,6,1
13,1,0,0,0,0,86,1
13,1,0,0,0,0,29,1
13,4,8,7,2.1168237120728,3.17525503714569,124,1
13,3,8,4,2.66687081509735,2.4918632915942,64,1
13,4,1,8,3.07521606882801,2.21684456960065,161,1
13,2,7,1,2.23350495280465,2.5084968105657,118,1
13,2,1,4,1.83347676042467,3.43360190576641,189,2
13,4,8,2,2.20017603650922,3.68362326134229,183,2
13,3,2,1,7.20889726944733,2.44187550124479,102,2
13,1,0,0,0,0,37,2
13,4,1,8,3.81695975398179,2.50853333389387,185,2
13,4,1,1,2.64183632167988,3.6669529171777,137,2
13,3,1,4,1.97514540673001,3.95862357073929,166,2
13,1,0,0,0,0,112,2
13,3,1,4,2.42521421244601,2.29183908354025,110,2
13,2,8,2,1.80848724202951,2.09181879949756,111,2
13,1,4,0,6.95054104359588,0,85,2
13,1,0,0,3.00856638600817,0,25,2
13,3,1,4,4.54201679531252,2.37514703668421,129,2
13,4,8,1,2.81689153681509,2.00848790607415,28,2
13,2,1,3,1.22509673400782,3.49191037955461,125,2
13,2,1,1,2.18349724070868,2.65022280754056,19,2
13,3,8,0,3.89189721905859,0.841721378732473,66,3
13,3,7,4,3.87527184997452,2.2168629821972,95,3
13,1,0,0,0,0,121,3
13,1,0,0,0,0,146,3
13,2,7,0,3.05026609223569,2.15848055615788,31,3
13,4,8,2,2.950247045781,3.250263134134,167,3
13,3,1,2,2.39185179123888,4.40033909364138,69,3
13,1,0,0,0,0,147,3
13,4,1,7,2.21683702344308,4.09195372456452,126,3
13,1,0,0,0,0,61,3
13,4,1,2,2.10849668976152,4.40869841340464,133,3
13,2,1,2,3.27521190338302,2.83355161821237,52,3
13,4,1,7,2.36684114363743,2.49186057498446,192,3
13,3,2,7,4.4920121015748,4.12531584396493,30,3
13,2,2,2,5.61710639070952,2.49185785837471,26,3
13,2,7,2,4.81695069861598,2.53354730183491,47,3
13,4,2,1,2.42518885742174,3.27525446360232,80,4
13,2,2,2,3.50028599897632,2.8918794101919,99,4
13,4,2,2,2.60849744442385,2.61686883796938,50,4
13,1,0,4,0,2.68351852084743,4,4
13,2,2,2,5.25040439801523,2.65854047256289,56,4
13,1,0,4,0,2.11682129726978,113,4
13,3,3,4,10.5424958246876,1.82514249393716,155,4
13,2,2,4,4.25866199570009,5.61711514426861,2,4
13,3,3,3,4.35866232775152,4.18363941012649,119,4
13,3,2,7,4.56702170782955,3.04190164111787,7,4
13,1,0,0,0,0,34,4
13,4,2,7,2.20849098492181,4.19198544858955,14,4
13,2,1,2,3.06688542442862,2.8585520030465,187,4
13,4,7,1,2.70851618907182,2.25014541420387,139,4
13,1,0,0,0,0,76,4
13,3,3,4,3.41692824126221,2.24184646370122,141,4
13,2,1,2,3.23357135889819,3.55860352813033,128,5
13,1,0,2,0,6.94219168479322,156,5
13,4,2,2,3.64193351601716,1.58345268823905,44,5
13,3,4,3,3.42526462074602,2.63353465445107,78,5
13,1,0,0,0,0,150,5
13,4,8,7,2.70853339426685,3.15856809145771,32,5
13,3,2,3,3.29191907274071,2.61686068814015,11,5
13,1,0,4,0,6.16713960882043,40,5
13,2,8,3,2.85855743626598,2.33349562576041,20,5
13,2,1,1,3.45026530744508,2.56686414428987,71,5
13,3,2,3,6.09212396567455,4.73368530574953,98,5
13,2,3,3,1.48342398268869,3.8502838407876,143,5
13,4,2,3,2.27515394898364,2.58354776969645,43,5
13,3,3,3,2.43352191656595,2.19183452572906,103,5
13,4,8,3,1.58344725501956,5.47542265214724,122,5
13,1,0,0,0,0,88,5
13,4,1,0,2.92519081936916,3.07524142391048,59,6
13,4,8,3,2.05015803140122,3.38358634558972,79,6
13,3,1,3,2.2585334093892,4.81703672470758,104,6
13,1,4,0,5.83379611338023,0,89,6
13,2,8,3,4.37535470665898,2.73354615480639,176,6
13,2,1,3,2.24184193601832,3.05023620947031,165,6
13,1,4,4,3.23358071612893,3.00023513793712,16,6
13,4,2,1,2.31685878656572,3.37526173808146,174,6
13,3,4,7,3.00023513793712,2.50853725790512,62,6
13,4,2,7,2.75854321935913,4.21699971839553,131,6
13,3,4,3,4.25866290123668,3.87529690313386,123,6
13,2,1,4,2.29185598692857,4.80039324477548,45,6
13,1,0,0,0,0,13,6
13,3,4,3,6.91720699594589,2.19183543126564,1,6
13,2,8,1,2.09182936412981,2.60855358775007,154,6
13,1,4,0,2.82521644613007,0,72,6
13,1,0,0,0,0,90,7
13,3,2,4,2.51685824320884,1.77510761562735,172,7
13,1,0,0,0,0,57,7
13,2,2,3,3.68361873360118,5.69213410769589,74,7
13,4,2,1,3.39192604535492,1.70846306416206,186,7
13,4,1,4,3.26691416016547,5.10870466160122,188,7
13,2,7,2,4.70037389651407,2.90855730045587,58,7
13,1,0,0,0,0,53,7
13,3,4,3,3.10023516812362,2.52518707653508,170,7
13,3,4,3,1.27510414435528,1.82513223111164,191,7
13,4,0,7,7.30057299404871,2.45018863858422,145,7
13,4,8,2,2.10018143954221,4.34200134081766,15,7
13,2,1,3,1.98347091971664,2.00015665800311,135,7
13,3,4,3,5.30031521763885,2.62519676581724,60,7
13,2,4,3,3.68362326134229,3.11688951443648,117,7
13,1,4,0,3.24190321069909,0,23,7
13,3,8,3,3.13357253611321,2.65016032545827,151,8
13,2,8,3,2.63353888032725,2.9252258335473,157,8
13,1,0,0,3.80863786314148,0,18,8
13,2,2,3,3.31692398519954,2.75853295659181,144,8
13,3,0,1,2.16683202789864,4.01698728237534,81,8
13,1,4,0,1.90016779612051,0,159,8
13,1,0,0,0,0,162,8
13,2,4,2,2.21683249576017,2.50017642893363,140,8
13,4,3,2,3.99200017866679,3.9586392667261,153,8
13,4,7,2,4.72537277213996,2.7668747692951,8,8
13,1,0,0,0,0,39,8
13,3,7,4,2.23350283992477,3.25025317323161,96,8
13,3,2,2,2.4585247162031,2.20850245509064,97,8
13,4,7,2,2.4335514974664,2.2835054207244,73,8
13,2,2,2,5.78378085506847,3.74195195885841,33,8
13,4,2,1,2.74188162869541,2.00018986104988,68,8
14,2,1,1,6.45080974302255,3.5254435694078,29,1
14,4,8,1,2.98370522458572,2.21694672340527,177,1
14,4,8,1,4.56722281570546,1.69188469956862,107,1
14,1,0,4,0,1.07517777039902,124,1
14,3,4,4,2.66700635495363,2.8586925843847,115,1
14,3,6,8,4.56724786973791,3.10873175016604,118,1
14,2,8,1,3.50877570034936,3.17538451135624,6,1
14,1,0,0,0,0,161,1
14,1,0,0,0,0,100,1
14,2,1,1,3.00038154562935,4.65891843283316,3,1
14,4,1,1,2.63366820197552,2.00856968382141,64,1
14,1,0,0,0,0,163,1
14,3,2,2,4.09219881065656,3.77547096286435,184,1
14,3,2,4,2.75039792130701,4.05884858343052,181,1
14,2,8,8,8.60942586738383,5.76739481306868,86,1
14,4,8,1,3.4087648637942,2.16694009763887,179,1
14,3,4,3,4.0088193185511,3.04205634980462,189,2
14,2,1,1,2.20861459994921,4.50891847809544,112,2
14,4,8,1,3.05872723745415,2.76703590666875,110,2
14,4,1,1,5.9924249307951,1.55853208771441,102,2
14,1,0,0,0,0,137,2
14,3,6,1,3.99216865526978,3.45876364124706,111,2
14,1,0,0,0,0,28,2
14,4,2,8,2.76702383236261,1.95024210336851,129,2
14,3,3,3,3.10874955967302,2.42530806642026,125,2
14,1,0,0,0,0,183,2
14,2,1,2,7.47594828729052,12.4015713401604,25,2
14,2,1,2,3.96720035764156,9.26784472906729,37,2
14,2,7,6,8.05102448322577,3.99216684413841,85,2
14,4,1,7,4.72559987031855,1.82519474980654,166,2
14,1,4,0,1.30016894865548,0,185,2
14,3,7,3,3.25041316502029,2.56698706641328,19,2
14,2,1,6,8.28438189456938,5.275663094013,121,3
14,4,1,8,4.99230056622764,4.05889537109761,66,3
14,3,1,2,6.70916201535147,2.55865856527817,52,3
14,1,4,4,1.91692568402505,2.75034720951226,126,3
14,4,8,8,5.37568691041088,2.60032944532577,30,3
14,1,0,4,0,1.85021768324077,192,3
14,3,3,1,3.11705783643993,2.24195305479225,47,3
14,4,8,3,4.49223762931069,13.2516571124434,95,3
14,4,1,8,3.68385201704223,5.56737917696591,69,3
14,1,4,0,1.2584929370787,0,167,3
14,1,0,0,0,0,133,3
14,2,1,1,3.00038667715853,1.64187324413797,146,3
14,3,2,1,4.10054391383892,4.05050468764966,31,3
14,2,1,1,3.82548060710542,4.43390401167562,147,3
14,2,1,8,4.60062194353668,2.46695208130404,61,3
14,3,3,8,2.23361761099659,3.00872604508186,26,3
14,1,0,0,0,0,139,4
14,1,4,0,0.950123172195163,0,14,4
14,1,0,4,0,4.44223070167936,80,4
14,2,2,1,9.76790253439685,2.82535805366933,34,4
14,4,1,1,3.24207953229779,4.86728219070937,141,4
14,3,1,8,10.5013237882522,3.02538395294687,99,4
14,1,4,4,1.658545339189,3.46710029250244,50,4
14,4,8,1,6.63417773443507,2.02526109764585,155,4
14,2,7,8,5.62570917228004,3.42543575138552,113,4
14,2,7,1,5.71738577255746,4.49223974224878,76,4
14,4,4,1,5.30067214212613,5.89242616831325,119,4
14,3,1,7,4.97565141215455,2.95871277851984,2,4
14,3,4,1,6.93419696268393,3.05873961356701,187,4
14,3,1,6,3.04205302940682,4.40887956897495,56,4
14,2,1,8,3.0253640304436,1.79189070651773,4,4
14,4,8,1,4.09218734013848,2.82535111100879,7,4
14,2,1,8,4.50889976305189,2.42531470721588,40,5
14,1,0,4,0,1.14179823297309,122,5
14,1,4,4,2.9837028097827,1.42517917399528,43,5
14,2,8,1,2.358635382785,3.61715156264836,156,5
14,2,4,1,3.61712982907193,3.20873956824653,150,5
14,3,2,1,2.99205062963301,2.15863151894882,20,5
14,3,1,7,3.43373557616724,2.39196598931449,143,5
14,3,4,8,6.7842012339388,2.51698617590591,71,5
14,1,4,0,1.27513243164867,0,44,5
14,2,8,8,3.39210091880523,3.47544056596234,88,5
14,4,1,1,6.30913406348554,3.41710030753165,78,5
14,4,8,8,2.85038038343191,4.03382625360973,98,5
14,1,0,0,0,0,32,5
14,4,8,8,2.88370555668371,2.02524359006202,11,5
14,4,1,8,2.57531556754839,2.1252652934636,103,5
14,3,3,1,2.2336103664129,3.42543484584894,128,5
14,4,1,8,2.07526319555473,3.12539720442146,104,6
14,1,4,0,0.858445062709507,0,59,6
14,3,3,7,0.900124092877377,3.77544953109464,165,6
14,3,4,3,9.88459723844426,3.21709885861492,154,6
14,3,2,3,3.70879707176937,11.7014903522213,45,6
14,2,1,4,3.97550410660915,5.75906329340069,13,6
14,1,4,0,2.51702511531767,0,131,6
14,4,0,2,6.32581551600015,3.97548448597081,123,6
14,2,8,8,4.77560408122372,5.16733915091027,16,6
14,2,8,1,2.65867242042441,2.63366488163592,89,6
14,1,0,4,0,1.08347457670607,79,6
14,4,8,1,4.34219571657013,5.79240537050646,62,6
14,3,2,3,3.58378412970342,4.21716949285474,176,6
14,1,0,0,0,0,174,6
14,4,8,3,6.1424472227809,6.250793201325,1,6
14,2,1,7,5.5006974376156,9.83457793481648,72,6
14,2,1,1,4.65890183078591,5.2173216281808,90,7
14,3,1,2,6.94255625305232,3.10872873157496,58,7
14,4,8,1,2.66701812733663,6.7425303538912,191,7
14,3,2,2,2.64200032537337,2.50865163770504,135,7
14,1,0,0,0,0,188,7
14,3,8,1,2.44197563361377,1.8919057691237,117,7
14,1,0,1,0,13.7100902216625,186,7
14,2,8,1,2.36697082658065,3.10872178891441,23,7
14,4,8,8,2.54199069621973,2.64203262398951,60,7
14,4,1,1,3.1753808890935,1.97525145334657,170,7
14,4,8,1,2.15859982417896,4.22554206493078,172,7
14,1,0,0,0,0,15,7
14,1,4,0,5.16731620981591,0,145,7
14,2,7,1,5.31733850191813,4.64225811016513,57,7
14,3,6,7,5.75067593040876,3.34208976523951,74,7
14,2,1,1,4.77561313688057,3.4254269975936,53,7
14,3,8,3,3.06706660537748,2.15027585084317,33,8
14,4,8,1,2.09193559241248,2.50860817043576,81,8
14,4,7,1,3.04207355563995,1.99193773558363,97,8
14,1,0,0,0,0,68,8
14,1,0,4,0,4.93394581868779,8,8
14,1,0,0,0,0,73,8
14,2,4,8,3.00872513954528,7.24258031102363,162,8
14,2,1,1,3.20041046343977,9.62623228825396,159,8
14,4,1,8,2.47531439026352,4.30055200355127,96,8
14,3,4,3,2.41699586546747,2.30861487163929,144,8
14,2,0,1,1.99190694629215,6.43415183521574,39,8
14,1,0,0,0,0,153,8
14,2,8,1,2.65867362782592,2.83372398494976,18,8
14,4,1,1,3.46710512216669,3.46710391476518,151,8
14,3,1,1,2.10858987801475,2.8503577443189,140,8
14,3,1,7,2.05859774129931,3.45877028210089,157,8
