subject,condition,studyResp,studyResp2,named,afc,whichItem,trial
1,2,3,3,0,0,111,1
1,3,1,1,1,1,49,2
1,3,1,1,0,1,93,3
1,3,0,1,0,0,10,4
1,4,3,3,0,1,64,5
1,1,99999,99999,0,1,113,6
1,4,2,2,1,1,144,7
1,4,2,3,0,1,20,8
1,2,3,3,0,1,130,9
1,1,99999,99999,0,0,61,10
1,1,99999,99999,1,1,192,11
1,4,2,2,1,1,153,12
1,3,1,1,1,1,23,13
1,3,1,1,0,1,72,14
1,1,99999,99999,0,1,24,15
1,3,3,3,1,1,176,16
1,4,3,3,1,1,47,17
1,4,3,3,1,1,167,18
1,2,3,3,0,0,70,19
1,4,1,2,0,1,198,20
1,4,3,3,1,1,142,21
1,3,0,0,0,1,21,22
1,2,3,3,0,0,128,23
1,4,2,3,0,0,171,24
1,4,3,3,1,1,131,25
1,3,1,2,0,1,173,26
1,2,3,3,0,1,184,27
1,4,3,3,0,1,185,28
1,4,3,3,1,1,116,29
1,3,1,3,0,1,161,30
1,2,3,3,0,1,141,31
1,4,2,3,1,1,57,32
1,3,1,1,1,0,81,33
1,2,3,3,1,0,101,34
1,4,3,3,1,1,155,35
1,1,99999,99999,0,1,119,36
1,4,2,2,1,1,170,37
1,4,2,2,1,1,105,38
1,3,1,1,0,1,172,39
1,2,3,3,0,1,137,40
1,4,3,3,0,1,68,41
1,3,1,1,0,0,58,42
1,4,2,3,1,1,103,43
1,1,99999,99999,0,1,200,44
1,4,3,3,1,1,124,45
1,2,3,3,1,1,125,46
1,4,3,3,0,0,145,47
1,2,3,3,0,0,18,48
1,2,3,3,1,1,65,49
1,3,1,1,0,1,189,50
1,1,99999,99999,0,0,134,51
1,2,3,3,0,1,193,52
1,4,3,3,0,1,120,53
1,3,0,0,1,1,114,54
1,4,3,3,1,1,187,55
1,3,1,1,1,1,71,56
1,1,99999,99999,1,1,97,57
1,1,99999,99999,0,1,109,58
1,4,3,3,1,1,139,59
1,3,2,2,0,1,179,60
1,2,3,3,1,1,74,61
1,2,3,3,1,1,99,62
1,3,1,1,0,1,121,63
1,4,2,3,1,0,194,64
1,1,99999,99999,0,1,41,65
1,4,2,2,1,1,136,66
1,3,2,2,0,1,159,67
1,3,1,0,0,1,83,68
1,3,1,2,0,0,152,69
1,3,1,1,1,1,98,70
1,3,2,2,1,1,92,71
1,3,3,3,1,1,79,72
1,1,99999,99999,0,1,199,73
1,1,99999,99999,1,1,37,74
1,1,99999,99999,1,1,62,75
1,1,99999,99999,0,0,110,76
1,1,99999,99999,1,1,87,77
1,4,3,3,1,1,138,78
1,1,99999,99999,0,1,174,79
1,4,3,3,1,1,33,80
1,2,3,3,0,1,164,81
1,1,99999,99999,0,1,4,82
1,3,1,2,0,1,143,83
1,1,99999,99999,1,1,182,84
1,3,1,0,0,0,53,85
1,1,99999,99999,0,1,180,86
1,2,3,3,1,1,117,87
1,3,1,1,1,1,165,88
1,2,3,3,0,0,191,89
1,1,99999,99999,1,1,55,90
1,2,3,3,0,1,107,91
1,1,99999,99999,1,1,30,92
1,1,99999,99999,0,1,127,93
1,4,2,2,1,1,149,94
1,4,3,3,1,1,150,95
1,3,1,1,0,1,8,96
1,4,3,3,1,1,42,97
1,2,3,3,0,0,126,98
1,4,2,2,0,1,88,99
1,4,3,3,1,1,78,100
1,3,1,2,0,1,154,101
1,2,3,3,1,1,157,102
1,4,1,1,1,1,89,103
1,1,99999,99999,0,1,140,104
1,2,3,3,0,1,34,105
1,2,3,3,1,1,44,106
1,2,3,3,0,1,51,107
1,1,99999,99999,0,1,54,108
1,2,3,3,1,1,195,109
1,2,3,3,0,0,14,110
1,2,3,3,0,0,67,111
1,1,99999,99999,0,1,102,112
1,3,2,2,1,1,16,113
1,2,3,3,0,1,50,114
1,3,1,1,1,1,27,115
1,4,2,2,1,1,6,116
1,1,99999,99999,1,1,188,117
1,3,1,1,0,1,166,118
1,3,3,3,1,1,197,119
1,3,1,1,0,0,82,120
1,4,3,3,1,1,69,121
1,3,0,1,0,1,190,122
1,1,99999,99999,0,1,168,123
1,2,3,3,0,1,43,124
1,3,0,1,0,1,169,125
1,3,1,1,1,1,36,126
1,2,3,3,1,1,60,127
1,1,99999,99999,1,1,25,128
1,1,99999,99999,1,1,9,129
1,1,99999,99999,1,1,5,130
1,3,1,1,0,1,162,131
1,3,1,1,0,1,91,132
1,2,3,3,1,1,19,133
1,1,99999,99999,1,0,48,134
1,2,3,3,0,1,66,135
1,2,3,3,0,1,177,136
1,3,1,1,1,1,122,137
1,2,3,3,1,1,129,138
1,3,2,3,1,1,133,139
1,1,99999,99999,1,1,17,140
1,4,3,3,0,1,186,141
1,2,3,3,0,1,22,142
1,1,99999,99999,0,0,3,143
1,2,3,3,0,1,29,144
1,4,3,3,0,1,106,145
1,1,99999,99999,1,1,77,146
1,2,3,3,0,1,15,147
1,4,2,2,1,1,7,148
1,1,99999,99999,1,1,148,149
1,4,2,3,0,1,158,150
1,4,3,3,1,1,146,151
1,3,3,2,1,1,100,152
1,3,0,0,0,1,40,153
1,2,3,3,1,1,75,154
1,4,2,2,0,1,132,155
1,3,2,2,1,1,151,156
1,2,3,3,1,1,38,157
1,1,99999,99999,1,1,96,158
1,3,3,3,1,1,12,159
1,3,1,1,0,1,94,160
1,1,99999,99999,0,1,11,161
1,2,3,3,1,1,13,162
1,2,3,3,1,0,183,163
1,1,99999,99999,1,1,35,164
1,1,99999,99999,0,0,31,165
1,3,2,2,1,1,196,166
1,2,3,3,0,1,147,167
1,4,2,1,0,1,178,168
1,2,3,3,1,1,80,169
1,1,99999,99999,0,1,118,170
1,2,3,3,0,1,160,171
1,1,99999,99999,0,0,59,172
1,4,2,2,0,1,63,173
1,1,99999,99999,0,1,108,174
1,4,3,3,1,1,32,175
1,2,3,3,0,1,85,176
1,1,99999,99999,0,0,56,177
1,3,2,1,0,1,95,178
1,1,99999,99999,0,1,28,179
1,2,3,3,1,1,156,180
1,1,99999,99999,1,1,181,181
1,2,3,3,0,1,123,182
1,4,3,3,0,0,39,183
1,3,1,1,0,0,1,184
1,4,3,3,0,1,46,185
1,4,2,2,0,1,45,186
1,3,1,1,1,1,175,187
1,1,99999,99999,1,1,112,188
1,2,3,3,0,1,73,189
1,2,3,3,1,1,90,190
1,1,99999,99999,0,1,163,191
1,2,3,3,0,1,86,192
1,4,1,2,0,1,52,193
1,1,99999,99999,0,1,135,194
1,2,3,3,0,0,26,195
1,4,3,3,0,1,115,196
1,1,99999,99999,0,1,76,197
1,1,99999,99999,1,1,84,198
1,3,1,2,1,1,2,199
1,4,3,3,1,1,104,200
2,4,2,3,0,0,199,1
2,1,99999,99999,0,0,154,2
2,4,3,3,1,1,13,3
2,1,99999,99999,1,1,3,4
2,1,99999,99999,0,0,76,5
2,3,1,1,0,0,53,6
2,3,1,1,0,0,167,7
2,2,3,3,0,0,19,8
2,2,3,3,1,1,124,9
2,2,3,NaN,0,1,180,10
2,4,3,3,1,0,113,11
2,3,0,0,0,0,152,12
2,4,2,1,0,1,30,13
2,3,1,0,0,1,36,14
2,3,1,1,0,1,91,15
2,1,99999,99999,1,1,77,16
2,1,99999,99999,1,1,15,17
2,1,99999,99999,0,1,60,18
2,2,3,NaN,1,1,151,19
2,1,99999,99999,1,1,147,20
2,4,3,3,1,0,140,21
2,1,99999,99999,0,0,127,22
2,1,99999,99999,1,1,65,23
2,2,3,3,0,1,159,24
2,4,3,3,1,1,191,25
2,2,3,NaN,1,1,98,26
2,1,99999,99999,1,1,62,27
2,1,99999,99999,0,0,93,28
2,4,3,3,1,1,7,29
2,1,99999,99999,0,1,86,30
2,3,1,0,0,1,130,31
2,3,1,0,0,1,49,32
2,4,3,3,1,1,138,33
2,3,1,1,0,0,128,34
2,3,0,1,1,1,82,35
2,1,99999,99999,1,1,84,36
2,2,3,3,1,1,112,37
2,2,3,3,0,1,163,38
2,2,3,NaN,0,1,21,39
2,2,3,NaN,0,1,166,40
2,1,99999,99999,1,1,81,41
2,1,99999,99999,0,1,190,42
2,4,3,3,0,1,178,43
2,1,99999,99999,1,1,59,44
2,3,1,1,1,1,79,45
2,3,1,1,1,1,101,46
2,3,1,1,1,1,16,47
2,2,3,NaN,1,1,125,48
2,2,NaN,NaN,1,1,48,49
2,4,3,3,0,0,168,50
2,1,99999,99999,0,1,83,51
2,3,1,1,0,0,145,52
2,4,3,3,1,1,192,53
2,4,2,3,1,1,157,54
2,2,3,NaN,0,1,153,55
2,4,3,3,1,1,25,56
2,1,99999,99999,1,1,33,57
2,3,0,1,0,1,120,58
2,2,3,3,0,1,133,59
2,4,3,3,1,1,123,60
2,2,3,3,1,1,45,61
2,2,3,3,0,1,158,62
2,2,3,3,0,0,58,63
2,3,0,1,1,1,27,64
2,2,3,NaN,1,1,182,65
2,2,3,3,0,0,187,66
2,2,3,NaN,1,1,12,67
2,1,99999,99999,0,1,63,68
2,2,3,3,1,1,144,69
2,1,99999,99999,0,1,143,70
2,2,3,3,0,0,9,71
2,4,3,3,0,1,197,72
2,2,3,NaN,1,1,74,73
2,2,NaN,NaN,0,1,106,74
2,4,3,3,1,1,90,75
2,2,3,NaN,0,1,22,76
2,2,3,3,0,0,6,77
2,4,2,3,0,1,52,78
2,2,3,3,0,0,34,79
2,4,3,3,1,1,88,80
2,4,3,3,0,1,115,81
2,4,2,2,0,0,102,82
2,4,3,3,0,0,185,83
2,4,2,3,0,1,107,84
2,4,2,3,0,1,126,85
2,1,99999,99999,0,1,68,86
2,2,3,3,1,1,164,87
2,3,0,0,1,1,96,88
2,3,1,1,1,1,89,89
2,1,99999,99999,0,1,94,90
2,2,3,NaN,1,1,189,91
2,3,1,0,1,1,78,92
2,1,99999,99999,0,0,162,93
2,1,99999,99999,0,1,8,94
2,3,1,1,0,1,169,95
2,1,99999,99999,1,1,14,96
2,4,2,2,0,1,135,97
2,2,3,NaN,0,0,193,98
2,3,1,1,1,1,32,99
2,1,99999,99999,0,1,149,100
2,3,1,1,1,1,172,101
2,4,1,2,0,0,111,102
2,4,3,3,1,1,26,103
2,1,99999,99999,0,1,173,104
2,3,0,1,0,1,51,105
2,1,99999,99999,1,1,170,106
2,3,0,0,0,1,31,107
2,2,3,NaN,0,1,129,108
2,3,0,1,1,1,160,109
2,4,3,3,1,1,37,110
2,3,0,0,0,0,146,111
2,3,1,0,1,1,196,112
2,3,1,0,1,1,50,113
2,1,99999,99999,0,1,85,114
2,4,3,3,0,1,47,115
2,2,3,3,0,1,100,116
2,1,99999,99999,0,1,54,117
2,4,1,1,0,0,108,118
2,1,99999,99999,1,1,97,119
2,3,0,1,0,1,41,120
2,2,3,NaN,1,1,118,121
2,1,99999,99999,1,1,122,122
2,1,99999,99999,0,0,80,123
2,2,3,3,0,0,61,124
2,1,99999,99999,0,1,183,125
2,1,99999,99999,0,1,24,126
2,4,1,2,0,0,99,127
2,1,99999,99999,0,0,142,128
2,3,1,1,0,1,75,129
2,1,99999,99999,1,1,104,130
2,3,1,0,0,1,11,131
2,4,2,3,0,1,184,132
2,4,2,2,0,0,198,133
2,2,3,NaN,1,1,5,134
2,2,3,3,1,1,195,135
2,4,1,1,0,1,132,136
2,4,3,3,1,1,121,137
2,4,3,3,1,1,103,138
2,3,1,1,0,1,161,139
2,2,3,3,0,1,105,140
2,3,0,0,1,1,177,141
2,2,3,NaN,0,0,200,142
2,1,99999,99999,0,1,150,143
2,4,3,3,1,1,67,144
2,2,3,3,0,1,17,145
2,2,3,3,1,1,114,146
2,1,99999,99999,0,1,10,147
2,1,99999,99999,0,0,39,148
2,1,99999,99999,0,1,116,149
2,3,1,1,0,1,43,150
2,2,3,3,0,1,131,151
2,3,1,1,0,1,57,152
2,3,0,0,0,1,175,153
2,3,1,1,1,1,119,154
2,4,3,3,1,1,71,155
2,2,3,3,0,1,55,156
2,3,0,1,0,0,87,157
2,2,2,NaN,0,0,188,158
2,4,2,2,1,1,156,159
2,2,3,NaN,1,1,18,160
2,1,99999,99999,0,1,137,161
2,3,1,1,0,1,136,162
2,4,3,3,1,1,35,163
2,2,3,NaN,0,1,117,164
2,3,0,0,0,1,72,165
2,4,3,3,1,1,2,166
2,3,0,0,0,0,1,167
2,4,3,3,1,1,23,168
2,3,1,1,0,0,20,169
2,3,1,1,1,1,155,170
2,4,3,3,1,1,148,171
2,2,3,NaN,1,0,179,172
2,1,99999,99999,0,0,110,173
2,3,0,0,0,1,56,174
2,1,99999,99999,0,1,171,175
2,2,3,3,0,1,28,176
2,2,3,3,0,0,73,177
2,4,2,2,1,1,29,178
2,4,3,3,0,1,66,179
2,1,99999,99999,0,1,141,180
2,4,3,3,1,0,70,181
2,3,0,0,0,0,46,182
2,3,2,2,1,1,38,183
2,3,1,0,1,1,165,184
2,2,0,NaN,0,1,134,185
2,3,2,1,0,0,4,186
2,4,1,3,0,0,42,187
2,1,99999,99999,0,1,176,188
2,4,3,3,1,0,194,189
2,1,99999,99999,1,1,92,190
2,2,3,NaN,1,1,44,191
2,4,3,3,1,1,109,192
2,1,99999,99999,1,1,69,193
2,1,99999,99999,0,1,174,194
2,4,3,3,1,1,181,195
2,3,1,0,0,0,139,196
2,1,99999,99999,1,1,95,197
2,3,0,1,0,1,64,198
2,3,1,1,0,0,40,199
2,4,3,3,1,1,186,200
3,4,3,3,0,1,194,1
3,2,3,3,0,1,17,2
3,3,1,2,0,0,162,3
3,3,2,2,0,1,178,4
3,3,1,1,1,1,177,5
3,3,1,1,1,1,35,6
3,2,3,3,1,1,133,7
3,3,1,1,0,1,18,8
3,2,3,3,1,1,142,9
3,2,3,3,0,1,139,10
3,2,3,3,0,1,87,11
3,3,1,2,0,0,120,12
3,3,2,2,0,1,137,13
3,2,3,3,0,0,141,14
3,4,2,3,1,1,26,15
3,1,99999,99999,1,1,182,16
3,2,3,3,1,1,181,17
3,2,3,3,0,0,152,18
3,3,1,1,0,1,161,19
3,1,99999,99999,0,1,150,20
3,4,3,3,1,1,31,21
3,3,2,2,0,1,23,22
3,4,3,3,0,1,159,23
3,1,99999,99999,0,1,176,24
3,3,0,1,0,0,83,25
3,4,3,3,0,1,187,26
3,2,3,3,0,0,132,27
3,2,3,3,0,0,179,28
3,1,99999,99999,0,0,129,29
3,1,99999,99999,0,1,126,30
3,3,2,1,0,1,189,31
3,2,3,3,0,1,102,32
3,4,3,3,1,0,60,33
3,1,99999,99999,0,1,66,34
3,3,2,2,0,1,186,35
3,4,3,3,0,1,146,36
3,4,2,3,0,1,111,37
3,3,1,2,1,1,54,38
3,1,99999,99999,0,0,98,39
3,1,99999,99999,0,1,70,40
3,2,3,3,0,0,1,41
3,2,3,NaN,1,1,138,42
3,2,3,3,0,0,174,43
3,3,1,1,0,1,103,44
3,2,3,3,0,1,105,45
3,2,3,3,1,1,122,46
3,4,3,3,1,1,37,47
3,4,3,3,0,1,119,48
3,1,99999,99999,1,1,140,49
3,1,99999,99999,0,1,143,50
3,4,2,3,0,1,175,51
3,3,2,1,0,1,85,52
3,2,3,1,0,0,128,53
3,3,2,2,0,0,107,54
3,2,3,3,0,1,41,55
3,3,1,2,0,1,193,56
3,1,99999,99999,0,1,154,57
3,1,99999,99999,0,1,56,58
3,1,99999,99999,1,1,131,59
3,3,1,2,0,1,118,60
3,2,3,NaN,0,1,53,61
3,1,99999,99999,0,1,36,62
3,4,3,3,1,1,109,63
3,2,3,3,1,1,27,64
3,4,2,3,0,0,91,65
3,1,99999,99999,1,1,28,66
3,1,99999,99999,1,1,125,67
3,2,3,3,1,1,167,68
3,2,3,3,1,1,62,69
3,4,3,3,1,1,64,70
3,1,99999,99999,0,1,45,71
3,4,3,3,1,1,79,72
3,2,3,3,1,1,148,73
3,2,3,3,1,1,12,74
3,1,99999,99999,0,0,93,75
3,4,3,3,1,1,112,76
3,3,2,1,0,1,99,77
3,1,99999,99999,0,0,95,78
3,1,99999,99999,0,1,86,79
3,2,3,3,0,0,24,80
3,2,3,3,0,1,135,81
3,4,2,3,0,1,166,82
3,4,2,2,0,1,29,83
3,2,3,3,1,1,147,84
3,4,3,3,1,1,78,85
3,3,2,2,0,1,73,86
3,3,2,2,0,0,191,87
3,1,99999,99999,0,0,77,88
3,3,0,1,0,1,52,89
3,1,99999,99999,0,0,127,90
3,1,99999,99999,0,0,116,91
3,2,3,3,0,1,63,92
3,4,3,3,0,1,75,93
3,4,3,3,1,1,114,94
3,4,3,3,1,1,165,95
3,2,3,3,0,1,117,96
3,2,3,3,1,1,32,97
3,4,3,3,1,1,92,98
3,1,99999,99999,0,1,8,99
3,2,3,3,1,1,16,100
3,2,3,3,0,0,9,101
3,3,3,2,1,1,97,102
3,1,99999,99999,0,0,108,103
3,1,99999,99999,0,1,198,104
3,2,3,3,1,1,57,105
3,2,3,3,1,1,113,106
3,2,3,3,1,1,149,107
3,1,99999,99999,1,1,90,108
3,4,3,3,0,0,33,109
3,3,2,2,1,0,7,110
3,4,3,3,0,1,158,111
3,3,1,2,0,1,71,112
3,4,3,3,0,1,134,113
3,2,3,NaN,0,1,136,114
3,4,3,3,1,1,59,115
3,2,3,3,0,0,2,116
3,4,3,3,1,1,34,117
3,2,3,3,0,1,123,118
3,2,3,3,1,1,84,119
3,3,1,1,1,1,89,120
3,1,99999,99999,0,0,130,121
3,3,2,1,0,0,40,122
3,3,1,2,0,1,46,123
3,4,3,3,1,1,157,124
3,4,3,3,1,1,200,125
3,1,99999,99999,0,0,58,126
3,3,1,2,1,1,19,127
3,3,2,2,0,1,196,128
3,1,99999,99999,0,0,42,129
3,4,2,3,0,1,180,130
3,3,1,1,1,1,50,131
3,2,3,3,0,0,110,132
3,4,3,3,1,1,65,133
3,4,3,3,1,0,61,134
3,4,3,3,1,1,100,135
3,4,2,2,0,0,169,136
3,1,99999,99999,1,1,13,137
3,3,1,2,0,1,80,138
3,2,3,3,0,1,49,139
3,4,3,3,0,1,88,140
3,4,2,2,0,1,160,141
3,3,1,1,0,1,72,142
3,3,1,2,0,1,106,143
3,4,3,3,0,0,171,144
3,1,99999,99999,1,1,192,145
3,3,2,1,1,1,195,146
3,3,1,1,0,1,199,147
3,3,1,1,1,1,15,148
3,2,3,3,1,1,156,149
3,1,99999,99999,1,1,124,150
3,1,99999,99999,1,1,81,151
3,4,3,3,1,1,170,152
3,1,99999,99999,1,1,74,153
3,4,2,3,0,0,6,154
3,1,99999,99999,0,1,184,155
3,3,1,1,0,1,22,156
3,1,99999,99999,0,0,20,157
3,3,2,2,0,0,155,158
3,3,2,1,0,1,30,159
3,1,99999,99999,1,1,55,160
3,1,99999,99999,0,1,67,161
3,4,3,3,0,0,185,162
3,3,2,1,0,0,190,163
3,4,3,3,1,1,10,164
3,2,3,3,0,0,183,165
3,2,3,3,1,1,25,166
3,3,2,1,1,1,5,167
3,1,99999,99999,1,1,163,168
3,1,99999,99999,0,0,153,169
3,4,3,3,1,1,3,170
3,3,1,2,0,0,76,171
3,2,3,3,0,0,188,172
3,2,3,3,0,0,151,173
3,2,3,NaN,1,0,48,174
3,4,2,2,0,1,11,175
3,2,3,3,1,1,164,176
3,4,2,2,1,1,44,177
3,3,1,2,1,1,104,178
3,3,2,1,1,1,121,179
3,1,99999,99999,0,0,197,180
3,4,3,3,0,0,173,181
3,3,1,2,0,0,145,182
3,2,3,3,0,0,51,183
3,4,3,3,0,1,168,184
3,3,2,2,0,1,21,185
3,4,3,3,1,1,115,186
3,1,99999,99999,0,1,144,187
3,4,2,2,1,1,101,188
3,1,99999,99999,0,0,43,189
3,2,3,3,1,1,38,190
3,1,99999,99999,1,1,4,191
3,4,2,3,0,1,94,192
3,1,99999,99999,0,0,47,193
3,3,3,2,1,1,14,194
3,1,99999,99999,0,0,172,195
3,1,99999,99999,1,0,69,196
3,1,99999,99999,0,1,82,197
3,1,99999,99999,0,1,96,198
3,3,2,2,0,1,39,199
3,3,1,2,0,0,68,200
4,1,99999,99999,0,0,128,1
4,1,99999,99999,0,1,11,2
4,4,2,3,1,1,117,3
4,2,3,3,1,1,89,4
4,4,3,3,0,1,168,5
4,4,2,2,1,1,113,6
4,4,1,2,0,1,101,7
4,4,3,3,0,1,62,8
4,4,3,3,1,1,138,9
4,4,3,3,1,1,59,10
4,4,3,3,1,1,167,11
4,4,3,3,1,1,31,12
4,4,3,3,1,1,155,13
4,2,3,NaN,1,1,140,14
4,4,3,3,0,0,197,15
4,1,99999,99999,1,1,26,16
4,3,1,1,0,1,161,17
4,3,1,1,1,1,116,18
4,2,3,3,1,1,151,19
4,4,2,3,0,1,102,20
4,4,3,3,0,1,130,21
4,1,99999,99999,0,1,15,22
4,3,2,2,1,1,84,23
4,4,2,2,1,1,82,24
4,3,1,1,0,1,186,25
4,1,99999,99999,0,0,76,26
4,1,99999,99999,0,1,103,27
4,4,1,2,0,1,126,28
4,4,3,3,0,1,99,29
4,1,99999,99999,0,1,39,30
4,2,3,3,0,1,45,31
4,3,2,2,0,0,141,32
4,1,99999,99999,0,0,132,33
4,4,3,3,0,0,152,34
4,1,99999,99999,1,1,170,35
4,1,99999,99999,1,1,14,36
4,2,3,3,0,1,46,37
4,3,1,0,1,1,118,38
4,2,2,3,0,1,162,39
4,4,2,3,0,0,145,40
4,4,3,3,1,1,23,41
4,2,3,3,1,1,181,42
4,3,1,2,1,1,107,43
4,3,1,1,1,1,121,44
4,4,3,2,0,1,72,45
4,1,99999,99999,1,1,133,46
4,3,2,3,1,1,74,47
4,2,3,3,1,1,92,48
4,2,3,3,0,1,150,49
4,4,2,3,0,0,180,50
4,1,99999,99999,0,0,198,51
4,1,99999,99999,1,1,3,52
4,4,3,3,1,1,51,53
4,4,3,3,1,1,17,54
4,3,0,1,1,0,175,55
4,2,3,3,1,1,97,56
4,3,1,1,1,1,4,57
4,1,99999,99999,1,1,65,58
4,3,1,2,0,1,196,59
4,2,3,3,0,1,96,60
4,2,3,3,1,1,105,61
4,2,NaN,NaN,0,0,42,62
4,3,1,1,0,1,110,63
4,2,3,3,1,1,188,64
4,1,99999,99999,1,1,48,65
4,2,3,3,1,1,43,66
4,3,0,1,1,1,112,67
4,3,1,2,1,1,142,68
4,1,99999,99999,0,1,173,69
4,2,3,3,0,1,66,70
4,2,3,3,0,0,190,71
4,4,3,3,1,1,177,72
4,4,3,3,1,1,34,73
4,2,3,3,1,1,127,74
4,1,99999,99999,1,1,88,75
4,3,1,2,1,1,50,76
4,4,3,3,0,1,85,77
4,1,99999,99999,1,1,28,78
4,2,3,3,1,0,124,79
4,1,99999,99999,1,1,182,80
4,4,2,3,1,1,122,81
4,2,3,3,0,1,95,82
4,3,2,2,0,1,71,83
4,2,3,3,0,0,120,84
4,4,3,3,1,1,13,85
4,3,1,1,1,1,109,86
4,2,3,NaN,1,1,52,87
4,2,3,3,1,1,144,88
4,4,3,3,1,1,58,89
4,1,99999,99999,1,1,114,90
4,4,3,3,1,1,147,91
4,3,1,2,1,1,163,92
4,3,3,3,0,1,64,93
4,1,99999,99999,0,1,184,94
4,4,3,3,1,0,61,95
4,3,1,1,0,1,160,96
4,2,3,3,0,1,119,97
4,3,1,2,0,1,2,98
4,4,2,2,0,1,199,99
4,2,3,3,1,1,30,100
4,3,1,1,1,1,78,101
4,3,1,1,1,1,125,102
4,1,99999,99999,0,0,53,103
4,3,2,1,0,1,94,104
4,2,3,3,1,1,100,105
4,4,3,3,1,1,32,106
4,4,3,3,1,1,25,107
4,2,3,3,1,1,55,108
4,3,1,1,0,1,115,109
4,1,99999,99999,1,1,176,110
4,3,1,1,0,1,106,111
4,3,1,1,0,1,73,112
4,2,3,3,1,1,165,113
4,2,3,3,0,1,70,114
4,1,99999,99999,1,1,77,115
4,1,99999,99999,0,1,1,116
4,1,99999,99999,1,1,67,117
4,2,3,3,0,1,134,118
4,2,3,NaN,1,1,146,119
4,3,1,1,1,0,164,120
4,1,99999,99999,0,1,185,121
4,1,99999,99999,0,1,179,122
4,4,2,3,1,1,63,123
4,4,3,3,1,1,5,124
4,3,1,1,0,1,68,125
4,4,2,2,1,1,57,126
4,4,3,3,0,0,9,127
4,3,2,2,1,1,90,128
4,1,99999,99999,1,1,81,129
4,1,99999,99999,1,1,7,130
4,3,1,2,1,1,37,131
4,1,99999,99999,1,1,35,132
4,4,3,3,0,1,129,133
4,3,1,1,0,1,47,134
4,4,3,3,1,1,189,135
4,2,3,3,0,1,158,136
4,4,3,3,1,1,56,137
4,2,3,3,0,1,18,138
4,3,1,1,0,1,137,139
4,1,99999,99999,0,1,135,140
4,1,99999,99999,1,1,16,141
4,1,99999,99999,1,1,44,142
4,2,3,NaN,0,1,123,143
4,3,1,1,0,0,33,144
4,2,3,3,0,0,20,145
4,3,1,1,1,0,21,146
4,3,2,2,0,1,86,147
4,2,3,NaN,0,1,149,148
4,2,3,3,0,0,40,149
4,1,99999,99999,0,1,108,150
4,1,99999,99999,1,1,12,151
4,2,3,3,0,1,174,152
4,1,99999,99999,0,1,169,153
4,1,99999,99999,1,1,131,154
4,3,1,1,0,0,171,155
4,4,3,3,1,1,69,156
4,2,3,3,0,1,24,157
4,1,99999,99999,0,1,172,158
4,2,3,3,0,0,10,159
4,2,3,3,1,1,104,160
4,2,3,3,0,1,54,161
4,4,3,3,1,0,148,162
4,1,99999,99999,0,1,83,163
4,3,1,1,0,1,93,164
4,1,99999,99999,0,1,154,165
4,3,2,1,1,1,98,166
4,3,1,2,1,1,22,167
4,2,3,NaN,1,1,19,168
4,2,3,3,1,1,156,169
4,2,3,3,0,1,166,170
4,3,3,3,1,1,79,171
4,3,1,NaN,1,1,139,172
4,4,1,2,1,1,193,173
4,4,2,3,1,1,6,174
4,2,3,3,1,1,192,175
4,2,3,3,0,1,191,176
4,3,1,1,1,1,49,177
4,1,99999,99999,1,1,153,178
4,1,99999,99999,0,1,41,179
4,4,3,3,1,1,8,180
4,3,2,2,0,1,87,181
4,4,1,2,1,0,194,182
4,3,1,1,0,1,80,183
4,2,3,3,1,1,60,184
4,1,99999,99999,0,1,91,185
4,1,99999,99999,0,1,183,186
4,3,1,1,1,1,157,187
4,3,1,1,0,1,136,188
4,2,3,3,0,0,29,189
4,2,3,NaN,0,1,111,190
4,4,3,3,1,1,38,191
4,1,99999,99999,0,1,143,192
4,1,99999,99999,1,1,27,193
4,3,2,1,0,1,178,194
4,1,99999,99999,1,1,200,195
4,3,1,1,0,1,159,196
4,1,99999,99999,1,1,187,197
4,4,2,3,1,0,36,198
4,4,3,3,1,1,75,199
4,1,99999,99999,1,0,195,200
5,4,3,3,1,1,99,1
5,2,3,3,1,1,182,2
5,1,99999,99999,0,1,106,3
5,3,1,1,0,1,161,4
5,2,3,3,1,1,95,5
5,4,2,2,0,1,139,6
5,1,99999,99999,1,1,124,7
5,1,99999,99999,0,1,93,8
5,4,3,3,0,1,47,9
5,3,1,2,1,1,77,10
5,4,3,3,0,1,76,11
5,4,2,2,1,1,57,12
5,1,99999,99999,0,1,64,13
5,1,99999,99999,1,1,98,14
5,1,99999,99999,1,1,69,15
5,1,99999,99999,0,1,117,16
5,4,3,3,1,1,8,17
5,4,3,3,0,1,166,18
5,4,3,3,1,1,14,19
5,4,2,2,0,1,105,20
5,4,3,3,0,0,168,21
5,2,3,3,0,0,58,22
5,4,3,3,1,1,92,23
5,1,99999,99999,0,1,153,24
5,3,1,1,1,1,164,25
5,1,99999,99999,0,0,9,26
5,1,99999,99999,1,1,16,27
5,2,2,3,0,1,180,28
5,2,3,3,0,1,150,29
5,1,99999,99999,0,0,22,30
5,3,0,1,1,1,3,31
5,1,99999,99999,0,1,59,32
5,2,3,3,0,0,162,33
5,3,0,0,0,0,46,34
5,4,3,3,1,1,90,35
5,4,2,3,1,1,199,36
5,1,99999,99999,0,1,194,37
5,1,99999,99999,1,1,165,38
5,2,3,3,1,1,167,39
5,1,99999,99999,1,1,116,40
5,3,2,1,1,1,81,41
5,4,3,3,1,1,62,42
5,3,2,1,1,1,112,43
5,3,0,1,0,1,160,44
5,3,1,2,0,0,110,45
5,4,3,3,0,0,52,46
5,2,3,3,0,1,128,47
5,3,1,0,0,1,21,48
5,4,3,3,0,1,94,49
5,4,2,3,0,1,178,50
5,2,3,3,0,1,36,51
5,4,3,3,1,1,181,52
5,2,3,3,0,1,45,53
5,1,99999,99999,0,1,42,54
5,3,2,2,0,1,19,55
5,3,1,2,0,0,193,56
5,4,3,3,1,1,177,57
5,2,3,3,1,1,96,58
5,2,3,3,1,1,100,59
5,1,99999,99999,1,1,170,60
5,1,99999,99999,1,1,133,61
5,2,3,3,0,1,196,62
5,4,3,3,1,1,54,63
5,3,1,2,1,1,13,64
5,1,99999,99999,1,1,104,65
5,3,2,0,0,1,82,66
5,3,0,1,1,1,156,67
5,4,3,3,1,1,97,68
5,4,3,3,0,1,120,69
5,2,3,3,0,1,169,70
5,1,99999,99999,0,1,136,71
5,3,1,1,1,1,50,72
5,3,1,1,0,1,184,73
5,4,2,3,0,1,135,74
5,1,99999,99999,1,1,192,75
5,2,3,3,0,0,40,76
5,2,3,3,0,0,17,77
5,1,99999,99999,0,0,10,78
5,1,99999,99999,0,1,173,79
5,3,1,1,1,1,148,80
5,3,1,1,1,1,144,81
5,3,1,1,0,1,85,82
5,2,3,3,0,0,39,83
5,4,3,3,1,1,129,84
5,2,3,3,0,0,65,85
5,1,99999,99999,0,1,67,86
5,3,1,1,1,1,195,87
5,3,1,1,1,1,71,88
5,2,3,3,0,0,24,89
5,2,3,3,1,1,7,90
5,2,3,3,0,0,28,91
5,4,3,3,0,0,197,92
5,1,99999,99999,0,0,171,93
5,1,99999,99999,1,1,143,94
5,3,2,2,1,1,37,95
5,2,3,3,0,1,121,96
5,4,3,3,0,1,152,97
5,3,2,1,0,1,174,98
5,4,3,3,0,0,33,99
5,2,3,3,0,1,73,100
5,1,99999,99999,1,1,142,101
5,2,3,3,0,0,23,102
5,2,3,3,1,1,31,103
5,1,99999,99999,0,1,11,104
5,3,1,1,1,1,88,105
5,2,3,3,1,1,147,106
5,2,3,3,1,1,27,107
5,2,3,3,0,1,91,108
5,4,3,3,1,1,84,109
5,4,1,3,1,1,89,110
5,3,1,1,0,1,4,111
5,2,3,3,0,1,87,112
5,4,3,3,0,0,125,113
5,3,2,1,1,1,35,114
5,3,1,1,0,1,51,115
5,4,3,3,1,1,109,116
5,3,2,1,1,1,25,117
5,4,3,3,0,1,61,118
5,4,3,3,0,0,15,119
5,3,2,2,1,1,32,120
5,3,2,0,1,1,187,121
5,2,3,3,0,0,70,122
5,1,99999,99999,0,0,6,123
5,2,3,3,0,1,78,124
5,4,3,3,1,0,48,125
5,3,2,1,1,1,122,126
5,4,2,3,0,0,145,127
5,2,3,3,0,0,141,128
5,1,99999,99999,0,1,130,129
5,2,3,3,0,1,83,130
5,1,99999,99999,1,1,149,131
5,3,2,3,0,0,179,132
5,3,1,2,1,1,103,133
5,4,2,2,1,1,101,134
5,4,3,3,0,1,185,135
5,2,3,3,0,1,127,136
5,1,99999,99999,0,0,183,137
5,2,3,3,1,1,34,138
5,4,3,3,0,1,86,139
5,3,3,3,1,1,176,140
5,1,99999,99999,0,1,198,141
5,1,99999,99999,0,0,111,142
5,3,1,1,0,0,44,143
5,2,3,3,0,1,41,144
5,3,2,2,1,1,151,145
5,1,99999,99999,1,1,138,146
5,2,3,3,0,1,66,147
5,4,3,3,1,1,115,148
5,1,99999,99999,0,1,29,149
5,2,2,3,1,1,146,150
5,1,99999,99999,0,1,80,151
5,4,3,3,1,1,137,152
5,1,99999,99999,0,1,107,153
5,2,3,3,1,1,140,154
5,4,3,3,1,1,60,155
5,3,1,2,0,1,20,156
5,2,3,3,1,1,190,157
5,2,3,3,0,0,118,158
5,4,3,3,1,1,2,159
5,1,99999,99999,1,1,12,160
5,3,2,1,1,1,123,161
5,4,NaN,2,0,1,108,162
5,3,2,2,0,1,154,163
5,3,1,1,0,1,134,164
5,1,99999,99999,1,1,114,165
5,3,1,1,0,0,53,166
5,3,1,2,1,1,189,167
5,2,3,3,1,1,38,168
5,1,99999,99999,0,1,172,169
5,2,3,3,0,1,72,170
5,2,3,3,0,1,119,171
5,1,99999,99999,0,0,113,172
5,4,3,3,1,1,74,173
5,4,2,3,0,1,157,174
5,1,99999,99999,0,1,158,175
5,2,3,3,0,1,79,176
5,4,3,3,0,0,191,177
5,3,1,1,0,1,163,178
5,1,99999,99999,1,1,5,179
5,2,3,3,0,0,18,180
5,3,1,1,1,1,55,181
5,3,1,1,0,1,159,182
5,1,99999,99999,1,1,68,183
5,4,2,3,1,1,63,184
5,1,99999,99999,1,1,186,185
5,4,2,3,1,1,200,186
5,2,3,3,1,1,131,187
5,2,3,3,0,1,56,188
5,4,2,3,0,0,132,189
5,2,3,3,0,1,49,190
5,3,0,0,0,1,175,191
5,2,3,3,0,1,26,192
5,3,2,3,1,1,102,193
5,1,99999,99999,1,1,75,194
5,3,1,1,1,1,30,195
5,1,99999,99999,0,0,126,196
5,1,99999,99999,0,1,188,197
5,1,99999,99999,0,1,43,198
5,3,1,0,0,0,155,199
5,4,3,3,0,0,1,200
6,1,99999,99999,0,1,64,1
6,2,3,3,0,1,8,2
6,2,3,3,0,0,52,3
6,1,99999,99999,1,1,57,4
6,3,0,0,1,1,114,5
6,4,3,3,1,1,43,6
6,4,2,2,0,1,83,7
6,4,3,3,1,1,69,8
6,1,99999,99999,0,0,40,9
6,4,3,3,0,1,45,10
6,2,3,3,0,0,145,11
6,4,3,3,0,0,59,12
6,3,0,1,1,1,89,13
6,1,99999,99999,0,1,21,14
6,4,3,3,1,1,138,15
6,3,0,1,1,1,127,16
6,3,0,2,0,1,189,17
6,3,1,2,0,0,109,18
6,2,NaN,NaN,0,1,11,19
6,1,99999,99999,0,1,173,20
6,2,3,3,0,0,198,21
6,1,99999,99999,0,1,113,22
6,2,3,3,0,0,9,23
6,3,0,0,0,0,172,24
6,3,1,2,0,1,111,25
6,4,2,3,0,0,169,26
6,1,99999,99999,0,1,105,27
6,2,3,3,0,1,87,28
6,4,3,3,1,1,81,29
6,4,2,3,1,1,30,30
6,2,3,3,0,1,134,31
6,2,3,3,0,1,36,32
6,3,3,3,1,1,97,33
6,3,0,0,1,1,31,34
6,2,NaN,NaN,0,1,93,35
6,2,3,3,0,1,163,36
6,2,3,NaN,0,1,147,37
6,4,3,3,0,0,159,38
6,2,3,NaN,1,1,186,39
6,2,3,3,1,1,192,40
6,2,3,3,0,1,39,41
6,3,1,2,1,1,90,42
6,4,3,3,0,1,26,43
6,3,1,2,0,0,107,44
6,4,2,3,0,1,94,45
6,4,3,3,0,1,66,46
6,2,3,3,0,1,49,47
6,2,3,3,0,0,1,48
6,1,99999,99999,1,1,74,49
6,1,99999,99999,0,1,174,50
6,4,3,3,1,1,79,51
6,4,3,3,1,1,119,52
6,4,2,2,0,1,6,53
6,3,1,2,0,0,80,54
6,2,NaN,NaN,0,1,78,55
6,4,2,3,1,1,17,56
6,3,3,2,0,1,140,57
6,4,2,3,0,0,76,58
6,3,1,2,1,1,18,59
6,1,99999,99999,0,0,110,60
6,1,99999,99999,1,1,167,61
6,3,2,2,0,0,58,62
6,1,99999,99999,0,1,60,63
6,4,3,3,0,1,41,64
6,1,99999,99999,0,1,70,65
6,4,2,3,1,1,101,66
6,1,99999,99999,0,0,92,67
6,3,2,2,0,1,35,68
6,2,3,3,0,1,116,69
6,2,3,3,1,1,181,70
6,4,3,3,0,0,197,71
6,2,3,3,1,1,133,72
6,3,1,2,0,1,129,73
6,1,99999,99999,1,1,170,74
6,3,3,3,1,1,151,75
6,2,3,NaN,0,1,146,76
6,1,99999,99999,0,1,142,77
6,2,3,NaN,1,1,23,78
6,1,99999,99999,0,1,182,79
6,3,1,2,0,1,96,80
6,3,1,1,0,0,120,81
6,4,3,3,1,1,128,82
6,3,0,0,0,1,184,83
6,2,3,3,1,1,124,84
6,4,3,3,1,0,46,85
6,2,3,3,0,1,168,86
6,3,0,1,0,1,28,87
6,1,99999,99999,0,0,62,88
6,3,0,2,1,1,175,89
6,1,99999,99999,1,1,188,90
6,4,3,3,1,1,102,91
6,3,1,2,1,1,14,92
6,3,1,2,0,1,63,93
6,3,2,2,0,1,75,94
6,3,2,2,0,1,24,95
6,2,NaN,3,0,1,99,96
6,1,99999,99999,1,1,67,97
6,4,3,3,0,1,162,98
6,4,3,3,1,1,179,99
6,1,99999,99999,0,1,104,100
6,2,3,3,1,1,177,101
6,4,3,3,0,0,42,102
6,1,99999,99999,0,1,135,103
6,2,3,3,0,1,117,104
6,3,1,2,0,0,185,105
6,1,99999,99999,1,1,22,106
6,1,99999,99999,1,0,44,107
6,1,99999,99999,1,1,68,108
6,3,1,0,1,1,187,109
6,4,3,3,0,1,88,110
6,3,0,1,0,0,190,111
6,2,3,3,1,1,199,112
6,1,99999,99999,0,0,171,113
6,4,3,3,0,1,200,114
6,3,0,0,0,1,130,115
6,2,3,3,1,1,2,116
6,1,99999,99999,0,1,118,117
6,1,99999,99999,0,0,32,118
6,4,3,3,1,1,71,119
6,4,3,3,1,1,176,120
6,2,3,3,0,0,183,121
6,3,2,2,1,1,77,122
6,1,99999,99999,1,1,123,123
6,4,3,3,0,1,86,124
6,2,3,3,0,0,180,125
6,1,99999,99999,1,1,125,126
6,2,3,3,0,1,103,127
6,1,99999,99999,0,1,191,128
6,1,99999,99999,0,0,137,129
6,2,3,3,0,0,152,130
6,2,3,3,0,1,50,131
6,3,1,0,0,1,56,132
6,3,1,2,0,1,178,133
6,3,1,2,0,0,61,134
6,4,2,2,0,1,132,135
6,3,2,2,0,1,150,136
6,1,99999,99999,1,1,148,137
6,3,1,2,1,1,112,138
6,4,1,3,1,1,149,139
6,4,3,3,1,1,27,140
6,3,0,2,1,1,131,141
6,4,3,3,0,1,141,142
6,1,99999,99999,1,1,5,143
6,2,3,3,1,1,37,144
6,4,3,3,1,1,121,145
6,2,3,3,0,1,72,146
6,3,0,0,1,1,48,147
6,3,3,3,1,0,12,148
6,2,3,3,0,1,73,149
6,2,NaN,3,1,1,84,150
6,1,99999,99999,1,0,20,151
6,4,3,3,1,1,29,152
6,4,3,3,0,1,95,153
6,3,2,2,0,1,136,154
6,1,99999,99999,0,1,194,155
6,1,99999,99999,1,1,16,156
6,4,3,3,1,1,98,157
6,2,3,3,0,1,115,158
6,2,3,3,1,1,156,159
6,4,3,3,1,1,100,160
6,2,3,NaN,1,1,144,161
6,1,99999,99999,1,1,195,162
6,2,3,3,1,1,10,163
6,3,2,1,0,0,7,164
6,2,3,3,0,1,91,165
6,1,99999,99999,0,1,55,166
6,3,0,1,0,1,155,167
6,2,3,3,1,1,164,168
6,2,3,3,0,1,193,169
6,4,3,3,0,1,47,170
6,1,99999,99999,0,1,108,171
6,3,1,0,0,0,153,172
6,1,99999,99999,0,1,38,173
6,4,3,3,0,1,143,174
6,4,3,3,1,1,3,175
6,1,99999,99999,0,0,53,176
6,1,99999,99999,1,1,165,177
6,1,99999,99999,1,1,196,178
6,4,3,3,1,1,160,179
6,2,3,3,0,1,34,180
6,1,99999,99999,0,1,51,181
6,3,3,0,1,1,82,182
6,3,1,1,0,1,85,183
6,3,0,2,0,1,158,184
6,4,3,3,1,1,25,185
6,4,3,3,1,1,54,186
6,3,2,2,1,1,19,187
6,1,99999,99999,0,1,166,188
6,2,3,3,1,1,33,189
6,4,2,3,1,1,65,190
6,3,1,2,1,1,161,191
6,2,3,NaN,0,1,106,192
6,2,3,3,1,1,122,193
6,1,99999,99999,0,1,154,194
6,4,3,3,1,1,157,195
6,1,99999,99999,1,1,15,196
6,4,3,3,1,1,126,197
6,1,99999,99999,0,1,4,198
6,1,99999,99999,0,1,139,199
6,3,2,2,0,1,13,200
